0 0 0
1 -0.0607322 0.158854
2 0.0764882 0.207636
3 0.190818 0.234123
4 0.65139 0.171774
5 0.239786 0.145592
6 0.192097 0.179407
7 0.615966 0.152472
8 0.244934 0.18945
9 0.025094 0.141953
10 0.694355 0.14437
11 0.352532 0.171976
12 0.264676 0.19984
13 0.0283533 0.141288
14 0.423433 0.141857
15 0.234105 0.165172
16 0.219433 0.179736
17 0.377749 0.158663
18 0.438159 0.087617
19 0.424381 0.137204
20 0.39269 0.167295
21 0.526834 0.174127
22 0.24432 0.184374
23 0.50325 0.143136
24 0.204435 0.134133
25 0.284792 0.144998
26 0.290116 0.156569
27 0.35025 0.117794
28 0.340492 0.109188
29 0.485102 0.0983192
30 0.323232 0.137891
31 0.454373 0.124306
32 0.656462 0.167639
33 0.309189 0.133317
34 0.215249 0.131533
35 0.423709 0.17576
36 0.312289 0.14554
37 0.0854817 0.118394
38 0.384131 0.119282
39 0.136004 0.138705
40 0.243494 0.103126
41 0.348144 0.0971246
42 0.425576 0.147744
43 0.468848 0.101586
44 0.603207 0.124582
45 0.302595 0.116317
46 0.241166 0.145967
47 0.0203205 0.111432
48 0.285808 0.120961
49 0.38576 0.0889958
50 0.442642 0.13526
51 -0.0277851 0.135001
52 0.0579102 0.122422
53 0.438303 0.137518
54 0.376889 0.135049
55 0.313874 0.131415
56 0.325524 0.109575
57 0.38249 0.0942498
58 0.27017 0.127978
59 0.314391 0.104231
60 0.535431 0.132947
61 0.4355 0.149553
62 0.508075 0.127112
63 0.394073 0.139768
64 0.293449 0.121753
65 0.407918 0.103451
66 0.186949 0.116112
67 0.183426 0.104986
68 0.295683 0.112944
69 0.43604 0.0956462
70 0.289866 0.11644
71 0.327107 0.0888305
72 0.356525 0.116338
73 0.296189 0.117898
74 0.114934 0.0923437
75 0.20152 0.11376
76 0.372058 0.0930196
77 0.215948 0.109098
78 0.328962 0.0988192
79 0.333545 0.104082
80 0.263126 0.110745
81 0.350575 0.0906863
82 0.49538 0.0560521
83 -0.0255205 0.119578
84 0.384861 0.0992706
85 0.335451 0.0771814
86 0.389864 0.12509
87 0.566899 0.0902439
88 0.359047 0.120269
89 0.334556 0.127598
90 0.310655 0.107161
91 0.299262 0.105935
92 0.341684 0.114924
93 0.303893 0.0927706
94 0.419792 0.0958097
95 0.27217 0.0745686
96 0.272524 0.0842441
97 0.252157 0.0845723
98 0.467426 0.0965145
99 0.162665 0.0966364
100 0.479289 0.0950791
101 0.470568 0.105458
102 0.0303034 0.123359
103 0.395208 0.0890318
104 0.295165 0.108408
105 0.378608 0.120869
106 0.250029 0.102771
107 0.298273 0.125546
108 0.339199 0.0874029
109 0.361639 0.12039
110 0.222494 0.120737
111 0.116193 0.144429
112 0.221697 0.083813
113 0.311871 0.134325
114 0.455378 0.0821363
115 0.37627 0.0833986
116 0.465142 0.116001
117 0.47283 0.0955721
118 0.198934 0.0742722
119 0.373638 0.131127
120 0.463821 0.0933811
121 0.18945 0.113303
122 0.333068 0.131354
123 0.235758 0.109352
124 0.401998 0.0903096
125 0.440472 0.102788
126 0.583039 0.0629425
127 0.217232 0.0741481
128 0.388004 0.0804596
129 0.453111 0.134557
130 0.351098 0.0933903
131 0.280396 0.0833121
132 0.559799 0.0799354
133 0.370209 0.132965
134 0.441986 0.108522
135 0.334123 0.118267
136 0.393198 0.130197
137 0.199597 0.0936522
138 0.281009 0.104058
139 0.427099 0.0891965
140 0.426961 0.0982083
141 0.325632 0.139334
142 0.392857 0.111198
143 0.398423 0.125273
144 0.183986 0.0793505
145 0.377902 0.0982039
146 0.273825 0.113298
147 0.22632 0.100025
148 0.27728 0.100475
149 0.335273 0.0720035
150 0.291888 0.0722339
151 0.203495 0.093777
152 0.37027 0.098024
153 0.420334 0.0905943
154 0.250186 0.0864616
155 0.209364 0.0952967
156 0.406733 0.100814
157 0.228183 0.132873
158 0.358829 0.106746
159 0.364631 0.100428
160 0.419781 0.0885895
161 0.283447 0.0894884
162 0.272699 0.118842
163 0.353475 0.0902205
164 0.268549 0.129813
165 0.346155 0.116588
166 0.309457 0.0978631
167 0.141811 0.100646
168 0.40822 0.102098
169 0.277017 0.0912934
170 0.346266 0.0891043
171 0.153798 0.121845
172 0.487958 0.104592
173 0.394188 0.0969633
174 0.244822 0.0753932
175 0.278745 0.103111
176 0.210559 0.114284
177 0.250287 0.116156
178 0.338957 0.116207
179 0.398744 0.13049
180 0.458927 0.115527
181 0.421467 0.0966961
182 0.304035 0.142382
183 0.386731 0.0901019
184 0.319119 0.0897901
185 0.451021 0.115681
186 0.404094 0.105614
187 0.181713 0.12477
188 0.222181 0.103797
189 0.16378 0.111706
190 0.217632 0.104012
191 0.309134 0.126903
192 0.303773 0.0808218
193 0.37923 0.101638
194 0.277513 0.107813
195 0.276119 0.0927961
196 0.205323 0.143171
197 0.37 0.146753
198 0.399422 0.102453
199 0.311059 0.0962575
200 0.276732 0.0934835
201 0.25285 0.0960039
202 0.102972 0.127909
203 0.514572 0.0931082
204 0.295492 0.0923275
205 0.407439 0.0848935
206 0.19005 0.0784307
207 0.511139 0.0831372
208 0.258473 0.103112
209 0.394912 0.13286
210 0.16671 0.102039
211 0.459447 0.0597087
212 0.373509 0.102237
213 0.331058 0.112016
214 0.23622 0.135418
215 0.324203 0.0830398
216 0.45604 0.0856829
217 0.589819 0.119596
218 0.35053 0.129729
219 0.12444 0.132792
220 0.169021 0.124596
221 0.279542 0.107729
222 0.225715 0.112181
223 0.338385 0.104165
224 0.492378 0.071564
225 0.206297 0.132573
226 0.221239 0.146314
227 0.413156 0.13183
228 0.329335 0.0966898
229 0.259186 0.102361
230 0.355825 0.0856054
231 0.149872 0.121021
232 0.376051 0.110799
233 0.0686789 0.0890145
234 0.394868 0.0934272
235 0.254317 0.0930195
236 0.346239 0.098408
237 0.228832 0.128609
238 0.251257 0.142041
239 0.251358 0.123199
240 0.439054 0.145608
241 0.353385 0.128854
242 0.282432 0.0954259
243 0.144879 0.128329
244 0.32081 0.0846266
245 0.141751 0.088699
246 0.486231 0.150437
247 0.287636 0.11629
248 0.498649 0.0995569
249 0.285794 0.100563
250 0.363789 0.10267
251 0.19949 0.122321
252 0.281233 0.131127
253 0.51927 0.116413
254 0.318466 0.166348
255 0.112995 0.11973
256 0.34873 0.139013
257 0.372523 0.12287
258 0.401209 0.0848794
259 0.419312 0.127916
260 0.441915 0.114024
261 0.530796 0.126918
262 0.349986 0.0963593
263 0.173608 0.137751
264 0.530575 0.121942
265 0.197925 0.131733
266 0.504073 0.153227
267 0.248474 0.176358
268 0.29991 0.150255
269 0.242966 0.119275
270 0.530355 0.121761
271 0.208087 0.125845
272 0.332109 0.132244
273 0.229353 0.131263
274 0.37334 0.137798
275 0.0843925 0.179392
276 0.511036 0.171952
277 0.488773 0.109227
278 0.252378 0.169376
279 0.213846 0.183595
280 0.507325 0.171996
281 0.465547 0.153468
282 0.469204 0.153563
283 -0.00467268 0.136424
284 0.367644 0.123559
285 0.437418 0.144966
286 0.6081 0.147617
287 0.447917 0.155857
288 0.681449 0.157701
289 0.239998 0.126938
290 0.324097 0.182274
291 0.243626 0.199406
292 0.452492 0.212913
293 0.298211 0.132878
294 -0.0718058 0.131692
295 -0.0122107 0.111074
296 0.256586 0.199465
297 0.0201734 0.169305
298 0.212766 0.170156
299 0 0
