-6.3635
-6.35912
-6.35138
-6.33988
-6.32302
-6.29966
-6.27013
-6.23374
-6.19036
-6.13844
-6.0768
-6.0053
-5.92746
-5.84384
-5.75579
-5.6716
-5.5936
-5.52804
-5.47554
-5.43917
-5.41786
-5.41146
-5.41561
-5.42799
-5.44526
-5.464
-5.48344
-5.50142
-5.51696
-5.5304
-5.54112
-5.55131
-5.55962
-5.56695
-5.57266
-5.5779
-5.58164
-5.5832
-5.58375
-5.58336
-5.58185
-5.58203
-5.58294
-5.58539
-5.58869
-5.59399
-5.5994
-5.60479
-5.6082
-5.61231
-5.6135
-5.61439
-5.61421
-5.61287
-5.61122
-5.61108
-5.61126
-5.61209
-5.61438
-5.61678
-5.61995
-5.62312
-5.62585
-5.62827
-5.62955
-5.62835
-5.62534
-5.6213
-5.61586
-5.61088
-5.60657
-5.60497
-5.60362
-5.60187
-5.59904
-5.59379
-5.58736
-5.57993
-5.57469
-5.57139
-5.56948
-5.57156
-5.5775
-5.58713
-5.59927
-5.61328
-5.62638
-5.63999
-5.65341
-5.66457
-5.67381
-5.6808
-5.68508
-5.68667
-5.68536
-5.68171
-5.67578
-5.66831
-5.65789
-5.64566
-5.63226
-5.61844
-5.60295
-5.58761
-5.57319
-5.55944
-5.54796
-5.53901
-5.53296
-5.52901
-5.52761
-5.52824
-5.53041
-5.53461
-5.54099
-5.54936
-5.5613
-5.57456
-5.58962
-5.60642
-5.62401
-5.64053
-5.65425
-5.66593
-5.67314
-5.67703
-5.67699
-5.67259
-5.66386
-5.65303
-5.64034
-5.6261
-5.61204
-5.59792
-5.58476
-5.57257
-5.56144
-5.55367
-5.54912
-5.5481
-5.55082
-5.55746
-5.56817
-5.58254
-5.59785
-5.61434
-5.6315
-5.6462
-5.65758
-5.66554
-5.66981
-5.6711
-5.66916
-5.66497
-5.65737
-5.64789
-5.63711
-5.62523
-5.61352
-5.60104
-5.58852
-5.57732
-5.56664
-5.55846
-5.5534
-5.55209
-5.55486
-5.56004
-5.56742
-5.57629
-5.58372
-5.59021
-5.59484
-5.59579
-5.59386
-5.58917
-5.58145
-5.57117
-5.55936
-5.5463
-5.53577
-5.52594
-5.52085
-5.52009
-5.52443
-5.53396
-5.54683
-5.56162
-5.57582
-5.59127
-5.60286
-5.61137
-5.61619
-5.61755
-5.61594
-5.61032
-5.60258
-5.59308
-5.58402
-5.57529
-5.5684
-5.56329
-5.56102
-5.56101
-5.56321
-5.56756
-5.57325
-5.57985
-5.58683
-5.59245
-5.59683
-5.59925
-5.5996
-5.59739
-5.59343
-5.58744
-5.57929
-5.57091
-5.56316
-5.55642
-5.55175
-5.54951
-5.55065
-5.55118
-5.5538
-5.55675
-5.55901
-5.562
-5.56368
-5.56483
-5.56611
-5.56634
-5.56751
-5.56833
-5.56807
-5.56748
-5.5658
-5.56367
-5.56113
-5.55777
-5.55352
-5.54979
-5.54735
-5.54744
-5.55081
-5.55686
-5.56566
-5.57628
-5.58752
-5.59962
-5.6109
-5.62119
-5.62952
-5.63548
-5.63801
-5.63741
-5.63409
-5.6276
-5.61992
-5.61099
-5.60037
-5.58977
-5.58039
-5.57035
-5.56263
-5.55554
-5.55036
-5.54727
-5.54499
-5.54285
-5.54192
-5.5418
-5.54196
-5.54256
-5.54343
-5.54534
-5.54645
-5.54903
-5.55183
-5.55615
-5.55898
-5.56176
-5.56301
-5.56129
-5.5592
-5.55751
-5.55361
-5.5499
-5.54825
-5.548
-5.54795
-5.54798
-5.54824
-5.54899
-5.54792
-5.54626
-5.54498
-5.54492
-5.54407
-5.54464
-5.5461
-5.54818
-5.5502
-5.55217
-5.55241
-5.55148
-5.54849
-5.54675
-5.54534
-5.54469
-5.54305
-5.54027
-5.53725
-5.53306
-5.5287
-5.52502
-5.52208
-5.51977
-5.51779
-5.51755
-5.51693
-5.51884
-5.52191
-5.52728
-5.53348
-5.53972
-5.54588
-5.55122
-5.55424
-5.55611
-5.55687
-5.55517
-5.5511
-5.5465
-5.54005
-5.53215
-5.52358
-5.51499
-5.50853
-5.50267
-5.49948
-5.49817
-5.49781
-5.49976
-5.50292
-5.50724
-5.51371
-5.52185
-5.52926
-5.53696
-5.54518
-5.55167
-5.55789
-5.56468
-5.56854
-5.57116
-5.57179
-5.57019
-5.56535
-5.55786
-5.5475
-5.53446
-5.52047
-5.50618
-5.49351
-5.48367
-5.4773
-5.47492
-5.47656
-5.48325
-5.4928
-5.5039
-5.51659
-5.52939
-5.54256
-5.55339
-5.56309
-5.56921
-5.57222
-5.5721
-5.57129
-5.56848
-5.56328
-5.55764
-5.55232
-5.54624
-5.54156
-5.53763
-5.53718
-5.53725
-5.53891
-5.54187
-5.54645
-5.55327
-5.56135
-5.56898
-5.57731
-5.58394
-5.58861
-5.59132
-5.59283
-5.59173
-5.59071
-5.58804
-5.5855
-5.58169
-5.57829
-5.57442
-5.57124
-5.56689
-5.56294
-5.55793
-5.55404
-5.55015
-5.54563
-5.54302
-5.54077
-5.54023
-5.54076
-5.54269
-5.54445
-5.54675
-5.55026
-5.55137
-5.55366
-5.55635
-5.55771
-5.55921
-5.56067
-5.56183
-5.56208
-5.56227
-5.56314
-5.5645
-5.56717
-5.5694
-5.57325
-5.57764
-5.58166
-5.58552
-5.5874
-5.58896
-5.58801
-5.58556
-5.58051
-5.57325
-5.56487
-5.55614
-5.54674
-5.53935
-5.53331
-5.53133
-5.53199
-5.5353
-5.54013
-5.54683
-5.55666
-5.5659
-5.57592
-5.58511
-5.59414
-5.60325
-5.61045
-5.61743
-5.62188
-5.62457
-5.62645
-5.62672
-5.625
-5.62091
-5.61692
-5.61213
-5.60646
-5.59985
-5.59253
-5.58549
-5.57799
-5.57135
-5.56602
-5.56102
-5.55748
-5.55603
-5.55538
-5.555
-5.55555
-5.55622
-5.55664
-5.55676
-5.55711
-5.55786
-5.55939
-5.56059
-5.56303
-5.5667
-5.57026
-5.57509
-5.58043
-5.58587
-5.59081
-5.59606
-5.59886
-5.5999
-5.60016
-5.59914
-5.59719
-5.59374
-5.58822
-5.58231
-5.57464
-5.56689
-5.55823
-5.54725
-5.53571
-5.52312
-5.51073
-5.499
-5.48996
-5.48305
-5.47871
-5.47644
-5.47717
-5.47796
-5.48085
-5.48324
-5.4864
-5.49067
-5.49668
-5.50324
-5.51096
-5.52014
-5.53086
-5.54311
-5.55621
-5.57007
-5.58402
-5.59716
-5.60844
-5.61918
-5.62734
-5.63231
-5.63477
-5.63464
-5.63178
-5.62638
-5.61742
-5.60866
-5.59902
-5.59048
-5.58434
-5.57826
-5.57416
-5.57177
-5.57164
-5.5728
-5.57398
-5.57506
-5.57702
-5.5782
-5.57945
-5.57972
-5.57967
-5.57776
-5.57383
-5.56699
-5.55913
-5.55022
-5.54115
-5.5324
-5.52583
-5.52213
-5.52224
-5.52506
-5.53066
-5.53819
-5.54579
-5.55457
-5.56234
-5.56813
-5.57395
-5.5776
-5.5782
-5.57812
-5.57656
-5.57307
-5.56859
-5.56509
-5.56148
-5.55876
-5.5566
-5.55449
-5.55343
-5.55259
-5.55101
-5.54953
-5.54779
-5.54716
-5.54759
-5.55006
-5.55493
-5.56334
-5.5714
-5.57986
-5.587
-5.59381
-5.59671
-5.59579
-5.59232
-5.58611
-5.57863
-5.57083
-5.56395
-5.55878
-5.5536
-5.55091
-5.54985
-5.55145
-5.55494
-5.56005
-5.56685
-5.57461
-5.58189
-5.5885
-5.59402
-5.59841
-5.60245
-5.60407
-5.60576
-5.60764
-5.60905
-5.61165
-5.61399
-5.61643
-5.61909
-5.62277
-5.62707
-5.6292
-5.63116
-5.63153
-5.63074
-5.62708
-5.62218
-5.61453
-5.6062
-5.59521
-5.58196
-5.56893
-5.55606
-5.54442
-5.53524
-5.52867
-5.52482
-5.52423
-5.5266
-5.53044
-5.5363
-5.54139
-5.54745
-5.55167
-5.55378
-5.55356
-5.55093
-5.54644
-5.54026
-5.53177
-5.52241
-5.51263
-5.50399
-5.4986
-5.49261
-5.4883
-5.48618
-5.48482
-5.48453
-5.48333
-5.48166
-5.47965
-5.47747
-5.47719
-5.47867
-5.48101
-5.486
-5.49219
-5.50114
-5.51054
-5.52007
-5.52861
-5.53503
-5.54
-5.54097
-5.53954
-5.5347
-5.52917
-5.52143
-5.51379
-5.50657
-5.50013
-5.4961
-5.49328
-5.49184
-5.49404
-5.4976
-5.50435
-5.51187
-5.5206
-5.5303
-5.54012
-5.54778
-5.55451
-5.55887
-5.56113
-5.56227
-5.56045
-5.55843
-5.55553
-5.55175
-5.54782
-5.5445
-5.53993
-5.53567
-5.53074
-5.52563
-5.51895
-5.51263
-5.50787
-5.5061
-5.50515
-5.50833
-5.51334
-5.52157
-5.53253
-5.54364
-5.555
-5.56561
-5.57427
-5.57952
-5.58184
-5.58048
-5.57512
-5.56621
-5.55242
-5.53695
-5.51926
-5.50034
-5.48112
-5.462
-5.44611
-5.43474
-5.42667
-5.42451
-5.42806
-5.43704
-5.45081
-5.46833
-5.48806
-5.50704
-5.52248
-5.53717
-5.54741
-5.55469
-5.55772
-5.55825
-5.55579
-5.55112
-5.54576
-5.53963
-5.5344
-5.53077
-5.52819
-5.52711
-5.53001
-5.53421
-5.54179
-5.55077
-5.56155
-5.57247
-5.58452
-5.59515
-5.6061
-5.61291
-5.61644
-5.61723
-5.6149
-5.6102
-5.60388
-5.5977
-5.59097
-5.58537
-5.58189
-5.5795
-5.5784
-5.57969
-5.58039
-5.58067
-5.5809
-5.58083
-5.58174
-5.58264
-5.58347
-5.58336
-5.58251
-5.57986
-5.57527
-5.57012
-5.56451
-5.56025
-5.55673
-5.55483
-5.55466
-5.55789
-5.56297
-5.57101
-5.58061
-5.59081
-5.60138
-5.61049
-5.61756
-5.62254
-5.62469
-5.62423
-5.61959
-5.61162
-5.60117
-5.5885
-5.57455
-5.56099
-5.54768
-5.53566
-5.52661
-5.51955
-5.51552
-5.51312
-5.51211
-5.51092
-5.50997
-5.50853
-5.50615
-5.50359
-5.50146
-5.4995
-5.49719
-5.4966
-5.49583
-5.49495
-5.49455
-5.493
-5.49006
-5.48817
-5.48539
-5.48307
-5.4807
-5.47941
-5.47932
-5.4803
-5.48241
-5.48639
-5.49082
-5.4966
-5.50184
-5.50872
-5.51531
-5.52076
-5.52519
-5.52645
-5.52541
-5.52278
-5.51732
-5.51126
-5.50708
-5.50483
-5.50477
-5.50751
-5.51362
-5.52077
-5.53
-5.53887
-5.54747
-5.55427
-5.55975
-5.56295
-5.56309
-5.56034
-5.5536
-5.5443
-5.53105
-5.51643
-5.50077
-5.48406
-5.46752
-5.45153
-5.43873
-5.42848
-5.42058
-5.41495
-5.41158
-5.40933
-5.40904
-5.40975
-5.41162
-5.41448
-5.41793
-5.42295
-5.42938
-5.43698
-5.44619
-5.45546
-5.46472
-5.47379
-5.48142
-5.48803
-5.49315
-5.49772
-5.50213
-5.50615
-5.50992
-5.51314
-5.51628
-5.51784
-5.51981
-5.52072
-5.52227
-5.52199
-5.52184
-5.52312
-5.52392
-5.52509
-5.52476
-5.52338
-5.52115
-5.51685
-5.51142
-5.50496
-5.49921
-5.49363
-5.49045
-5.48774
-5.48746
-5.4885
-5.4917
-5.49597
-5.50186
-5.50807
-5.51368
-5.5199
-5.52471
-5.52978
-5.53472
-5.53843
-5.54184
-5.54498
-5.54721
-5.5484
-5.54774
-5.54626
-5.54349
-5.53891
-5.53236
-5.52419
-5.51484
-5.50526
-5.49585
-5.48817
-5.48045
-5.47577
-5.4718
-5.46882
-5.46495
-5.46305
-5.46046
-5.45703
-5.45186
-5.44801
-5.44469
-5.44344
-5.44446
-5.44753
-5.45303
-5.45678
-5.45863
-5.45876
-5.45622
-5.45149
-5.44709
-5.44392
-5.4424
-5.44684
-5.45576
-5.46773
-5.48156
-5.49554
-5.50864
-5.52095
-5.53182
-5.54007
-5.54791
-5.55225
-5.55451
-5.55257
-5.54808
-5.54239
-5.53409
-5.51663
-5.49236
-5.46047
-5.4237
-5.38496
-5.34593
-5.30756
-5.27222
-5.24175
-5.21533
-5.19529
-5.18084
-5.17183
-5.16662
-5.16649
-5.16899
-5.17266
-5.17488
-5.17406
-5.16782
-5.15752
-5.14389
-5.13153
-5.12147
-5.11512
-5.1149
-5.11964
-5.12763
-5.13618
-5.14351
-5.1493
-5.15223
-5.15118
-5.14507
-5.13733
-5.12559
-5.11154
-5.09813
-5.08696
-5.08206
-5.08652
-5.1016
-5.12652
-5.15727
-5.19068
-5.22318
-5.25217
-5.27537
-5.29239
-5.30452
-5.30973
-5.31135
-5.30915
-5.30536
-5.3035
-5.30005
-5.29951
-5.30109
-5.30373
-5.30676
-5.31233
-5.3186
-5.32626
-5.33346
-5.33917
-5.34438
-5.34695
-5.34881
-5.34782
-5.34384
-5.33632
-5.32456
-5.31147
-5.29774
-5.28548
-5.27669
-5.27017
-5.26473
-5.25748
-5.24955
-5.24089
-5.23558
-5.23425
-5.23944
-5.25103
-5.26829
-5.28842
-5.31027
-5.33138
-5.3492
-5.36438
-5.3727
-5.37842
-5.37663
-5.37117
-5.36274
-5.35228
-5.34061
-5.32645
-5.31126
-5.29358
-5.27668
-5.25977
-5.24291
-5.23041
-5.22105
-5.21372
-5.20875
-5.20696
-5.20905
-5.21028
-5.21308
-5.21644
-5.21971
-5.22508
-5.23271
-5.24315
-5.25555
-5.27042
-5.28407
-5.2972
-5.30889
-5.31582
-5.32038
-5.32013
-5.31537
-5.30718
-5.29552
-5.28366
-5.27003
-5.25471
-5.23885
-5.2254
-5.2121
-5.20163
-5.19437
-5.19049
-5.19031
-5.19416
-5.20067
-5.21167
-5.22301
-5.23388
-5.24226
-5.24706
-5.24502
-5.23769
-5.22571
-5.21103
-5.19618
-5.18318
-5.17613
-5.17546
-5.18157
-5.19205
-5.20614
-5.22068
-5.23561
-5.25083
-5.26383
-5.2763
-5.28501
-5.2885
-5.28508
-5.27437
-5.25799
-5.23811
-5.21767
-5.19836
-5.18518
-5.17743
-5.17579
-5.17748
-5.18166
-5.18715
-5.19077
-5.1947
-5.19709
-5.19726
-5.1966
-5.19502
-5.1948
-5.19433
-5.19405
-5.19339
-5.1938
-5.19494
-5.19751
-5.20225
-5.20908
-5.21969
-5.23283
-5.2488
-5.26811
-5.28728
-5.30502
-5.31628
-5.32312
-5.32433
-5.32146
-5.3148
-5.30544
-5.29556
-5.28537
-5.27655
-5.27001
-5.26778
-5.26742
-5.27039
-5.27364
-5.27661
-5.27737
-5.27612
-5.27415
-5.27215
-5.27023
-5.27003
-5.27205
-5.27565
-5.28125
-5.28259
-5.28169
-5.27716
-5.26937
-5.26015
-5.2502
-5.23909
-5.23128
-5.22478
-5.22268
-5.22381
-5.22951
-5.23963
-5.25483
-5.27606
-5.29944
-5.32433
-5.34691
-5.36496
-5.37784
-5.38207
-5.37945
-5.37026
-5.35521
-5.33712
-5.31672
-5.29614
-5.27495
-5.25346
-5.2334
-5.21462
-5.19522
-5.1778
-5.16552
-5.15675
-5.155
-5.16086
-5.17619
-5.19956
-5.23098
-5.26641
-5.30093
-5.33166
-5.35335
-5.36388
-5.3655
-5.35739
-5.34406
-5.32927
-5.31629
-5.30779
-5.30372
-5.30487
-5.30789
-5.31349
-5.31786
-5.32209
-5.32429
-5.32487
-5.32449
-5.32263
-5.32047
-5.31673
-5.31091
-5.30447
-5.29629
-5.2852
-5.27113
-5.25666
-5.24373
-5.23371
-5.22886
-5.22839
-5.23079
-5.23315
-5.23603
-5.23829
-5.23949
-5.23873
-5.23843
-5.24089
-5.24119
-5.24355
-5.24712
-5.25138
-5.2542
-5.25617
-5.25521
-5.25053
-5.24738
-5.24537
-5.24712
-5.25268
-5.2614
-5.26747
-5.27214
-5.27411
-5.27321
-5.27045
-5.26804
-5.26573
-5.26296
-5.26171
-5.26042
-5.25799
-5.25522
-5.25168
-5.24736
-5.24206
-5.2373
-5.23235
-5.22658
-5.22044
-5.21572
-5.20974
-5.20385
-5.19681
-5.18856
-5.17898
-5.16855
-5.15868
-5.15077
-5.1455
-5.14211
-5.1408
-5.14186
-5.14498
-5.15143
-5.16086
-5.17417
-5.18815
-5.20338
-5.21572
-5.22513
-5.23103
-5.23321
-5.23117
-5.22361
-5.21286
-5.19996
-5.1861
-5.17538
-5.1705
-5.17283
-5.1829
-5.19961
-5.22049
-5.24506
-5.26952
-5.29189
-5.3091
-5.32084
-5.32442
-5.32132
-5.31154
-5.29598
-5.27523
-5.25212
-5.22647
-5.20258
-5.18084
-5.16476
-5.15893
-5.16118
-5.1735
-5.18995
-5.20879
-5.22558
-5.2392
-5.25011
-5.25407
-5.25634
-5.25467
-5.25072
-5.24394
-5.23765
-5.23007
-5.22216
-5.21615
-5.21179
-5.20831
-5.20295
-5.19465
-5.1819
-5.16469
-5.14162
-5.11344
-5.08315
-5.05154
-5.02536
-5.00827
-5.00528
-5.01791
-5.04502
-5.07688
-5.10919
-5.13657
-5.15767
-5.1723
-5.17911
-5.17958
-5.17457
-5.16602
-5.15202
-5.13713
-5.12253
-5.1093
-5.09871
-5.09126
-5.08485
-5.08107
-5.07897
-5.0801
-5.08538
-5.09391
-5.10604
-5.11859
-5.13102
-5.14403
-5.15512
-5.16513
-5.17598
-5.18747
-5.19891
-5.21074
-5.22412
-5.23534
-5.24669
-5.25612
-5.2639
-5.26853
-5.27119
-5.27056
-5.26779
-5.26202
-5.25637
-5.24995
-5.24385
-5.2384
-5.23398
-5.23227
-5.23106
-5.22847
-5.22443
-5.21776
-5.20546
-5.18873
-5.16905
-5.14374
-5.11846
-5.09251
-5.07205
-5.05967
-5.05568
-5.05948
-5.0683
-5.08153
-5.09616
-5.11113
-5.12642
-5.14042
-5.15368
-5.16576
-5.17741
-5.18359
-5.18826
-5.18892
-5.18726
-5.18347
-5.17826
-5.17343
-5.1714
-5.17209
-5.1769
-5.18379
-5.19318
-5.20293
-5.21116
-5.2178
-5.22282
-5.22913
-5.23375
-5.24034
-5.24953
-5.25915
-5.26895
-5.27799
-5.28275
-5.28178
-5.27627
-5.26683
-5.2554
-5.24444
-5.23396
-5.22396
-5.21441
-5.20302
-5.1907
-5.17711
-5.16284
-5.14897
-5.13779
-5.12859
-5.12319
-5.12159
-5.12562
-5.13273
-5.14444
-5.15892
-5.1745
-5.19136
-5.20707
-5.22162
-5.23505
-5.24503
-5.25241
-5.25699
-5.25963
-5.26115
-5.25994
-5.25498
-5.24552
-5.23288
-5.21859
-5.20309
-5.19076
-5.18675
-5.19117
-5.20347
-5.22222
-5.24263
-5.26246
-5.27981
-5.29228
-5.30031
-5.3052
-5.30546
-5.30152
-5.29472
-5.28665
-5.27652
-5.26575
-5.25507
-5.24447
-5.23497
-5.22465
-5.21627
-5.20868
-5.19996
-5.19063
-5.18042
-5.17072
-5.16194
-5.15502
-5.15197
-5.15257
-5.15681
-5.16553
-5.17608
-5.18793
-5.19956
-5.21114
-5.22297
-5.23181
-5.23816
-5.24021
-5.24053
-5.23815
-5.23469
-5.23185
-5.22919
-5.22698
-5.22454
-5.21823
-5.20743
-5.18883
-5.16597
-5.13873
-5.11023
-5.08503
-5.06517
-5.05343
-5.05195
-5.05965
-5.0752
-5.09659
-5.12058
-5.14476
-5.17084
-5.19557
-5.21871
-5.23876
-5.25529
-5.26663
-5.27317
-5.27393
-5.26853
-5.25806
-5.24328
-5.22602
-5.21123
-5.20306
-5.20315
-5.21183
-5.22396
-5.23376
-5.24006
-5.24227
-5.24183
-5.2389
-5.23315
-5.22522
-5.21402
-5.1979
-5.17934
-5.15673
-5.13307
-5.10989
-5.08881
-5.07136
-5.0567
-5.04713
-5.04058
-5.03559
-5.03174
-5.02838
-5.02504
-5.02029
-5.01772
-5.01651
-5.01954
-5.02672
-5.03876
-5.0575
-5.08075
-5.10376
-5.12808
-5.14965
-5.16661
-5.17601
-5.18028
-5.17749
-5.16898
-5.15621
-5.13887
-5.12068
-5.10213
-5.08382
-5.06735
-5.05748
-5.05688
-5.06607
-5.08706
-5.11503
-5.14648
-5.18111
-5.21437
-5.24518
-5.27385
-5.30005
-5.32245
-5.33867
-5.34751
-5.34737
-5.33886
-5.32271
-5.30195
-5.28063
-5.26037
-5.2439
-5.23418
-5.2306
-5.2328
-5.24016
-5.25194
-5.26661
-5.28563
-5.30616
-5.32423
-5.33975
-5.34729
-5.34676
-5.33399
-5.31123
-5.27798
-5.23995
-5.20052
-5.165
-5.13867
-5.12482
-5.12153
-5.12695
-5.13868
-5.15192
-5.16875
-5.18444
-5.20022
-5.21292
-5.22228
-5.22895
-5.23205
-5.23074
-5.22598
-5.21852
-5.20758
-5.19691
-5.18624
-5.17841
-5.1747
-5.1749
-5.17545
-5.17591
-5.17511
-5.17124
-5.16685
-5.16207
-5.15357
-5.14462
-5.13561
-5.12539
-5.11637
-5.10886
-5.10286
-5.09999
-5.10036
-5.10646
-5.11563
-5.12982
-5.14675
-5.16401
-5.18183
-5.19934
-5.2161
-5.23224
-5.24659
-5.26068
-5.27461
-5.28469
-5.29277
-5.29697
-5.29741
-5.29127
-5.27928
-5.26299
-5.24225
-5.21951
-5.19584
-5.17575
-5.1612
-5.15467
-5.15797
-5.17045
-5.18679
-5.20541
-5.22222
-5.23765
-5.24939
-5.25813
-5.26423
-5.26944
-5.27305
-5.27578
-5.27401
-5.26772
-5.25769
-5.24373
-5.22767
-5.20982
-5.19261
-5.17569
-5.16116
-5.15141
-5.1484
-5.15117
-5.1615
-5.17508
-5.18815
-5.19747
-5.19984
-5.19665
-5.18852
-5.17861
-5.16947
-5.16392
-5.163
-5.16504
-5.16837
-5.17083
-5.17205
-5.17271
-5.17326
-5.17338
-5.17411
-5.17831
-5.18283
-5.18836
-5.19426
-5.19971
-5.20262
-5.20402
-5.20618
-5.20727
-5.20953
-5.21217
-5.2158
-5.2198
-5.22404
-5.2268
-5.22687
-5.22347
-5.21792
-5.2121
-5.20724
-5.20656
-5.21044
-5.21761
-5.22736
-5.23507
-5.24035
-5.24047
-5.23484
-5.2264
-5.21494
-5.20211
-5.18869
-5.17685
-5.16844
-5.1628
-5.16477
-5.17395
-5.18831
-5.20459
-5.22319
-5.23857
-5.24974
-5.25564
-5.25506
-5.25224
-5.24593
-5.23699
-5.22887
-5.22205
-5.21661
-5.21304
-5.21135
-5.21039
-5.21048
-5.21029
-5.21035
-5.2095
-5.20904
-5.20925
-5.20977
-5.21124
-5.21269
-5.21552
-5.2176
-5.21957
-5.22029
-5.22088
-5.21979
-5.21694
-5.21212
-5.20503
-5.19697
-5.18897
-5.18307
-5.18156
-5.18374
-5.19174
-5.20259
-5.21422
-5.22573
-5.23482
-5.23995
-5.23974
-5.23548
-5.22632
-5.21253
-5.19743
-5.17921
-5.15832
-5.13615
-5.11474
-5.09468
-5.08001
-5.07288
-5.07324
-5.08317
-5.1016
-5.12552
-5.15205
-5.17701
-5.19907
-5.21935
-5.23622
-5.24917
-5.25736
-5.26201
-5.25734
-5.24591
-5.22769
-5.20472
-5.18057
-5.15849
-5.13869
-5.12407
-5.1151
-5.11148
-5.1144
-5.12013
-5.12786
-5.13863
-5.15206
-5.16752
-5.18454
-5.2016
-5.21806
-5.23143
-5.24024
-5.24229
-5.23896
-5.22835
-5.21224
-5.19571
-5.18632
-5.18402
-5.18903
-5.19587
-5.1992
-5.19828
-5.19518
-5.18949
-5.18189
-5.17519
-5.16797
-5.16185
-5.15629
-5.14983
-5.13886
-5.1271
-5.11306
-5.10037
-5.09085
-5.08775
-5.09359
-5.10724
-5.12598
-5.14597
-5.16569
-5.18069
-5.19073
-5.19751
-5.20076
-5.20408
-5.20617
-5.21288
-5.2217
-5.23349
-5.24736
-5.2622
-5.2757
-5.28954
-5.29866
-5.30582
-5.30994
-5.31186
-5.31177
-5.30863
-5.30309
-5.29376
-5.28287
-5.27261
-5.26107
-5.25408
-5.25436
-5.26316
-5.28054
-5.3028
-5.32416
-5.34352
-5.35129
-5.35231
-5.34584
-5.33459
-5.32009
-5.302
-5.28238
-5.26268
-5.24254
-5.22395
-5.20712
-5.19352
-5.18247
-5.17318
-5.16596
-5.16228
-5.16297
-5.16832
-5.17598
-5.18591
-5.19485
-5.20162
-5.20579
-5.20509
-5.20269
-5.19681
-5.18928
-5.1789
-5.16989
-5.16053
-5.15259
-5.14528
-5.13709
-5.12839
-5.11943
-5.10742
-5.09313
-5.07885
-5.06305
-5.04922
-5.03772
-5.02991
-5.02416
-5.02022
-5.01883
-5.01624
-5.01734
-5.02151
-5.03187
-5.04784
-5.06921
-5.0943
-5.12096
-5.149
-5.17666
-5.2041
-5.22985
-5.25254
-5.26986
-5.2785
-5.27718
-5.26892
-5.25305
-5.23222
-5.21067
-5.19156
-5.17628
-5.165
-5.15777
-5.15511
-5.15622
-5.1598
-5.16407
-5.16632
-5.16498
-5.16003
-5.15232
-5.14427
-5.13723
-5.13333
-5.1318
-5.13095
-5.13151
-5.13113
-5.1342
-5.13956
-5.14625
-5.1527
-5.15871
-5.16299
-5.1665
-5.16899
-5.16964
-5.16834
-5.16429
-5.16156
-5.15716
-5.15479
-5.15233
-5.14871
-5.14394
-5.13641
-5.13093
-5.1284
-5.12948
-5.13519
-5.14328
-5.15229
-5.162
-5.16893
-5.17392
-5.17728
-5.1823
-5.18881
-5.19779
-5.20788
-5.21839
-5.22872
-5.23593
-5.239
-5.23767
-5.23077
-5.21993
-5.20477
-5.18691
-5.16668
-5.14606
-5.12598
-5.11043
-5.10037
-5.09566
-5.0982
-5.10603
-5.11682
-5.12992
-5.14301
-5.15492
-5.16253
-5.1643
-5.16213
-5.15282
-5.13921
-5.12434
-5.10678
-5.09201
-5.0809
-5.07361
-5.06647
-5.06188
-5.05793
-5.05644
-5.06098
-5.07214
-5.08662
-5.10514
-5.12277
-5.13889
-5.15272
-5.16561
-5.17741
-5.18671
-5.19385
-5.19712
-5.19519
-5.18915
-5.17951
-5.16536
-5.14852
-5.1271
-5.10412
-5.07955
-5.05681
-5.03576
-5.01993
-5.00883
-5.00275
-5.00223
-5.00549
-5.01184
-5.01865
-5.02633
-5.03408
-5.04199
-5.05347
-5.06939
-5.08956
-5.11117
-5.13331
-5.15305
-5.16836
-5.17658
-5.17739
-5.17239
-5.16398
-5.15605
-5.15097
-5.14776
-5.14846
-5.14919
-5.15036
-5.14978
-5.1475
-5.14292
-5.13536
-5.12668
-5.11668
-5.10701
-5.09905
-5.09388
-5.09049
-5.08832
-5.08652
-5.08751
-5.09245
-5.09966
-5.11071
-5.12627
-5.14291
-5.16056
-5.17735
-5.19104
-5.20016
-5.20533
-5.20502
-5.2015
-5.19385
-5.18551
-5.17509
-5.16403
-5.15266
-5.14167
-5.13243
-5.12309
-5.11508
-5.10619
-5.09662
-5.0864
-5.07627
-5.06871
-5.06379
-5.05968
-5.06011
-5.06398
-5.07267
-5.08342
-5.09605
-5.10915
-5.1219
-5.13392
-5.14474
-5.15449
-5.16714
-5.18138
-5.19831
-5.21502
-5.2303
-5.24083
-5.24331
-5.23743
-5.22539
-5.20547
-5.18328
-5.15799
-5.13394
-5.11295
-5.09884
-5.09199
-5.09083
-5.09446
-5.10143
-5.11254
-5.12508
-5.13925
-5.15292
-5.16609
-5.17701
-5.18728
-5.19489
-5.20076
-5.20221
-5.19983
-5.19623
-5.19046
-5.18525
-5.18
-5.17493
-5.16928
-5.1618
-5.15403
-5.1453
-5.13924
-5.13659
-5.13879
-5.14393
-5.15057
-5.15732
-5.16123
-5.16334
-5.16286
-5.16175
-5.16067
-5.16004
-5.16205
-5.16625
-5.17173
-5.17853
-5.18365
-5.18784
-5.18844
-5.18803
-5.1868
-5.18436
-5.18338
-5.1819
-5.17695
-5.1708
-5.16146
-5.1515
-5.14077
-5.13168
-5.12415
-5.11498
-5.10434
-5.08994
-5.07033
-5.04503
-5.01447
-4.981
-4.9503
-4.92607
-4.91348
-4.91278
-4.92259
-4.94046
-4.96216
-4.9838
-5.00397
-5.01985
-5.03171
-5.04123
-5.04648
-5.04783
-5.04575
-5.04406
-5.04237
-5.04295
-5.04694
-5.05423
-5.065
-5.07971
-5.09549
-5.1108
-5.12309
-5.1317
-5.13611
-5.13593
-5.13263
-5.1225
-5.11111
-5.09814
-5.08581
-5.07743
-5.07423
-5.08021
-5.09483
-5.11788
-5.14435
-5.17444
-5.20055
-5.22094
-5.23408
-5.23827
-5.2335
-5.2234
-5.20998
-5.19561
-5.18377
-5.17825
-5.18005
-5.18237
-5.18576
-5.18797
-5.18562
-5.17893
-5.16875
-5.15498
-5.14168
-5.13116
-5.12746
-5.12738
-5.13139
-5.13782
-5.14577
-5.15804
-5.17362
-5.18969
-5.20593
-5.21902
-5.22963
-5.23596
-5.23782
-5.23378
-5.22633
-5.21277
-5.19526
-5.17453
-5.15362
-5.13614
-5.12502
-5.11927
-5.11944
-5.12366
-5.12715
-5.12721
-5.1212
-5.11241
-5.10127
-5.09285
-5.08999
-5.09298
-5.10062
-5.11145
-5.12276
-5.13341
-5.14224
-5.1498
-5.15322
-5.15386
-5.15219
-5.14785
-5.14322
-5.13925
-5.13628
-5.13628
-5.13971
-5.14399
-5.15061
-5.15775
-5.16505
-5.17136
-5.17635
-5.18032
-5.18272
-5.18301
-5.18181
-5.17674
-5.16803
-5.15754
-5.14661
-5.13717
-5.13046
-5.12494
-5.12486
-5.12799
-5.13617
-5.14873
-5.16638
-5.18595
-5.20298
-5.21848
-5.22637
-5.22734
-5.22139
-5.20811
-5.18958
-5.16686
-5.13869
-5.11013
-5.08238
-5.06134
-5.04771
-5.04215
-5.04312
-5.04813
-5.05273
-5.05551
-5.05743
-5.06148
-5.06634
-5.07383
-5.08435
-5.09837
-5.1119
-5.12246
-5.12717
-5.13012
-5.12826
-5.12362
-5.12035
-5.12068
-5.12637
-5.13727
-5.15422
-5.17386
-5.19374
-5.21282
-5.22318
-5.22741
-5.22375
-5.21004
-5.18855
-5.16118
-5.13069
-5.10156
-5.07459
-5.05335
-5.03668
-5.0266
-5.02122
-5.01637
-5.01263
-5.00957
-5.00927
-5.0118
-5.01806
-5.0281
-5.0386
-5.05056
-5.06348
-5.07773
-5.09291
-5.10872
-5.12451
-5.13982
-5.1528
-5.16585
-5.17519
-5.17899
-5.17532
-5.1626
-5.14354
-5.11941
-5.09225
-5.06567
-5.0403
-5.01615
-4.99573
-4.98155
-4.97558
-4.97866
-4.98843
-5.00572
-5.02673
-5.05174
-5.08394
-5.1186
-5.15535
-5.18995
-5.22274
-5.24967
-5.27116
-5.28471
-5.29078
-5.28799
-5.27789
-5.26206
-5.24412
-5.22644
-5.2092
-5.19381
-5.17978
-5.1676
-5.15696
-5.1471
-5.13978
-5.13699
-5.13876
-5.14339
-5.15144
-5.1588
-5.16284
-5.16167
-5.15412
-5.13924
-5.11596
-5.08315
-5.04595
-5.00673
-4.97417
-4.95662
-4.95897
-4.98042
-5.01564
-5.05601
-5.09487
-5.12787
-5.15347
-5.17213
-5.18374
-5.19069
-5.19591
-5.20223
-5.20723
-5.21136
-5.21259
-5.21052
-5.20094
-5.18488
-5.16333
-5.13372
-5.10038
-5.06579
-5.03279
-5.00363
-4.98256
-4.97045
-4.96768
-4.97181
-4.98202
-4.99505
-5.00878
-5.02058
-5.03
-5.03659
-5.04302
-5.04949
-5.05698
-5.0671
-5.07785
-5.08753
-5.09623
-5.1025
-5.10602
-5.1085
-5.11222
-5.11529
-5.1197
-5.12558
-5.13133
-5.13849
-5.14506
-5.15553
-5.16991
-5.18794
-5.21
-5.23446
-5.25974
-5.28058
-5.29631
-5.30421
-5.30224
-5.2909
-5.27017
-5.24473
-5.21872
-5.19351
-5.17507
-5.16412
-5.16305
-5.17024
-5.18412
-5.20097
-5.22017
-5.23865
-5.25641
-5.27185
-5.28207
-5.28736
-5.28698
-5.28026
-5.26621
-5.2483
-5.22697
-5.20385
-5.18283
-5.16507
-5.15007
-5.13691
-5.12461
-5.11445
-5.1022
-5.09097
-5.08107
-5.07217
-5.06186
-5.04981
-5.03855
-5.03125
-5.03071
-5.03865
-5.05491
-5.0793
-5.10927
-5.14132
-5.17273
-5.20226
-5.22487
-5.23884
-5.24211
-5.23594
-5.22369
-5.20845
-5.19182
-5.17487
-5.15719
-5.13952
-5.12472
-5.11312
-5.1067
-5.10453
-5.10615
-5.1092
-5.1135
-5.12017
-5.12708
-5.13353
-5.13851
-5.14195
-5.14283
-5.14153
-5.13871
-5.13518
-5.13036
-5.12666
-5.12221
-5.11862
-5.1149
-5.11196
-5.10688
-5.10151
-5.09505
-5.09019
-5.08648
-5.08342
-5.08268
-5.0855
-5.08972
-5.09507
-5.10211
-5.10784
-5.11335
-5.11768
-5.12423
-5.13383
-5.14311
-5.15493
-5.16613
-5.17571
-5.18079
-5.18089
-5.17836
-5.17128
-5.16244
-5.15575
-5.15212
-5.1531
-5.16008
-5.16969
-5.18182
-5.19473
-5.20493
-5.20856
-5.20715
-5.19665
-5.17908
-5.15625
-5.12967
-5.10369
-5.07948
-5.0607
-5.04627
-5.03639
-5.0317
-5.03473
-5.04321
-5.05459
-5.06879
-5.08188
-5.09301
-5.0991
-5.10139
-5.10299
-5.10425
-5.10621
-5.10745
-5.10978
-5.11233
-5.1126
-5.10924
-5.10448
-5.09827
-5.09174
-5.08892
-5.08909
-5.09203
-5.0972
-5.10408
-5.10952
-5.11393
-5.11571
-5.11592
-5.1151
-5.11269
-5.10878
-5.10291
-5.09448
-5.08299
-5.07215
-5.059
-5.04577
-5.03398
-5.02642
-5.02252
-5.02542
-5.03628
-5.05331
-5.07746
-5.10686
-5.13794
-5.16465
-5.18912
-5.20825
-5.22329
-5.2368
-5.24806
-5.25625
-5.26278
-5.2644
-5.26451
-5.26236
-5.25814
-5.25362
-5.24771
-5.23996
-5.23037
-5.21826
-5.20434
-5.19147
-5.17855
-5.16632
-5.15356
-5.14287
-5.13292
-5.12361
-5.11708
-5.11306
-5.11343
-5.11906
-5.13076
-5.14795
-5.16696
-5.18707
-5.20581
-5.22075
-5.23065
-5.23749
-5.23911
-5.23698
-5.2313
-5.22264
-5.21531
-5.20871
-5.20409
-5.20278
-5.19913
-5.19144
-5.18001
-5.16233
-5.14136
-5.11965
-5.09895
-5.08303
-5.07447
-5.0765
-5.08938
-5.11201
-5.13875
-5.16546
-5.18779
-5.20468
-5.21344
-5.21633
-5.21415
-5.20719
-5.19714
-5.18559
-5.17368
-5.15893
-5.14243
-5.12279
-5.10493
-5.08725
-5.07031
-5.05579
-5.04326
-5.03321
-5.02791
-5.02933
-5.03887
-5.05473
-5.07382
-5.09166
-5.10572
-5.11558
-5.12105
-5.12152
-5.11696
-5.10777
-5.09467
-5.07962
-5.06364
-5.04815
-5.03467
-5.02215
-5.01267
-5.00465
-4.99801
-4.99201
-4.98687
-4.98328
-4.98328
-4.9863
-4.99407
-5.00483
-5.01696
-5.0287
-5.04083
-5.04982
-5.0565
-5.06036
-5.06276
-5.06302
-5.06234
-5.05884
-5.0542
-5.05325
-5.057
-5.06548
-5.07953
-5.09655
-5.11395
-5.12913
-5.14061
-5.14638
-5.14803
-5.14799
-5.14871
-5.15082
-5.15408
-5.16039
-5.16717
-5.17452
-5.18388
-5.19438
-5.20711
-5.22038
-5.23298
-5.24487
-5.25127
-5.25451
-5.25562
-5.25335
-5.2503
-5.24715
-5.2435
-5.24068
-5.23795
-5.23362
-5.22827
-5.22209
-5.21442
-5.20442
-5.1934
-5.17969
-5.16492
-5.15093
-5.13928
-5.13364
-5.13364
-5.13897
-5.1459
-5.15491
-5.16447
-5.17419
-5.18281
-5.18748
-5.19179
-5.19354
-5.19333
-5.19271
-5.19177
-5.19093
-5.19076
-5.1899
-5.18886
-5.18576
-5.17915
-5.17008
-5.15931
-5.1492
-5.14125
-5.13725
-5.13676
-5.13855
-5.13995
-5.13828
-5.13121
-5.11916
-5.10216
-5.07902
-5.05633
-5.03851
-5.02755
-5.02562
-5.0343
-5.05082
-5.07031
-5.09191
-5.11122
-5.12537
-5.13429
-5.1378
-5.13864
-5.13438
-5.13037
-5.12249
-5.1103
-5.09453
-5.07754
-5.06315
-5.05177
-5.0427
-5.03392
-5.02358
-5.01242
-5.00282
-4.99458
-4.98826
-4.98651
-4.99108
-5.00193
-5.01724
-5.0358
-5.05399
-5.06906
-5.07875
-5.08223
-5.08038
-5.07573
-5.06795
-5.05985
-5.05372
-5.05154
-5.05353
-5.05767
-5.06246
-5.06755
-5.07243
-5.07612
-5.07834
-5.08272
-5.08753
-5.09331
-5.10198
-5.11407
-5.13018
-5.1479
-5.16183
-5.16968
-5.1657
-5.15141
-5.12866
-5.10475
-5.08461
-5.07009
-5.06062
-5.05031
-5.0379
-5.02247
-5.00548
-4.99016
-4.97576
-4.96393
-4.95141
-4.9402
-4.92885
-4.91651
-4.9065
-4.89861
-4.8961
-4.90118
-4.91671
-4.94332
-4.97775
-5.0182
-5.05913
-5.09798
-5.12823
-5.1476
-5.15382
-5.14438
-5.12052
-5.08384
-5.04209
-5.00466
-4.97654
-4.96278
-4.96031
-4.96265
-4.96768
-4.97415
-4.98305
-4.9953
-5.01165
-5.02825
-5.04422
-5.0567
-5.06165
-5.05968
-5.05062
-5.03341
-5.01127
-4.98634
-4.96094
-4.93968
-4.92466
-4.9155
-4.90984
-4.90507
-4.89953
-4.8956
-4.89301
-4.89432
-4.90095
-4.91389
-4.93117
-4.951
-4.97262
-4.99366
-5.01151
-5.02789
-5.04145
-5.0537
-5.06509
-5.07616
-5.08376
-5.08992
-5.09136
-5.08929
-5.08093
-5.07067
-5.06032
-5.05023
-5.04274
-5.03591
-5.03217
-5.031
-5.03346
-5.03856
-5.04457
-5.05132
-5.05591
-5.05784
-5.05545
-5.05191
-5.04451
-5.03428
-5.0235
-5.0125
-5.00543
-4.99973
-4.99555
-4.9929
-4.99395
-4.99631
-5.00126
-5.00808
-5.0167
-5.02583
-5.03898
-5.05232
-5.06865
-5.08321
-5.09607
-5.10473
-5.1082
-5.10869
-5.1068
-5.10533
-5.10439
-5.10418
-5.1072
-5.1111
-5.11659
-5.11967
-5.11929
-5.11502
-5.10762
-5.09493
-5.07995
-5.06442
-5.05087
-5.04119
-5.03523
-5.03563
-5.04114
-5.04909
-5.06014
-5.07143
-5.07964
-5.08559
-5.08802
-5.08809
-5.08617
-5.08416
-5.08138
-5.07805
-5.07487
-5.06901
-5.06127
-5.0485
-5.03113
-5.01226
-4.9944
-4.98068
-4.97446
-4.97595
-4.98583
-5.00302
-5.02351
-5.04287
-5.05836
-5.07213
-5.0816
-5.08934
-5.0952
-5.09852
-5.10027
-5.09735
-5.09264
-5.08443
-5.0743
-5.06307
-5.05282
-5.04602
-5.04308
-5.04323
-5.04757
-5.05362
-5.06344
-5.07581
-5.08878
-5.10356
-5.11888
-5.13255
-5.1436
-5.15157
-5.15521
-5.15602
-5.15444
-5.1489
-5.13946
-5.12385
-5.10468
-5.08248
-5.0573
-5.03217
-5.00624
-4.98175
-4.95774
-4.93458
-4.91251
-4.89448
-4.88348
-4.88378
-4.89941
-4.93038
-4.97471
-5.02186
-5.06672
-5.10259
-5.12693
-5.14064
-5.14315
-5.13877
-5.13084
-5.11899
-5.10558
-5.09256
-5.08039
-5.0702
-5.06074
-5.05236
-5.04434
-5.03618
-5.0279
-5.02344
-5.02354
-5.02703
-5.03191
-5.03289
-5.02769
-5.01587
-4.99969
-4.98083
-4.96048
-4.93915
-4.91824
-4.89732
-4.87826
-4.8602
-4.84528
-4.83827
-4.84085
-4.85402
-4.87523
-4.90126
-4.92457
-4.9448
-4.96061
-4.96922
-4.97389
-4.97491
-4.9726
-4.96614
-4.95643
-4.94577
-4.9367
-4.93387
-4.93376
-4.93805
-4.94502
-4.95198
-4.95918
-4.96937
-4.98135
-4.99317
-5.00435
-5.01345
-5.01675
-5.01588
-5.01132
-5.00557
-4.99827
-4.99118
-4.98123
-4.96961
-4.95774
-4.9482
-4.94361
-4.9492
-4.9648
-4.98841
-5.01822
-5.04877
-5.0749
-5.09408
-5.10729
-5.11248
-5.11161
-5.10646
-5.09438
-5.08005
-5.05862
-5.0312
-4.99972
-4.96735
-4.93928
-4.92097
-4.91606
-4.92121
-4.93433
-4.9525
-4.97223
-4.9928
-5.01067
-5.0242
-5.03381
-5.03949
-5.04061
-5.03829
-5.03448
-5.02802
-5.02243
-5.01604
-5.01094
-5.00742
-5.00542
-5.00608
-5.01022
-5.0159
-5.02306
-5.03083
-5.03983
-5.05081
-5.06217
-5.07085
-5.07283
-5.07015
-5.06415
-5.05606
-5.04639
-5.03435
-5.01965
-5.00471
-4.99373
-4.98745
-4.98883
-4.9965
-5.00728
-5.0216
-5.03703
-5.05294
-5.06818
-5.08439
-5.0988
-5.11218
-5.12209
-5.12786
-5.12805
-5.12278
-5.11151
-5.09492
-5.07535
-5.05176
-5.02831
-5.0057
-4.98453
-4.96593
-4.94734
-4.93209
-4.92215
-4.91977
-4.92634
-4.94375
-4.96896
-4.99951
-5.03048
-5.06186
-5.09064
-5.11433
-5.1331
-5.14838
-5.15783
-5.16065
-5.15703
-5.14799
-5.13649
-5.12777
-5.12291
-5.12417
-5.12907
-5.13703
-5.14164
-5.14213
-5.13328
-5.11853
-5.10002
-5.08148
-5.06362
-5.04953
-5.03886
-5.03067
-5.02517
-5.0207
-5.02049
-5.02338
-5.03076
-5.04124
-5.04903
-5.05347
-5.05121
-5.04509
-5.03476
-5.02188
-5.01408
-5.01649
-5.0296
-5.04716
-5.05684
-5.05736
-5.04776
-5.03349
-5.01625
-5.00203
-4.99271
-4.99082
-4.99619
-5.00804
-5.0204
-5.03194
-5.03986
-5.04365
-5.04335
-5.03958
-5.03085
-5.01711
-4.99759
-4.97491
-4.95127
-4.93204
-4.92219
-4.92393
-4.93598
-4.95595
-4.97999
-5.00061
-5.0139
-5.02005
-5.0191
-5.01603
-5.01366
-5.01444
-5.01807
-5.0243
-5.03279
-5.03906
-5.04654
-5.05097
-5.05209
-5.0504
-5.04518
-5.03534
-5.02067
-5.00152
-4.97752
-4.95193
-4.92727
-4.90771
-4.89342
-4.88383
-4.87978
-4.87802
-4.87323
-4.8623
-4.84718
-4.83069
-4.8164
-4.8094
-4.81318
-4.8279
-4.84969
-4.87862
-4.90858
-4.93632
-4.96335
-4.98634
-5.00425
-5.01729
-5.02363
-5.0245
-5.02128
-5.01824
-5.01872
-5.02508
-5.03451
-5.0445
-5.05436
-5.0592
-5.05853
-5.05509
-5.05118
-5.04799
-5.04603
-5.04401
-5.04034
-5.03761
-5.03354
-5.02823
-5.02286
-5.01733
-5.01102
-5.00525
-5.00013
-4.9944
-4.98939
-4.98603
-4.98449
-4.98536
-4.98905
-4.99676
-5.00506
-5.01104
-5.01518
-5.01898
-5.0222
-5.02707
-5.03575
-5.04494
-5.05635
-5.06574
-5.07368
-5.07444
-5.06889
-5.05687
-5.04015
-5.0222
-5.00697
-4.99936
-4.99809
-5.00098
-5.00644
-5.01355
-5.02173
-5.02959
-5.03467
-5.03536
-5.02966
-5.0186
-5.00461
-4.99129
-4.97891
-4.97075
-4.96992
-4.97528
-4.98744
-5.00529
-5.02523
-5.04363
-5.05758
-5.06278
-5.05939
-5.0477
-5.03553
-5.03136
-5.03972
-5.05976
-5.087
-5.11713
-5.14745
-5.17146
-5.18989
-5.20266
-5.21168
-5.21528
-5.21678
-5.21484
-5.20844
-5.19822
-5.18318
-5.15973
-5.13277
-5.10375
-5.07692
-5.05344
-5.03416
-5.02165
-5.01347
-5.01005
-5.01131
-5.01717
-5.02807
-5.04323
-5.06121
-5.08186
-5.10415
-5.12332
-5.13839
-5.14501
-5.14345
-5.13169
-5.11187
-5.08521
-5.05351
-5.01963
-4.98425
-4.94961
-4.91736
-4.88979
-4.86718
-4.84934
-4.83639
-4.82932
-4.8275
-4.82885
-4.8284
-4.82771
-4.82663
-4.82532
-4.82903
-4.83879
-4.86251
-4.89664
-4.93951
-4.98667
-5.03251
-5.07272
-5.10399
-5.12408
-5.13329
-5.13075
-5.11993
-5.10138
-5.07982
-5.05664
-5.03505
-5.01627
-5.00125
-4.9916
-4.98713
-4.98408
-4.98339
-4.98172
-4.97847
-4.97378
-4.96759
-4.95961
-4.9517
-4.94407
-4.93531
-4.9259
-4.91454
-4.90078
-4.88613
-4.87374
-4.86645
-4.86484
-4.87206
-4.88446
-4.89946
-4.91477
-4.92782
-4.9376
-4.94739
-4.96089
-4.98291
-5.01503
-5.05565
-5.09885
-5.13932
-5.1719
-5.19491
-5.20603
-5.21041
-5.20585
-5.19872
-5.19198
-5.18665
-5.18062
-5.17078
-5.15597
-5.13136
-5.10077
-5.06498
-5.03315
-5.0144
-5.0117
-5.01467
-5.01851
-5.0199
-5.02099
-5.02378
-5.03098
-5.04244
-5.05687
-5.07196
-5.08627
-5.09844
-5.10726
-5.11654
-5.12534
-5.13756
-5.15063
-5.16309
-5.17368
-5.17952
-5.1806
-5.17472
-5.16235
-5.1444
-5.12098
-5.09822
-5.07664
-5.05987
-5.0491
-5.04216
-5.04196
-5.04859
-5.05672
-5.07005
-5.08509
-5.09941
-5.11198
-5.12047
-5.12758
-5.13123
-5.12931
-5.12535
-5.11807
-5.10718
-5.09356
-5.07845
-5.06278
-5.04977
-5.0418
-5.03514
-5.03253
-5.02975
-5.02634
-5.0201
-5.01403
-5.00734
-5.00127
-4.99928
-5.00204
-5.00745
-5.01319
-5.01694
-5.01857
-5.01816
-5.01708
-5.01976
-5.02567
-5.03723
-5.05391
-5.07151
-5.08741
-5.09877
-5.10636
-5.11261
-5.11476
-5.11469
-5.10862
-5.09761
-5.08017
-5.05932
-5.03561
-5.01085
-4.98771
-4.96695
-4.94957
-4.94039
-4.93891
-4.94796
-4.96513
-4.99199
-5.02491
-5.05964
-5.09153
-5.11824
-5.13815
-5.14866
-5.15099
-5.14791
-5.14089
-5.1332
-5.12465
-5.11809
-5.11246
-5.10627
-5.09872
-5.09013
-5.08003
-5.06951
-5.06108
-5.05798
-5.06097
-5.06917
-5.08071
-5.09252
-5.10264
-5.10859
-5.1143
-5.11919
-5.12569
-5.13008
-5.12865
-5.11821
-5.09815
-5.06923
-5.03579
-5.00023
-4.96783
-4.94104
-4.92409
-4.91856
-4.92294
-4.93788
-4.96091
-4.99052
-5.02663
-5.06671
-5.10415
-5.13583
-5.15621
-5.16152
-5.14991
-5.12525
-5.09032
-5.05394
-5.01921
-4.9931
-4.97799
-4.97428
-4.97938
-4.98919
-5.00053
-5.01219
-5.02104
-5.02921
-5.03492
-5.04045
-5.0432
-5.04267
-5.03566
-5.02418
-5.0097
-4.99346
-4.97969
-4.97116
-4.96848
-4.97127
-4.97766
-4.98711
-4.99619
-5.00551
-5.0142
-5.02334
-5.03573
-5.04998
-5.06423
-5.07553
-5.08136
-5.08215
-5.08122
-5.07818
-5.07406
-5.07014
-5.0669
-5.0638
-5.06187
-5.05901
-5.06151
-5.06538
-5.07337
-5.08379
-5.09455
-5.10394
-5.10826
-5.10664
-5.09683
-5.08095
-5.05726
-5.028
-4.99594
-4.96528
-4.93823
-4.91819
-4.90775
-4.90736
-4.91593
-4.93116
-4.94736
-4.96021
-4.96567
-4.96464
-4.95739
-4.94461
-4.93111
-4.9208
-4.91609
-4.91785
-4.92521
-4.937
-4.9509
-4.96596
-4.9834
-5.00168
-5.01915
-5.03544
-5.04957
-5.06022
-5.06886
-5.0766
-5.08074
-5.0856
-5.0905
-5.09617
-5.10346
-5.11004
-5.11309
-5.11028
-5.09941
-5.08033
-5.05142
-5.01553
-4.97929
-4.94763
-4.92738
-4.92166
-4.92938
-4.94851
-4.9734
-5.00335
-5.03394
-5.06477
-5.0911
-5.11193
-5.12423
-5.12768
-5.11991
-5.10025
-5.07451
-5.04584
-5.0194
-4.9984
-4.98632
-4.98374
-4.98766
-4.9972
-5.01261
-5.03143
-5.05324
-5.07579
-5.10048
-5.12391
-5.14619
-5.1619
-5.17115
-5.17308
-5.16649
-5.15161
-5.13198
-5.11491
-5.1023
-5.09592
-5.09266
-5.08562
-5.07266
-5.05117
-5.02487
-4.99607
-4.96871
-4.94611
-4.93184
-4.92328
-4.92297
-4.92969
-4.94132
-4.95675
-4.9726
-4.98748
-4.99814
-5.00403
-5.00597
-5.00472
-5.00349
-5.00478
-5.01018
-5.0198
-5.03025
-5.0421
-5.05629
-5.07038
-5.08524
-5.10134
-5.11958
-5.13593
-5.15043
-5.15869
-5.16212
-5.15869
-5.14759
-5.13419
-5.11989
-5.10559
-5.09134
-5.07925
-5.06946
-5.06157
-5.05495
-5.04898
-5.04173
-5.03192
-5.01747
-4.99485
-4.96544
-4.93058
-4.8945
-4.86704
-4.85186
-4.85041
-4.85818
-4.87212
-4.88675
-4.89978
-4.91274
-4.92489
-4.93796
-4.95238
-4.9697
-4.99007
-5.01187
-5.03141
-5.0493
-5.06469
-5.07711
-5.08891
-5.09955
-5.10444
-5.10336
-5.09378
-5.07545
-5.05054
-5.02278
-4.99584
-4.97088
-4.95081
-4.93713
-4.92916
-4.92697
-4.92933
-4.93726
-4.94639
-4.95734
-4.96615
-4.97234
-4.97462
-4.96992
-4.9592
-4.94103
-4.91877
-4.89555
-4.87464
-4.86097
-4.85879
-4.86932
-4.89022
-4.92034
-4.95687
-4.99332
-5.02677
-5.05234
-5.07127
-5.08348
-5.08907
-5.09064
-5.08872
-5.08606
-5.08335
-5.08181
-5.07768
-5.07287
-5.065
-5.05332
-5.03939
-5.02867
-5.02138
-5.01953
-5.02382
-5.03316
-5.04236
-5.05146
-5.06034
-5.06748
-5.07337
-5.07873
-5.0845
-5.09179
-5.09633
-5.09892
-5.09058
-5.07114
-5.04166
-5.00296
-4.96149
-4.92622
-4.90126
-4.88936
-4.88904
-4.89622
-4.90591
-4.91671
-4.92749
-4.94086
-4.95538
-4.97242
-4.99392
-5.01674
-5.03684
-5.04914
-5.05236
-5.04272
-5.0236
-4.99807
-4.97107
-4.94829
-4.93243
-4.92317
-4.92008
-4.9226
-4.92736
-4.9364
-4.94986
-4.96665
-4.98678
-5.00962
-5.033
-5.05438
-5.07117
-5.08299
-5.09052
-5.0937
-5.0941
-5.0906
-5.08699
-5.08037
-5.07167
-5.06118
-5.04905
-5.0373
-5.02348
-5.01208
-5.00128
-4.99127
-4.98437
-4.98276
-4.9854
-4.99322
-5.00379
-5.01919
-5.0364
-5.05458
-5.06957
-5.08009
-5.08445
-5.08234
-5.07495
-5.06022
-5.04238
-5.02
-4.99583
-4.97041
-4.94322
-4.91243
-4.88244
-4.86209
-4.85748
-4.87004
-4.89425
-4.92251
-4.95133
-4.97807
-5.00204
-5.02307
-5.04123
-5.05647
-5.06742
-5.07591
-5.08166
-5.08634
-5.08875
-5.08881
-5.08693
-5.08433
-5.08327
-5.08369
-5.08934
-5.09804
-5.11288
-5.1293
-5.14753
-5.16325
-5.1735
-5.17494
-5.16576
-5.14398
-5.11199
-5.07327
-5.03551
-5.00666
-4.99135
-4.98909
-4.98955
-4.98642
-4.97926
-4.96936
-4.96301
-4.96758
-4.98253
-5.00535
-5.02796
-5.04648
-5.05833
-5.06363
-5.06588
-5.06833
-5.06781
-5.06565
-5.06353
-5.05975
-5.05745
-5.05614
-5.05711
-5.06005
-5.0643
-5.06855
-5.07547
-5.08272
-5.08907
-5.09299
-5.09466
-5.09429
-5.09279
-5.0908
-5.08645
-5.07947
-5.06909
-5.05479
-5.03679
-5.01717
-4.99785
-4.98262
-4.97122
-4.96405
-4.96167
-4.96552
-4.97285
-4.98279
-4.99586
-5.01186
-5.03043
-5.05308
-5.07849
-5.10033
-5.11762
-5.1282
-5.12902
-5.11975
-5.10229
-5.07835
-5.05225
-5.02832
-5.01284
-5.00577
-5.00999
-5.02025
-5.03133
-5.0401
-5.0421
-5.03637
-5.02579
-5.0133
-5.00558
-5.00515
-5.00964
-5.01613
-5.02137
-5.02422
-5.02709
-5.03403
-5.04492
-5.0558
-5.06112
-5.05861
-5.04827
-5.03582
-5.02534
-5.01698
-5.01173
-5.00738
-5.00317
-4.99792
-4.98976
-4.97843
-4.96312
-4.9454
-4.92812
-4.91405
-4.91461
-4.93039
-4.95946
-4.99504
-5.0302
-5.05668
-5.07141
-5.07718
-5.07573
-5.07143
-5.06861
-5.06223
-5.05099
-5.03506
-5.02123
-5.01163
-5.00886
-5.01298
-5.01983
-5.02496
-5.02954
-5.03174
-5.03004
-5.02502
-5.01732
-5.00802
-4.99835
-4.99103
-4.98572
-4.98193
-4.98334
-4.9882
-4.99787
-5.00771
-5.01989
-5.03465
-5.05194
-5.07358
-5.0985
-5.12683
-5.15326
-5.17516
-5.19071
-5.19667
-5.1914
-5.17442
-5.14656
-5.1099
-5.06895
-5.02805
-4.98806
-4.95024
-4.91641
-4.89148
-4.87527
-4.8694
-4.87313
-4.88321
-4.89839
-4.91292
-4.92788
-4.9397
-4.94882
-4.95774
-4.96754
-4.97773
-4.98999
-5.00147
-5.01507
-5.03038
-5.04905
-5.07122
-5.09741
-5.12538
-5.15095
-5.17185
-5.18355
-5.18494
-5.17674
-5.15933
-5.13541
-5.10797
-5.07773
-5.04542
-5.01259
-4.981
-4.95345
-4.93422
-4.92441
-4.92517
-4.93722
-4.95939
-4.98852
-5.02037
-5.05119
-5.07496
-5.08866
-5.0923
-5.08461
-5.06575
-5.03783
-5.00009
-4.95778
-4.91536
-4.87591
-4.84448
-4.82201
-4.80941
-4.80744
-4.81174
-4.82361
-4.84051
-4.86443
-4.89249
-4.92634
-4.96194
-4.99889
-5.0361
-5.06998
-5.09905
-5.12453
-5.14455
-5.15713
-5.16412
-5.15941
-5.14768
-5.12679
-5.09988
-5.07196
-5.04715
-5.02746
-5.01696
-5.01421
-5.01945
-5.02804
-5.03557
-5.03664
-5.02787
-5.00753
-4.97796
-4.93973
-4.89874
-4.85744
-4.82444
-4.80433
-4.80155
-4.81764
-4.85235
-4.89737
-4.95057
-5.00604
-5.05907
-5.10696
-5.1448
-5.16855
-5.17294
-5.16053
-5.13479
-5.09744
-5.05932
-5.02642
-4.99892
-4.97941
-4.96568
-4.95323
-4.9441
-4.93716
-4.93563
-4.93952
-4.94824
-4.95821
-4.96775
-4.97527
-4.98151
-4.98438
-4.98356
-4.9799
-4.97521
-4.9733
-4.97742
-4.9875
-5.00467
-5.02506
-5.04425
-5.05693
-5.05785
-5.04573
-5.021
-4.98814
-4.95414
-4.92429
-4.906
-4.90444
-4.91544
-4.93943
-4.97078
-5.00289
-5.03297
-5.05784
-5.07588
-5.08334
-5.07817
-5.06151
-5.03518
-5.00306
-4.97059
-4.94393
-4.92741
-4.9215
-4.92405
-4.93208
-4.94162
-4.9492
-4.95352
-4.95243
-4.94604
-4.93416
-4.91983
-4.91097
-4.9133
-4.93061
-4.95855
-4.99238
-5.02524
-5.05392
-5.07792
-5.09401
-5.10334
-5.10712
-5.10561
-5.10206
-5.09612
-5.08897
-5.08072
-5.07236
-5.06621
-5.06201
-5.06172
-5.06421
-5.06718
-5.06814
-5.06542
-5.05988
-5.05003
-5.03744
-5.02693
-5.01849
-5.01168
-5.00944
-5.0108
-5.01477
-5.02211
-5.03055
-5.03991
-5.0448
-5.04484
-5.03708
-5.02089
-4.99826
-4.97428
-4.95665
-4.95123
-4.95803
-4.97356
-4.99131
-5.00598
-5.01482
-5.01753
-5.01533
-5.01257
-5.01141
-5.01136
-5.01063
-5.00406
-4.98934
-4.96603
-4.93713
-4.90682
-4.88194
-4.86798
-4.86702
-4.88043
-4.90168
-4.92561
-4.94773
-4.96576
-4.97914
-4.99093
-5.00071
-5.00737
-5.01201
-5.01348
-5.01595
-5.01843
-5.02068
-5.02506
-5.03074
-5.03713
-5.04472
-5.05618
-5.06701
-5.07874
-5.08969
-5.09984
-5.10747
-5.11187
-5.112
-5.10774
-5.10031
-5.09321
-5.08539
-5.07927
-5.07761
-5.0767
-5.07423
-5.06584
-5.04954
-5.02545
-4.9956
-4.96369
-4.93589
-4.91662
-4.90673
-4.90801
-4.9188
-4.93625
-4.95624
-4.97665
-4.99526
-5.01355
-5.03056
-5.04726
-5.06669
-5.08885
-5.11143
-5.13064
-5.14448
-5.14866
-5.14351
-5.12969
-5.10709
-5.0786
-5.04794
-5.01807
-4.99309
-4.97744
-4.96901
-4.96522
-4.96705
-4.96558
-4.96038
-4.95222
-4.9405
-4.9326
-4.93363
-4.9445
-4.96255
-4.98283
-5.00489
-5.02457
-5.03637
-5.0404
-5.03471
-5.01964
-4.99835
-4.97032
-4.93938
-4.90665
-4.8781
-4.85992
-4.85989
-4.87804
-4.91289
-4.95892
-5.00913
-5.0549
-5.09163
-5.11541
-5.12519
-5.12296
-5.10884
-5.08813
-5.06354
-5.04115
-5.02265
-5.00953
-4.99975
-4.99113
-4.97934
-4.96307
-4.94402
-4.92226
-4.90177
-4.88428
-4.87295
-4.87158
-4.87771
-4.88809
-4.90568
-4.92311
-4.94265
-4.96204
-4.97924
-4.99274
-5.00006
-5.0027
-5.00072
-4.99452
-4.98441
-4.97275
-4.96248
-4.95298
-4.947
-4.94556
-4.94707
-4.95158
-4.95869
-4.96663
-4.97201
-4.97696
-4.98096
-4.98332
-4.98417
-4.98408
-4.98135
-4.97898
-4.97546
-4.97222
-4.9699
-4.971
-4.97561
-4.98646
-5.00307
-5.02411
-5.0449
-5.06207
-5.07298
-5.07822
-5.07526
-5.06452
-5.05091
-5.03429
-5.01975
-5.00882
-5.00279
-5.00281
-5.00966
-5.02306
-5.03821
-5.05289
-5.06105
-5.06136
-5.05335
-5.03909
-5.02298
-5.00568
-4.98996
-4.97907
-4.97746
-4.98772
-5.00851
-5.03737
-5.06652
-5.09246
-5.1115
-5.12199
-5.12306
-5.11527
-5.10248
-5.088
-5.07537
-5.06439
-5.05393
-5.0387
-5.01791
-4.99407
-4.96917
-4.94833
-4.93327
-4.92496
-4.9231
-4.92734
-4.94075
-4.96073
-4.98749
-5.01664
-5.04111
-5.05722
-5.06232
-5.05514
-5.0353
-5.00814
-4.98047
-4.95681
-4.93991
-4.92979
-4.9248
-4.92451
-4.92659
-4.93235
-4.94248
-4.95705
-4.97695
-5.00093
-5.02908
-5.05746
-5.08324
-5.10453
-5.11939
-5.12841
-5.13161
-5.1312
-5.12916
-5.12865
-5.12748
-5.12826
-5.12876
-5.1282
-5.12669
-5.12316
-5.11823
-5.10812
-5.09398
-5.07565
-5.05254
-5.02875
-5.00633
-4.99076
-4.97972
-4.97657
-4.97919
-4.98711
-4.99739
-5.00814
-5.01822
-5.02545
-5.02923
-5.02895
-5.0257
-5.01843
-5.0081
-4.9949
-4.97902
-4.96298
-4.95067
-4.94031
-4.93254
-4.92517
-4.91961
-4.9137
-4.90561
-4.89767
-4.88808
-4.87784
-4.86876
-4.86195
-4.85827
-4.85868
-4.86559
-4.87694
-4.89316
-4.91455
-4.94313
-4.97503
-5.00622
-5.03391
-5.05231
-5.06101
-5.05938
-5.04733
-5.02901
-5.00561
-4.98435
-4.96695
-4.95736
-4.95875
-4.96951
-4.98949
-5.01287
-5.03629
-5.05422
-5.06481
-5.06694
-5.0637
-5.05643
-5.04599
-5.03575
-5.02675
-5.02354
-5.02493
-5.02986
-5.03641
-5.04185
-5.04334
-5.04035
-5.03279
-5.02191
-5.00917
-4.99897
-4.99163
-4.9869
-4.98458
-4.98503
-4.98679
-4.99059
-4.99566
-5.00186
-5.00875
-5.01679
-5.02315
-5.02816
-5.02965
-5.0266
-5.01808
-5.00546
-4.98727
-4.96827
-4.95132
-4.94188
-4.94031
-4.95165
-4.97266
-5.00065
-5.02911
-5.05469
-5.07656
-5.09135
-5.10214
-5.11054
-5.11513
-5.11829
-5.11733
-5.11272
-5.10201
-5.08525
-5.06257
-5.03833
-5.01599
-4.99895
-4.99021
-4.98809
-4.99046
-4.992
-4.99011
-4.98337
-4.9743
-4.96437
-4.95639
-4.95297
-4.95433
-4.96103
-4.97181
-4.98729
-5.00195
-5.01344
-5.01735
-5.01379
-4.99962
-4.97937
-4.95767
-4.93652
-4.91913
-4.90941
-4.90875
-4.91395
-4.92054
-4.92434
-4.92329
-4.91899
-4.91545
-4.91722
-4.92879
-4.94943
-4.97821
-5.01208
-5.04699
-5.07899
-5.10359
-5.12037
-5.13017
-5.13307
-5.13008
-5.12339
-5.11222
-5.09963
-5.08782
-5.08032
-5.07704
-5.08022
-5.08611
-5.09209
-5.0955
-5.09426
-5.08823
-5.0773
-5.06218
-5.04563
-5.03085
-5.01981
-5.01379
-5.01135
-5.01042
-5.00961
-5.00628
-4.99968
-4.99145
-4.98604
-4.98583
-4.98894
-4.99736
-5.00761
-5.02152
-5.03656
-5.04998
-5.05921
-5.06344
-5.063
-5.06059
-5.05879
-5.0592
-5.06442
-5.06906
-5.07365
-5.0726
-5.06538
-5.05595
-5.04206
-5.02817
-5.01628
-5.00737
-5.00293
-5.00284
-5.00538
-5.00678
-5.0033
-4.99381
-4.97964
-4.95991
-4.93627
-4.9134
-4.89337
-4.87798
-4.86823
-4.86322
-4.86359
-4.86689
-4.87494
-4.88549
-4.89837
-4.91475
-4.93382
-4.95294
-4.97172
-4.98931
-5.00387
-5.01496
-5.02303
-5.02933
-5.03407
-5.0379
-5.03916
-5.03715
-5.03529
-5.03874
-5.04618
-5.05485
-5.05697
-5.04863
-5.03014
-5.00351
-4.97257
-4.93927
-4.91018
-4.88939
-4.88455
-4.89897
-4.92655
-4.96005
-4.99046
-5.0141
-5.0297
-5.03767
-5.03695
-5.03155
-5.02136
-5.00935
-4.99502
-4.98194
-4.9687
-4.95624
-4.94356
-4.93014
-4.91693
-4.90668
-4.90627
-4.91757
-4.94344
-4.97787
-5.01569
-5.05156
-5.08415
-5.11212
-5.13925
-5.16971
-5.20314
-5.23804
-5.271
-5.29291
-5.30075
-5.29326
-5.27464
-5.24584
-5.21183
-5.17842
-5.14822
-5.12139
-5.09563
-5.07103
-5.0472
-5.0249
-5.01031
-5.00117
-4.99635
-4.99536
-4.99474
-4.99102
-4.98358
-4.97244
-4.95899
-4.94781
-4.9385
-4.93278
-4.92868
-4.92591
-4.92156
-4.91611
-4.91132
-4.90813
-4.90777
-4.90967
-4.91771
-4.93007
-4.94665
-4.96625
-4.98667
-5.00486
-5.0167
-5.02081
-5.0152
-5.00191
-4.97903
-4.95049
-4.91842
-4.88873
-4.86592
-4.85402
-4.85095
-4.85547
-4.86373
-4.87113
-4.87817
-4.88228
-4.88582
-4.89219
-4.90115
-4.91432
-4.9314
-4.94615
-4.95482
-4.95761
-4.95585
-4.95223
-4.95212
-4.95811
-4.97132
-4.98848
-5.00609
-5.02104
-5.02905
-5.02876
-5.02274
-5.01021
-4.99607
-4.98684
-4.98208
-4.98366
-4.98919
-4.99787
-5.00845
-5.02076
-5.03623
-5.05283
-5.07412
-5.09754
-5.12239
-5.14435
-5.16102
-5.17201
-5.17774
-5.17625
-5.16919
-5.15661
-5.13955
-5.11654
-5.08696
-5.05331
-5.01957
-4.99025
-4.97057
-4.9627
-4.96396
-4.97224
-4.98295
-4.99299
-4.99957
-5.0027
-5.00097
-4.99424
-4.98184
-4.96739
-4.95113
-4.93635
-4.93
-4.92936
-4.93684
-4.94682
-4.95606
-4.96072
-4.96071
-4.95607
-4.95009
-4.94793
-4.95044
-4.95931
-4.97519
-4.9943
-5.01047
-5.02211
-5.02494
-5.02007
-5.01333
-5.01419
-5.03228
-5.05952
-5.08472
-5.10003
-5.1036
-5.09587
-5.08275
-5.06852
-5.05416
-5.04315
-5.03594
-5.03178
-5.02983
-5.0301
-5.0355
-5.04398
-5.05495
-5.06573
-5.07395
-5.07595
-5.06891
-5.0542
-5.03138
-5.00526
-4.98027
-4.95977
-4.94757
-4.94548
-4.95207
-4.96727
-4.98732
-5.01097
-5.03449
-5.05701
-5.07475
-5.08799
-5.098
-5.1045
-5.10735
-5.10624
-5.09762
-5.08213
-5.06139
-5.04161
-5.02759
-5.02413
-5.03309
-5.05053
-5.06978
-5.08362
-5.08704
-5.07929
-5.06284
-5.0414
-5.0159
-4.9908
-4.96857
-4.94887
-4.93296
-4.91998
-4.91232
-4.90832
-4.90709
-4.90424
-4.89852
-4.89088
-4.88117
-4.8758
-4.87633
-4.88447
-4.89977
-4.91978
-4.94249
-4.9637
-4.98014
-4.99102
-4.9945
-4.9921
-4.98659
-4.97752
-4.96735
-4.95423
-4.94057
-4.92602
-4.91425
-4.91032
-4.91693
-4.93368
-4.96017
-4.99627
-5.03347
-5.06964
-5.0976
-5.11413
-5.11412
-5.09861
-5.06916
-5.03114
-4.98721
-4.94658
-4.91725
-4.90301
-4.90488
-4.91936
-4.94671
-4.98011
-5.01694
-5.05255
-5.08017
-5.09559
-5.10068
-5.09431
-5.07887
-5.05577
-5.0318
-5.00911
-4.99264
-4.98408
-4.98478
-4.99095
-4.99872
-5.0072
-5.01274
-5.01156
-5.00612
-4.99998
-4.99606
-4.99697
-5.00225
-5.01032
-5.01726
-5.02611
-5.03669
-5.04746
-5.05923
-5.06766
-5.0721
-5.06989
-5.06284
-5.04894
-5.03092
-5.01088
-4.9916
-4.97543
-4.96615
-4.96571
-4.97491
-4.9917
-5.01429
-5.0401
-5.0648
-5.0853
-5.09987
-5.10772
-5.11058
-5.1085
-5.10558
-5.10138
-5.09814
-5.09436
-5.08611
-5.07236
-5.05118
-5.02226
-4.98804
-4.9552
-4.9245
-4.89984
-4.88219
-4.86984
-4.86158
-4.85503
-4.85212
-4.85072
-4.85288
-4.86089
-4.87414
-4.8927
-4.91767
-4.94667
-4.97712
-5.00632
-5.02928
-5.04559
-5.05184
-5.04959
-5.03958
-5.02091
-4.99357
-4.95967
-4.92391
-4.89262
-4.87359
-4.87068
-4.88028
-4.89705
-4.91447
-4.92506
-4.93184
-4.9335
-4.93382
-4.9342
-4.93719
-4.94109
-4.94595
-4.95271
-4.9609
-4.97307
-4.98833
-5.00863
-5.03286
-5.0615
-5.08811
-5.10864
-5.11805
-5.11441
-5.10188
-5.08638
-5.07151
-5.06034
-5.05137
-5.04163
-5.02753
-5.01084
-4.99219
-4.97633
-4.9663
-4.96197
-4.96361
-4.97258
-4.98649
-5.00415
-5.02278
-5.04141
-5.05683
-5.06813
-5.07457
-5.07497
-5.07078
-5.06433
-5.05705
-5.05213
-5.04987
-5.05221
-5.05521
-5.05867
-5.05956
-5.05594
-5.04678
-5.03175
-5.0137
-4.99531
-4.97829
-4.96814
-4.96018
-4.95424
-4.94713
-4.93892
-4.93071
-4.9245
-4.92273
-4.93033
-4.94426
-4.96578
-4.99216
-5.02254
-5.05492
-5.08458
-5.11075
-5.12869
-5.14225
-5.14831
-5.1475
-5.1426
-5.13629
-5.1288
-5.12021
-5.10928
-5.09448
-5.07918
-5.06303
-5.05144
-5.0479
-5.05215
-5.06342
-5.07944
-5.0974
-5.112
-5.12554
-5.13279
-5.13522
-5.13195
-5.12194
-5.10387
-5.08086
-5.05368
-5.02493
-4.99646
-4.96993
-4.94516
-4.92381
-4.90403
-4.89205
-4.89148
-4.90191
-4.91745
-4.92843
-4.9344
-4.93476
-4.93475
-4.9335
-4.93369
-4.93672
-4.94303
-4.95551
-4.97282
-4.99124
-5.01109
-5.02869
-5.04445
-5.05713
-5.06708
-5.0721
-5.07365
-5.07066
-5.06384
-5.05332
-5.03929
-5.0265
-5.01613
-5.01091
-5.00678
-5.00211
-4.99641
-4.98771
-4.97699
-4.96289
-4.94945
-4.94012
-4.94026
-4.95084
-4.96797
-4.98711
-5.00412
-5.01261
-5.01181
-5.00219
-4.98576
-4.96598
-4.94719
-4.93099
-4.92266
-4.91986
-4.91971
-4.92074
-4.92016
-4.91822
-4.91586
-4.91019
-4.90467
-4.89674
-4.88816
-4.88191
-4.88642
-4.90258
-4.93177
-4.97102
-5.01368
-5.05325
-5.08517
-5.10694
-5.11963
-5.1245
-5.12244
-5.11249
-5.09531
-5.06958
-5.03846
-5.0058
-4.9769
-4.9574
-4.95084
-4.95616
-4.97097
-4.99122
-5.01448
-5.03583
-5.05095
-5.05778
-5.05377
-5.03955
-5.01703
-4.99332
-4.97224
-4.95513
-4.94309
-4.93766
-4.93306
-4.93278
-4.9367
-4.94603
-4.96166
-4.9822
-5.0058
-5.03038
-5.05275
-5.06981
-5.08152
-5.08612
-5.08397
-5.07568
-5.06047
-5.0398
-5.01194
-4.97864
-4.9446
-4.91369
-4.89003
-4.87871
-4.87754
-4.88318
-4.89562
-4.90926
-4.92599
-4.94227
-4.9632
-4.98652
-5.014
-5.04542
-5.07734
-5.10316
-5.12044
-5.12899
-5.12642
-5.1158
-5.10062
-5.08186
-5.06214
-5.0446
-5.0305
-5.0221
-5.02036
-5.02439
-5.03141
-5.03935
-5.04548
-5.04421
-5.03752
-5.02479
-5.00659
-4.98647
-4.96875
-4.95606
-4.95316
-4.95926
-4.97451
-4.99423
-5.01001
-5.01882
-5.01715
-5.00489
-4.98258
-4.95406
-4.92107
-4.88974
-4.86225
-4.84624
-4.84467
-4.85767
-4.88271
-4.9113
-4.94094
-4.96655
-4.98735
-5.00493
-5.02308
-5.04205
-5.06146
-5.07724
-5.08463
-5.07957
-5.06194
-5.03576
-5.00244
-4.96861
-4.93816
-4.91505
-4.90022
-4.8931
-4.89507
-4.90457
-4.91902
-4.93823
-4.95875
-4.97727
-4.99483
-5.00901
-5.0182
-5.02631
-5.03351
-5.04277
-5.05378
-5.06555
-5.07761
-5.08628
-5.08852
-5.08451
-5.07472
-5.05587
-5.03535
-5.01419
-4.99686
-4.98367
-4.97756
-4.976
-4.97915
-4.98807
-5.00022
-5.01605
-5.03335
-5.05199
-5.07107
-5.08785
-5.10139
-5.1088
-5.11132
-5.10651
-5.09706
-5.08396
-5.06571
-5.04234
-5.01859
-4.99602
-4.97819
-4.96845
-4.96573
-4.96838
-4.97493
-4.98175
-4.98897
-4.99306
-4.99402
-4.99071
-4.98279
-4.97251
-4.96241
-4.95414
-4.94864
-4.9451
-4.94275
-4.94346
-4.94809
-4.95587
-4.96671
-4.97968
-4.99322
-5.00746
-5.02214
-5.03737
-5.05339
-5.07063
-5.0882
-5.10446
-5.11685
-5.1231
-5.12347
-5.1199
-5.11348
-5.10912
-5.10994
-5.11286
-5.11592
-5.11628
-5.11372
-5.10454
-5.08694
-5.06445
-5.03664
-5.00721
-4.97841
-4.95263
-4.93105
-4.915
-4.90488
-4.90019
-4.90596
-4.92219
-4.94968
-4.98231
-5.01669
-5.04895
-5.07498
-5.09157
-5.10107
-5.10316
-5.1021
-5.09746
-5.09234
-5.08668
-5.07875
-5.07044
-5.06142
-5.05272
-5.04417
-5.03221
-5.0204
-5.00711
-4.99359
-4.98103
-4.97198
-4.96786
-4.96937
-4.97273
-4.97959
-4.98611
-4.98908
-4.9873
-4.98047
-4.97191
-4.9672
-4.96798
-4.97826
-4.99562
-5.01828
-5.03794
-5.05292
-5.05821
-5.05367
-5.04124
-5.02667
-5.01018
-4.9992
-4.99369
-4.99451
-4.99978
-5.0066
-5.0136
-5.01705
-5.01902
-5.02126
-5.02348
-5.02644
-5.02896
-5.03239
-5.03513
-5.03771
-5.04026
-5.04193
-5.04264
-5.04097
-5.03956
-5.03417
-5.02666
-5.01404
-4.99634
-4.97339
-4.94771
-4.92136
-4.89832
-4.88221
-4.87743
-4.88196
-4.89509
-4.91186
-4.93237
-4.95199
-4.97356
-4.99576
-5.02014
-5.04624
-5.0716
-5.09541
-5.11668
-5.13071
-5.13797
-5.13687
-5.12434
-5.10084
-5.07002
-5.0374
-5.00727
-4.98419
-4.96996
-4.96248
-4.96318
-4.97012
-4.98255
-4.99827
-5.01509
-5.02901
-5.0388
-5.04262
-5.04176
-5.03841
-5.03201
-5.02776
-5.02685
-5.03123
-5.04079
-5.05469
-5.07056
-5.0842
-5.09564
-5.10371
-5.10874
-5.11093
-5.10711
-5.10002
-5.08625
-5.06639
-5.04238
-5.0163
-4.99072
-4.96723
-4.94962
-4.9387
-4.93309
-4.93204
-4.93608
-4.94318
-4.95507
-4.97302
-4.99489
-5.01608
-5.03342
-5.04635
-5.05204
-5.05077
-5.04868
-5.04558
-5.04375
-5.04371
-5.04642
-5.05237
-5.06127
-5.07087
-5.08232
-5.09457
-5.10563
-5.11277
-5.11869
-5.11948
-5.11686
-5.1078
-5.09643
-5.08154
-5.06337
-5.04577
-5.02788
-5.01268
-5.00046
-4.98995
-4.98155
-4.97455
-4.96955
-4.96955
-4.97358
-4.98209
-4.99758
-5.01702
-5.03934
-5.05942
-5.07542
-5.08188
-5.07951
-5.07073
-5.05797
-5.04414
-5.03353
-5.03067
-5.0374
-5.05296
-5.07283
-5.09383
-5.11264
-5.12681
-5.13517
-5.1381
-5.13827
-5.1372
-5.13387
-5.13216
-5.13229
-5.13746
-5.14679
-5.16314
-5.18457
-5.20877
-5.23241
-5.2531
-5.26743
-5.27559
-5.27705
-5.26806
-5.25101
-5.22377
-5.18699
-5.14515
-5.105
-5.07057
-5.04594
-5.03045
-5.02259
-5.02289
-5.02791
-5.03462
-5.04443
-5.05612
-5.07031
-5.08585
-5.10035
-5.11376
-5.12597
-5.13823
-5.14958
-5.15874
-5.1662
-5.16782
-5.16102
-5.14091
-5.10913
-5.06402
-5.01374
-4.96573
-4.92812
-4.90629
-4.89907
-4.90359
-4.9166
-4.93433
-4.95465
-4.97323
-4.99181
-5.00758
-5.02379
-5.04001
-5.05887
-5.07519
-5.08787
-5.09482
-5.09804
-5.09579
-5.08315
-5.06166
-5.03012
-4.98783
-4.94371
-4.90722
-4.88428
-4.88115
-4.8933
-4.91257
-4.93176
-4.94686
-4.95501
-4.9583
-4.96008
-4.96193
-4.96524
-4.96987
-4.97794
-4.98713
-4.99584
-5.00337
-5.01066
-5.02031
-5.03173
-5.04352
-5.0549
-5.0606
-5.06167
-5.05802
-5.05105
-5.04042
-5.03046
-5.02349
-5.02037
-5.02014
-5.02375
-5.02885
-5.03207
-5.03568
-5.04044
-5.05038
-5.06572
-5.08328
-5.10125
-5.11523
-5.12626
-5.13245
-5.13706
-5.13821
-5.13537
-5.13015
-5.12256
-5.11494
-5.1105
-5.11143
-5.11354
-5.11233
-5.10738
-5.09582
-5.07862
-5.05621
-5.03305
-5.00946
-4.98946
-4.97381
-4.96401
-4.95719
-4.95336
-4.94833
-4.94032
-4.92889
-4.91759
-4.91002
-4.90828
-4.91542
-4.92809
-4.9444
-4.96383
-4.98075
-4.99282
-4.99866
-4.9984
-4.99371
-4.98624
-4.97836
-4.97231
-4.96881
-4.96857
-4.97059
-4.97323
-4.97528
-4.97386
-4.9677
-4.95523
-4.9401
-4.92908
-4.9281
-4.93788
-4.95463
-4.97313
-4.98931
-5.00252
-5.01719
-5.03368
-5.05206
-5.07307
-5.09425
-5.11078
-5.12044
-5.12378
-5.11964
-5.11057
-5.09883
-5.08745
-5.07709
-5.06858
-5.06265
-5.05988
-5.06172
-5.06932
-5.08124
-5.09324
-5.10283
-5.10709
-5.10527
-5.09805
-5.08836
-5.07622
-5.06679
-5.05877
-5.05207
-5.04696
-5.04077
-5.03405
-5.02593
-5.01936
-5.01534
-5.01366
-5.01538
-5.01931
-5.02383
-5.02724
-5.03043
-5.03257
-5.03382
-5.03198
-5.02377
-5.01266
-4.99809
-4.98099
-4.96384
-4.9474
-4.92982
-4.91231
-4.89464
-4.87991
-4.87108
-4.87114
-4.88628
-4.91681
-4.95842
-5.00612
-5.05284
-5.0958
-5.12909
-5.14966
-5.15754
-5.15228
-5.13646
-5.11231
-5.08272
-5.05192
-5.02208
-4.99665
-4.97773
-4.96751
-4.96808
-4.97876
-4.99427
-5.01523
-5.03763
-5.05749
-5.07517
-5.08904
-5.09741
-5.09872
-5.09182
-5.07958
-5.06335
-5.04537
-5.02748
-5.01231
-5.0006
-4.99577
-4.99668
-5.00279
-5.01309
-5.02859
-5.04618
-5.06445
-5.0826
-5.09934
-5.1144
-5.13021
-5.14397
-5.15563
-5.16368
-5.16861
-5.16548
-5.15219
-5.12592
-5.08931
-5.04519
-5.0013
-4.96552
-4.9384
-4.91758
-4.90342
-4.89407
-4.8884
-4.88417
-4.88172
-4.88288
-4.89118
-4.90955
-4.93654
-4.96587
-4.99448
-5.01582
-5.0297
-5.0369
-5.04123
-5.04228
-5.04311
-5.042
-5.03774
-5.02871
-5.01678
-5.00338
-4.99346
-4.99497
-5.00907
-5.03536
-5.06925
-5.10821
-5.14593
-5.18026
-5.20954
-5.23262
-5.24704
-5.25488
-5.25682
-5.25312
-5.24624
-5.23729
-5.22909
-5.21803
-5.20433
-5.18515
-5.1589
-5.12623
-5.08736
-5.04601
-5.00552
-4.9717
-4.94848
-4.94008
-4.94721
-4.96548
-4.99155
-5.01943
-5.04682
-5.07449
-5.09885
-5.1224
-5.1414
-5.15217
-5.15518
-5.14815
-5.13389
-5.11547
-5.09484
-5.07147
-5.04669
-5.02272
-5.00224
-4.98463
-4.97216
-4.96367
-4.96348
-4.96889
-4.97663
-4.98372
-4.98917
-4.99158
-4.99043
-4.98667
-4.98147
-4.97652
-4.97181
-4.9712
-4.97374
-4.97988
-4.9897
-5.00348
-5.01951
-5.03778
-5.05244
-5.06074
-5.05924
-5.04651
-5.0255
-4.99714
-4.97086
-4.95339
-4.94815
-4.95511
-4.96992
-4.98785
-5.00364
-5.01529
-5.0223
-5.02383
-5.02252
-5.01899
-5.01264
-5.00656
-4.99696
-4.98663
-4.97314
-4.96229
-4.95128
-4.94264
-4.93527
-4.92788
-4.91998
-4.91191
-4.90647
-4.90779
-4.91674
-4.93679
-4.96256
-4.99329
-5.0248
-5.05591
-5.08651
-5.11292
-5.13455
-5.14972
-5.15706
-5.15793
-5.15398
-5.14929
-5.14372
-5.1371
-5.12693
-5.11161
-5.09098
-5.06743
-5.04768
-5.03575
-5.03276
-5.03759
-5.04934
-5.06171
-5.07201
-5.07744
-5.07744
-5.07405
-5.06802
-5.05847
-5.04714
-5.03392
-5.01658
-4.9937
-4.96518
-4.93356
-4.90502
-4.88976
-4.90024
-4.93662
-4.99615
-5.06572
-5.13242
-5.18839
-5.22763
-5.24941
-5.25499
-5.24342
-5.22
-5.18857
-5.15207
-5.11358
-5.074
-5.03614
-5.00381
-4.97932
-4.96723
-4.96521
-4.97174
-4.98542
-5.00303
-5.02408
-5.04621
-5.06924
-5.08886
-5.10541
-5.11809
-5.12916
-5.13792
-5.14578
-5.1525
-5.15744
-5.15962
-5.16005
-5.1568
-5.15171
-5.14887
-5.14512
-5.14086
-5.13416
-5.1252
-5.10995
-5.0919
-5.07379
-5.05871
-5.0471
-5.03434
-5.0157
-4.9874
-4.95152
-4.91098
-4.87108
-4.83962
-4.81765
-4.80922
-4.8149
-4.83138
-4.85672
-4.88769
-4.92101
-4.95417
-4.98634
-5.01668
-5.04575
-5.07137
-5.09278
-5.10849
-5.11898
-5.12507
-5.12517
-5.12451
-5.12249
-5.12089
-5.11917
-5.11758
-5.11478
-5.10907
-5.09981
-5.08751
-5.07128
-5.05042
-5.02534
-5.00031
-4.97762
-4.95764
-4.94327
-4.93503
-4.93263
-4.93582
-4.94697
-4.96156
-4.98274
-5.00784
-5.03655
-5.06728
-5.09493
-5.11441
-5.12573
-5.12508
-5.11659
-5.1039
-5.08996
-5.07982
-5.07713
-5.08356
-5.09987
-5.12173
-5.14603
-5.16591
-5.1803
-5.18541
-5.18035
-5.16733
-5.14506
-5.11569
-5.07796
-5.03419
-4.98616
-4.93481
-4.88356
-4.83466
-4.79395
-4.76545
-4.75426
-4.76351
-4.79075
-4.83106
-4.87979
-4.92713
-4.97014
-5.00559
-5.03183
-5.04833
-5.05393
-5.04756
-5.02882
-4.99823
-4.95848
-4.91346
-4.86993
-4.83562
-4.81437
-4.80958
-4.82091
-4.84372
-4.87327
-4.90567
-4.93696
-4.96763
-4.99607
-5.0221
-5.04713
-5.06875
-5.0897
-5.11051
-5.12966
-5.14826
-5.16345
-5.17578
-5.18451
-5.18885
-5.1894
-5.18305
-5.17374
-5.15886
-5.13829
-5.11491
-5.08757
-5.05962
-5.03408
-5.01209
-4.99371
-4.98277
-4.97684
-4.97561
-4.97811
-4.98333
-4.98616
-4.98719
-4.98342
-4.97206
-4.95722
-4.93688
-4.91499
-4.89433
-4.87961
-4.87273
-4.87321
-4.87982
-4.89233
-4.9092
-4.92916
-4.94805
-4.96141
-4.96944
-4.97126
-4.96763
-4.95931
-4.95139
-4.94794
-4.9529
-4.96304
-4.97604
-4.9897
-4.99832
-5.00052
-4.99918
-4.99816
-5.00079
-5.00964
-5.0228
-5.03495
-5.0413
-5.04113
-5.03119
-5.01269
-4.98656
-4.95419
-4.91872
-4.88122
-4.8472
-4.82021
-4.8001
-4.78923
-4.78529
-4.78807
-4.79943
-4.81767
-4.84273
-4.87523
-4.90997
-4.94533
-4.97719
-5.00425
-5.02716
-5.04607
-5.06234
-5.07449
-5.08411
-5.0914
-5.09269
-5.08711
-5.07128
-5.04796
-5.02189
-4.99749
-4.97935
-4.96787
-4.96143
-4.9587
-4.95831
-4.9617
-4.9675
-4.97637
-4.98521
-4.99157
-4.99593
-4.99563
-4.99017
-4.97932
-4.96426
-4.94687
-4.92923
-4.91361
-4.902
-4.89482
-4.89269
-4.89811
-4.90978
-4.92799
-4.95064
-4.97431
-4.995
-5.011
-5.02155
-5.02662
-5.02416
-5.01595
-5.00529
-4.99135
-4.97773
-4.96533
-4.95369
-4.94426
-4.93611
-4.93285
-4.93136
-4.93129
-4.93097
-4.92695
-4.9185
-4.90568
-4.89317
-4.886
-4.8898
-4.90842
-4.94266
-4.98663
-5.03608
-5.08447
-5.12799
-5.16191
-5.18664
-5.20162
-5.20645
-5.20253
-5.19037
-5.17426
-5.15453
-5.13306
-5.11021
-5.0878
-5.06374
-5.03924
-5.01296
-4.98796
-4.96468
-4.94654
-4.93496
-4.93427
-4.94191
-4.95668
-4.97811
-5.00064
-5.02087
-5.03626
-5.04521
-5.04483
-5.03925
-5.02942
-5.01573
-4.99982
-4.98611
-4.97679
-4.97537
-4.98314
-4.99816
-5.01534
-5.03203
-5.04394
-5.05128
-5.05575
-5.05727
-5.058
-5.06061
-5.06558
-5.07299
-5.08198
-5.08821
-5.09057
-5.08508
-5.07144
-5.04931
-5.01872
-4.98228
-4.94313
-4.90488
-4.87169
-4.85002
-4.84302
-4.85434
-4.87989
-4.91679
-4.95742
-4.99411
-5.01993
-5.03389
-5.03615
-5.02886
-5.01607
-5.00003
-4.98392
-4.96839
-4.95208
-4.93501
-4.91796
-4.89937
-4.88216
-4.87745
-4.8914
-4.92586
-4.96909
-5.00906
-5.04024
-5.06042
-5.06933
-5.06955
-5.06395
-5.05518
-5.04526
-5.03561
-5.02738
-5.02053
-5.01437
-5.00854
-5.00385
-4.99813
-4.99241
-4.98621
-4.98076
-4.97491
-4.97128
-4.96774
-4.96375
-4.95741
-4.94931
-4.94398
-4.94312
-4.94798
-4.96142
-4.98353
-5.00921
-5.03413
-5.05225
-5.061
-5.05908
-5.04852
-5.03127
-5.01214
-4.99061
-4.97352
-4.95971
-4.95285
-4.95385
-4.9613
-4.97743
-4.99788
-5.02036
-5.03914
-5.05074
-5.05054
-5.04111
-5.0229
-4.99732
-4.97411
-4.95662
-4.95384
-4.97135
-5.00512
-5.04806
-5.09307
-5.12967
-5.15246
-5.16374
-5.16542
-5.16145
-5.15837
-5.1568
-5.15772
-5.15659
-5.15126
-5.1414
-5.13045
-5.11703
-5.10361
-5.09066
-5.07805
-5.06465
-5.05104
-5.0386
-5.0282
-5.02163
-5.01994
-5.02255
-5.02799
-5.03163
-5.02925
-5.01926
-5.00338
-4.98309
-4.96074
-4.94151
-4.92544
-4.91833
-4.91985
-4.92997
-4.94638
-4.96791
-4.98951
-5.01077
-5.02932
-5.04392
-5.05818
-5.07062
-5.0802
-5.08671
-5.09162
-5.09462
-5.09297
-5.0865
-5.0761
-5.05987
-5.04227
-5.02063
-4.99512
-4.96605
-4.93785
-4.9126
-4.89391
-4.88947
-4.8979
-4.91735
-4.94637
-4.97756
-5.00876
-5.03472
-5.05248
-5.062
-5.06485
-5.05959
-5.04938
-5.03692
-5.02202
-5.0073
-4.9916
-4.97521
-4.96076
-4.94789
-4.94425
-4.94738
-4.96226
-4.98276
-5.00939
-5.03641
-5.06104
-5.07973
-5.08985
-5.09103
-5.08393
-5.07108
-5.05387
-5.0361
-5.0208
-5.00845
-5.00185
-5.00073
-5.00669
-5.01803
-5.03396
-5.05253
-5.06875
-5.08131
-5.08882
-5.08936
-5.08316
-5.06825
-5.04986
-5.03114
-5.01222
-4.99504
-4.98098
-4.97084
-4.96544
-4.96442
-4.96609
-4.96896
-4.9691
-4.96681
-4.96675
-4.9726
-4.98647
-5.00231
-5.01591
-5.02126
-5.01764
-5.00113
-4.97593
-4.94465
-4.90976
-4.87576
-4.84478
-4.82213
-4.81088
-4.8126
-4.82568
-4.84936
-4.87807
-4.91039
-4.94242
-4.96915
-4.98644
-4.9973
-4.99859
-4.99507
-4.99126
-4.98824
-4.98895
-4.99312
-5.00124
-5.01201
-5.0245
-5.03575
-5.04266
-5.04468
-5.03959
-5.02819
-5.01454
-5.00183
-4.99656
-5.00274
-5.01861
-5.04139
-5.06385
-5.08081
-5.08932
-5.09033
-5.08821
-5.08651
-5.08912
-5.09518
-5.10361
-5.11005
-5.11177
-5.10738
-5.09814
-5.08742
-5.07424
-5.05971
-5.04789
-5.04175
-5.04472
-5.0581
-5.07949
-5.10196
-5.12435
-5.14121
-5.15228
-5.15654
-5.15684
-5.1513
-5.14049
-5.1273
-5.11271
-5.09936
-5.09303
-5.09398
-5.09993
-5.10847
-5.11666
-5.12337
-5.12782
-5.13008
-5.13025
-5.12677
-5.11858
-5.10238
-5.08124
-5.05742
-5.0348
-5.01745
-5.00498
-4.99672
-4.98951
-4.98048
-4.96795
-4.95275
-4.93544
-4.92034
-4.91004
-4.9059
-4.90761
-4.91213
-4.91717
-4.9201
-4.92165
-4.91976
-4.9159
-4.91034
-4.9043
-4.89609
-4.88969
-4.88518
-4.88451
-4.88458
-4.88901
-4.89316
-4.89607
-4.89873
-4.902
-4.90553
-4.91254
-4.92272
-4.93633
-4.95274
-4.97068
-4.98647
-4.99858
-5.00735
-5.01376
-5.02047
-5.02765
-5.0345
-5.04122
-5.05255
-5.0683
-5.08643
-5.10036
-5.10387
-5.09246
-5.06526
-5.02317
-4.97157
-4.9176
-4.86974
-4.83655
-4.82363
-4.82951
-4.84845
-4.87265
-4.89631
-4.91614
-4.93225
-4.94885
-4.96748
-4.98985
-5.01425
-5.03678
-5.05423
-5.06632
-5.07115
-5.07058
-5.06941
-5.0657
-5.06231
-5.05884
-5.05505
-5.05198
-5.04932
-5.04473
-5.04049
-5.03719
-5.03753
-5.04008
-5.04461
-5.04925
-5.05033
-5.0481
-5.0412
-5.03012
-5.01546
-4.9999
-4.98295
-4.96913
-4.95981
-4.95401
-4.9514
-4.95329
-4.95913
-4.96745
-4.97931
-4.98975
-4.99798
-5.00081
-4.99844
-4.98874
-4.9728
-4.9522
-4.93546
-4.92687
-4.92777
-4.93859
-4.95614
-4.97566
-4.99465
-5.00534
-5.00682
-4.99872
-4.98643
-4.9755
-4.97018
-4.9735
-4.98628
-5.00568
-5.02383
-5.03833
-5.04412
-5.0398
-5.02832
-5.01085
-4.99458
-4.98163
-4.97239
-4.96747
-4.96317
-4.95903
-4.95499
-4.95222
-4.95211
-4.95893
-4.97163
-4.98858
-5.00683
-5.02518
-5.03707
-5.04217
-5.04005
-5.03282
-5.02239
-5.00889
-4.99435
-4.98042
-4.96536
-4.95283
-4.94409
-4.93924
-4.93739
-4.93951
-4.94654
-4.95545
-4.96466
-4.97152
-4.97572
-4.97672
-4.97484
-4.97209
-4.97009
-4.96921
-4.9702
-4.97458
-4.98238
-4.99192
-5.00169
-5.01007
-5.01492
-5.01677
-5.01823
-5.02083
-5.02676
-5.03462
-5.04435
-5.05353
-5.06404
-5.07203
-5.07892
-5.08694
-5.09266
-5.0955
-5.09386
-5.08533
-5.06906
-5.0487
-5.02655
-5.00589
-4.99014
-4.98057
-4.97672
-4.97198
-4.96662
-4.95701
-4.94624
-4.933
-4.92167
-4.91556
-4.91728
-4.93052
-4.95781
-4.99428
-5.03726
-5.08083
-5.1171
-5.14156
-5.15324
-5.14959
-5.13151
-5.10386
-5.07104
-5.03904
-5.01328
-4.99691
-4.98975
-4.99193
-4.99872
-5.00509
-5.00776
-5.00702
-5.00266
-4.99854
-4.99664
-4.99816
-5.00315
-5.01019
-5.01711
-5.02612
-5.0336
-5.03791
-5.03598
-5.02875
-5.01628
-5.00147
-4.98847
-4.97885
-4.97838
-4.98694
-5.00328
-5.02219
-5.04138
-5.05611
-5.06397
-5.06752
-5.0673
-5.06326
-5.05955
-5.05698
-5.05604
-5.05397
-5.05051
-5.04748
-5.04052
-5.03327
-5.02352
-5.01367
-5.00232
-4.9877
-4.97273
-4.95478
-4.93462
-4.91233
-4.89097
-4.87021
-4.85258
-4.8428
-4.84157
-4.84976
-4.86349
-4.87999
-4.8955
-4.90512
-4.91018
-4.90957
-4.9077
-4.90631
-4.90726
-4.90981
-4.91235
-4.91173
-4.90897
-4.90303
-4.89629
-4.88617
-4.87588
-4.86484
-4.85445
-4.8485
-4.84853
-4.85774
-4.87237
-4.88882
-4.90396
-4.9172
-4.92595
-4.93326
-4.93599
-4.93696
-4.93698
-4.93622
-4.93605
-4.94037
-4.94684
-4.9549
-4.96506
-4.97551
-4.98397
-4.99068
-4.99461
-4.99566
-4.99617
-4.99687
-4.9991
-5.00292
-5.01054
-5.01725
-5.02324
-5.02741
-5.03154
-5.03546
-5.04203
-5.05095
-5.06165
-5.07203
-5.07816
-5.07998
-5.07637
-5.07009
-5.06376
-5.06142
-5.06403
-5.0694
-5.07547
-5.07972
-5.07927
-5.07326
-5.05937
-5.03831
-5.01163
-4.98303
-4.95719
-4.93688
-4.92544
-4.92648
-4.93644
-4.95305
-4.9719
-4.99109
-5.00749
-5.02111
-5.02949
-5.03163
-5.02796
-5.01933
-5.00574
-4.98574
-4.96113
-4.93192
-4.89984
-4.86714
-4.84099
-4.82385
-4.81681
-4.82105
-4.83645
-4.8628
-4.89879
-4.93947
-4.97992
-5.01537
-5.04695
-5.07064
-5.08733
-5.09801
-5.1017
-5.10029
-5.09329
-5.08127
-5.06515
-5.04651
-5.02579
-5.00627
-4.99117
-4.97866
-4.96662
-4.95287
-4.93774
-4.91817
-4.89871
-4.88337
-4.87169
-4.86831
-4.8736
-4.88576
-4.90336
-4.92313
-4.93934
-4.95166
-4.9584
-4.95972
-4.95795
-4.95145
-4.93994
-4.92481
-4.90637
-4.89219
-4.88869
-4.89613
-4.91313
-4.93374
-4.95411
-4.97345
-4.98954
-5.00598
-5.02323
-5.04063
-5.05893
-5.07792
-5.09776
-5.11884
-5.13658
-5.14951
-5.15495
-5.14757
-5.12814
-5.09671
-5.0563
-5.01023
-4.96353
-4.92556
-4.904
-4.90523
-4.92929
-4.97321
-5.0282
-5.08424
-5.13567
-5.17531
-5.19841
-5.20494
-5.19434
-5.17009
-5.1382
-5.10371
-5.07413
-5.05212
-5.03268
-5.01468
-4.99528
-4.97541
-4.96132
-4.95437
-4.95911
-4.97034
-4.98605
-5.00208
-5.01334
-5.02134
-5.02747
-5.03337
-5.04083
-5.04969
-5.05926
-5.06791
-5.0721
-5.06981
-5.05922
-5.04047
-5.01585
-4.98845
-4.95985
-4.93212
-4.909
-4.89131
-4.88329
-4.8866
-4.90381
-4.93228
-4.96395
-4.9918
-5.01157
-5.02009
-5.01855
-5.0071
-4.98691
-4.96008
-4.92644
-4.89155
-4.86031
-4.83689
-4.82433
-4.82338
-4.82942
-4.83942
-4.85311
-4.87078
-4.89505
-4.92725
-4.9638
-5.00027
-5.03243
-5.05457
-5.06768
-5.07098
-5.06938
-5.06715
-5.0677
-5.07212
-5.08058
-5.08895
-5.09564
-5.0988
-5.09603
-5.08949
-5.07899
-5.06497
-5.04761
-5.02803
-5.00881
-4.99097
-4.98125
-4.98474
-5.00071
-5.02444
-5.04987
-5.07525
-5.09468
-5.10604
-5.10969
-5.10439
-5.09354
-5.07672
-5.05818
-5.03958
-5.02137
-5.00224
-4.98192
-4.95989
-4.93869
-4.91944
-4.90498
-4.89912
-4.90162
-4.91396
-4.93267
-4.95835
-4.98716
-5.01703
-5.04601
-5.0717
-5.09135
-5.10427
-5.11278
-5.11527
-5.11572
-5.11476
-5.1114
-5.10618
-5.09711
-5.08641
-5.07353
-5.06119
-5.05102
-5.04113
-5.03708
-5.03897
-5.04693
-5.06004
-5.07335
-5.08274
-5.08521
-5.07963
-5.06697
-5.04977
-5.02693
-5.00197
-4.97502
-4.94663
-4.92214
-4.90519
-4.89456
-4.89192
-4.89737
-4.9093
-4.92531
-4.9429
-4.96037
-4.97419
-4.98434
-4.98635
-4.98288
-4.97294
-4.95825
-4.94186
-4.92882
-4.92425
-4.92942
-4.94054
-4.95252
-4.96744
-4.98239
-4.99816
-5.0138
-5.02755
-5.03754
-5.04342
-5.04488
-5.04164
-5.03172
-5.01569
-4.99271
-4.96375
-4.93292
-4.90505
-4.88301
-4.87056
-4.87132
-4.88491
-4.91081
-4.94386
-4.97782
-5.00689
-5.02713
-5.03968
-5.04421
-5.04263
-5.03857
-5.02979
-5.01882
-5.00876
-5.00086
-4.99408
-4.99057
-4.98688
-4.98394
-4.98307
-4.98346
-4.98122
-4.97941
-4.97278
-4.96158
-4.94692
-4.92975
-4.91536
-4.90484
-4.90095
-4.90708
-4.92443
-4.94846
-4.97469
-4.99968
-5.01741
-5.02571
-5.01998
-5.00389
-4.98139
-4.96124
-4.94482
-4.93467
-4.9285
-4.925
-4.92511
-4.92438
-4.92289
-4.92007
-4.91623
-4.91401
-4.91781
-4.93282
-4.95752
-4.98758
-5.01698
-5.04126
-5.05777
-5.06428
-5.06169
-5.04908
-5.03064
-5.00505
-4.97573
-4.94567
-4.91564
-4.88941
-4.87102
-4.85952
-4.8568
-4.86299
-4.87278
-4.88591
-4.90218
-4.91792
-4.93417
-4.94723
-4.95809
-4.96794
-4.9777
-4.98638
-4.99399
-5.00209
-5.01096
-5.01849
-5.0239
-5.0277
-5.02652
-5.02267
-5.01308
-5.00142
-4.98753
-4.97184
-4.95669
-4.94252
-4.92689
-4.9107
-4.89266
-4.8745
-4.85533
-4.83818
-4.82467
-4.8181
-4.81781
-4.82799
-4.84322
-4.86207
-4.88084
-4.89626
-4.90607
-4.91298
-4.91631
-4.91943
-4.92189
-4.9185
-4.90647
-4.88593
-4.86053
-4.83392
-4.81523
-4.80985
-4.82212
-4.85061
-4.88674
-4.92203
-4.9473
-4.95922
-4.95692
-4.93947
-4.90976
-4.87096
-4.82581
-4.7826
-4.74481
-4.718
-4.70545
-4.70481
-4.7117
-4.71988
-4.72808
-4.73935
-4.75553
-4.78371
-4.82567
-4.88023
-4.93768
-4.98971
-5.03226
-5.06346
-5.08316
-5.09051
-5.08668
-5.07396
-5.05735
-5.04034
-5.02914
-5.02533
-5.02966
-5.0406
-5.0551
-5.06695
-5.07228
-5.06818
-5.05683
-5.03676
-5.01255
-4.98572
-4.96036
-4.93925
-4.92426
-4.91621
-4.91787
-4.92888
-4.94693
-4.9705
-4.99654
-5.02136
-5.04281
-5.05777
-5.06427
-5.06316
-5.05804
-5.04874
-5.0395
-5.03173
-5.02563
-5.01961
-5.01106
-5.00263
-4.99486
-4.99346
-4.99895
-5.01059
-5.02654
-5.04067
-5.05141
-5.05433
-5.04517
-5.02754
-5.0023
-4.97651
-4.95278
-4.93747
