-4.71475
-4.71475
-4.71475
-4.71475
-4.71369
-4.71112
-4.70825
-4.70538
-4.70342
-4.70176
-4.69979
-4.69738
-4.69707
-4.69722
-4.69571
-4.69631
-4.69646
-4.69797
-4.69827
-4.69888
-4.69888
-4.69979
-4.69994
-4.70024
-4.70055
-4.70025
-4.7007
-4.70115
-4.7013
-4.70161
-4.70115
-4.70175
-4.70175
-4.70191
-4.7016
-4.70221
-4.70281
-4.70266
-4.70266
-4.70236
-4.701
-4.70085
-4.70054
-4.7007
-4.70054
-4.70145
-4.7019
-4.70236
-4.70145
-4.70236
-4.70175
-4.70221
-4.70266
-4.70251
-4.70205
-4.70266
-4.70281
-4.70266
-4.70296
-4.70251
-4.70221
-4.70175
-4.7013
-4.7016
-4.70236
-4.70251
-4.70266
-4.70311
-4.70266
-4.7022
-4.7013
-4.7019
-4.70221
-4.70251
-4.70296
-4.70251
-4.70206
-4.701
-4.70145
-4.70205
-4.7013
-4.70115
-4.7013
-4.7019
-4.70251
-4.70341
-4.70281
-4.70296
-4.70387
-4.70402
-4.70417
-4.70432
-4.70432
-4.70432
-4.70417
-4.70432
-4.70462
-4.70553
-4.70538
-4.70508
-4.70508
-4.70583
-4.70568
-4.70583
-4.70628
-4.70598
-4.70583
-4.70568
-4.70583
-4.70568
-4.70598
-4.70644
-4.70659
-4.70674
-4.70674
-4.70613
-4.70644
-4.70568
-4.70493
-4.70493
-4.70568
-4.70629
-4.70599
-4.70644
-4.70599
-4.70629
-4.7069
-4.7072
-4.70674
-4.70704
-4.7075
-4.7075
-4.70795
-4.70795
-4.70795
-4.7075
-4.70629
-4.70614
-4.70644
-4.70689
-4.70719
-4.70719
-4.70719
-4.7075
-4.70659
-4.70614
-4.70705
-4.70735
-4.70705
-4.70659
-4.70599
-4.70599
-4.70614
-4.70705
-4.70705
-4.70704
-4.70704
-4.70674
-4.70704
-4.70674
-4.70629
-4.70659
-4.70614
-4.70598
-4.70583
-4.70568
-4.70583
-4.70523
-4.70478
-4.70508
-4.70448
-4.70448
-4.70493
-4.70448
-4.70417
-4.70417
-4.70402
-4.70372
-4.70357
-4.70281
-4.70387
-4.70341
-4.70402
-4.70417
-4.70417
-4.70447
-4.70432
-4.70387
-4.70236
-4.70327
-4.70281
-4.70266
-4.70266
-4.70312
-4.70417
-4.70417
-4.70417
-4.70357
-4.70357
-4.70311
-4.70296
-4.70251
-4.70251
-4.70236
-4.70221
-4.70236
-4.70251
-4.70281
-4.70342
-4.70327
-4.70312
-4.70281
-4.70266
-4.70236
-4.70266
-4.70296
-4.70251
-4.70236
-4.70236
-4.70191
-4.70145
-4.70115
-4.70221
-4.70115
-4.7013
-4.70145
-4.701
-4.70161
-4.7013
-4.70085
-4.70085
-4.70009
-4.70055
-4.701
-4.70085
-4.701
-4.70085
-4.70115
-4.70191
-4.70251
-4.70236
-4.70206
-4.70145
-4.701
-4.701
-4.70085
-4.701
-4.70115
-4.70085
-4.70115
-4.70115
-4.70145
-4.70176
-4.70221
-4.70206
-4.70176
-4.70161
-4.70085
-4.701
-4.70145
-4.70115
-4.70115
-4.70206
-4.70145
-4.70191
-4.70145
-4.7013
-4.70175
-4.70176
-4.701
-4.70085
-4.70115
-4.70145
-4.70191
-4.70221
-4.70297
-4.70221
-4.70221
-4.70191
-4.70297
-4.70282
-4.70342
-4.70372
-4.70251
-4.70236
-4.70372
-4.70342
-4.70311
-4.70402
-4.70508
-4.70508
-4.70432
-4.70357
-4.70372
-4.70281
-4.70206
-4.70206
-4.70312
-4.70266
-4.70266
-4.70266
-4.70281
-4.70312
-4.70417
-4.70463
-4.70493
-4.70372
-4.70372
-4.70372
-4.70433
-4.70433
-4.70402
-4.70448
-4.70448
-4.70448
-4.70478
-4.70508
-4.70508
-4.70448
-4.70463
-4.70327
-4.70312
-4.70266
-4.70312
-4.70342
-4.70342
-4.70372
-4.70417
-4.70372
-4.70372
-4.70432
-4.70417
-4.70342
-4.70387
-4.70402
-4.70387
-4.70357
-4.70296
-4.70342
-4.70281
-4.70296
-4.70311
-4.70251
-4.70266
-4.70251
-4.70206
-4.70236
-4.70327
-4.70282
-4.70251
-4.70297
-4.70221
-4.70191
-4.70312
-4.70266
-4.70266
-4.70282
-4.70327
-4.70327
-4.70342
-4.70327
-4.70251
-4.70206
-4.70145
-4.7013
-4.70145
-4.70145
-4.70115
-4.70055
-4.70115
-4.7016
-4.70145
-4.70161
-4.70146
-4.70221
-4.70206
-4.70297
-4.70297
-4.70266
-4.70191
-4.70282
-4.70357
-4.70327
-4.70327
-4.70372
-4.70296
-4.70266
-4.70176
-4.70281
-4.70281
-4.70281
-4.70251
-4.70221
-4.70266
-4.70327
-4.70297
-4.70372
-4.70387
-4.70372
-4.70357
-4.70418
-4.70387
-4.70493
-4.70508
-4.70568
-4.70508
-4.70493
-4.70448
-4.70508
-4.70493
-4.70553
-4.70523
-4.70599
-4.70644
-4.70568
-4.70599
-4.70553
-4.70553
-4.70538
-4.70568
-4.70523
-4.70508
-4.70614
-4.70493
-4.70508
-4.70584
-4.70553
-4.70568
-4.70614
-4.70659
-4.70629
-4.70584
-4.70568
-4.70538
-4.70553
-4.70432
-4.70402
-4.70387
-4.70342
-4.70342
-4.70251
-4.70281
-4.70251
-4.70281
-4.70266
-4.70221
-4.70206
-4.70221
-4.70145
-4.70145
-4.7007
-4.7013
-4.7016
-4.70175
-4.701
-4.70024
-4.7013
-4.701
-4.70115
-4.70055
-4.70024
-4.70085
-4.7007
-4.70176
-4.70191
-4.70206
-4.70311
-4.70417
-4.70463
-4.70387
-4.70417
-4.70448
-4.70463
-4.70448
-4.70417
-4.70448
-4.70432
-4.70463
-4.70538
-4.70523
-4.70508
-4.70553
-4.70553
-4.70493
-4.70478
-4.70463
-4.70432
-4.70387
-4.70372
-4.70387
-4.70447
-4.70417
-4.70432
-4.70478
-4.70417
-4.70402
-4.70387
-4.70372
-4.70342
-4.70417
-4.70357
-4.70251
-4.70206
-4.70176
-4.70191
-4.70191
-4.70115
-4.70131
-4.701
-4.70191
-4.70312
-4.70312
-4.70342
-4.70312
-4.70281
-4.70221
-4.70251
-4.70251
-4.70236
-4.70176
-4.70221
-4.70146
-4.70206
-4.70161
-4.7013
-4.7013
-4.70206
-4.70221
-4.70221
-4.70221
-4.70221
-4.70236
-4.70236
-4.70266
-4.70327
-4.70387
-4.70387
-4.70493
-4.70523
-4.70448
-4.70372
-4.70327
-4.70312
-4.70327
-4.70206
-4.70236
-4.70206
-4.70221
-4.70342
-4.70296
-4.70266
-4.70236
-4.70296
-4.70387
-4.70417
-4.70402
-4.70463
-4.70447
-4.70463
-4.70432
-4.70463
-4.70448
-4.70417
-4.70312
-4.70312
-4.70357
-4.70432
-4.70447
-4.70447
-4.70402
-4.70372
-4.70281
-4.70221
-4.70206
-4.70145
-4.70221
-4.70266
-4.70221
-4.70312
-4.70342
-4.70236
-4.70236
-4.70251
-4.70206
-4.70145
-4.70206
-4.70221
-4.70251
-4.70251
-4.70191
-4.70206
-4.70251
-4.70251
-4.70281
-4.70266
-4.70281
-4.70251
-4.70221
-4.70206
-4.70342
-4.70312
-4.70297
-4.70251
-4.70387
-4.70433
-4.70433
-4.70493
-4.70523
-4.70568
-4.70614
-4.70689
-4.7081
-4.70765
-4.7078
-4.70749
-4.70765
-4.70749
-4.70704
-4.70689
-4.70704
-4.70689
-4.70689
-4.70704
-4.70735
-4.7084
-4.7078
-4.70765
-4.7078
-4.70734
-4.7078
-4.70765
-4.70719
-4.70659
-4.70674
-4.70749
-4.70644
-4.70598
-4.70523
-4.70508
-4.70417
-4.70432
-4.70402
-4.70508
-4.70508
-4.70387
-4.70327
-4.70251
-4.70191
-4.70191
-4.70206
-4.70206
-4.70236
-4.70296
-4.70296
-4.70372
-4.70327
-4.70417
-4.70432
-4.70402
-4.70342
-4.70266
-4.70236
-4.70251
-4.70206
-4.70176
-4.70115
-4.70085
-4.70221
-4.701
-4.69964
-4.69919
-4.69888
-4.69964
-4.69979
-4.69979
-4.69949
-4.69858
-4.69858
-4.69888
-4.69828
-4.69843
-4.69798
-4.69873
-4.69888
-4.69889
-4.69858
-4.69783
-4.69813
-4.69737
-4.69722
-4.69632
-4.69677
-4.69631
-4.69647
-4.69677
-4.69692
-4.69798
-4.69828
-4.69767
-4.69828
-4.69782
-4.69843
-4.69813
-4.69798
-4.69843
-4.69934
-4.69903
-4.69934
-4.69919
-4.69904
-4.69979
-4.69934
-4.69994
-4.70039
-4.70024
-4.69994
-4.70024
-4.69949
-4.69949
-4.69949
-4.69994
-4.69918
-4.69858
-4.69858
-4.69979
-4.69933
-4.70009
-4.69964
-4.69964
-4.70024
-4.69979
-4.69949
-4.69949
-4.69964
-4.69934
-4.69964
-4.70009
-4.7004
-4.70085
-4.69979
-4.69994
-4.70009
-4.70039
-4.7007
-4.70009
-4.70039
-4.7016
-4.70145
-4.70175
-4.7019
-4.70175
-4.70145
-4.70145
-4.70206
-4.70221
-4.7007
-4.70146
-4.70146
-4.70236
-4.70266
-4.70357
-4.70387
-4.70357
-4.70342
-4.70266
-4.70236
-4.70266
-4.70251
-4.7019
-4.70296
-4.70281
-4.70357
-4.70357
-4.70372
-4.70311
-4.70357
-4.70342
-4.70523
-4.70523
-4.70478
-4.70463
-4.70432
-4.70417
-4.70417
-4.70508
-4.70508
-4.70493
-4.70508
-4.70447
-4.70372
-4.70447
-4.70432
-4.70372
-4.70311
-4.70221
-4.70221
-4.70221
-4.70236
-4.70221
-4.70236
-4.70206
-4.70115
-4.7007
-4.70024
-4.70085
-4.70115
-4.7013
-4.70085
-4.70115
-4.70069
-4.701
-4.7013
-4.70145
-4.70206
-4.70206
-4.7016
-4.7013
-4.701
-4.7013
-4.70085
-4.70039
-4.70039
-4.70039
-4.70039
-4.701
-4.701
-4.70054
-4.70069
-4.70024
-4.70039
-4.70024
-4.70024
-4.69964
-4.69949
-4.69949
-4.69919
-4.69903
-4.69919
-4.69903
-4.69798
-4.69828
-4.69828
-4.69828
-4.69903
-4.69903
-4.69813
-4.69873
-4.69873
-4.69918
-4.69919
-4.69949
-4.69994
-4.70024
-4.70039
-4.70115
-4.70115
-4.70145
-4.70039
-4.70055
-4.70055
-4.70024
-4.70055
-4.69994
-4.69964
-4.70024
-4.69979
-4.69934
-4.69994
-4.70039
-4.70024
-4.69994
-4.70039
-4.69994
-4.70039
-4.70009
-4.69994
-4.69919
-4.69904
-4.69919
-4.69934
-4.69994
-4.69994
-4.70055
-4.69994
-4.70009
-4.70054
-4.70039
-4.69994
-4.69873
-4.69873
-4.69888
-4.69888
-4.69873
-4.69873
-4.69813
-4.69813
-4.69813
-4.69843
-4.69888
-4.69888
-4.69918
-4.69949
-4.69964
-4.70039
-4.7007
-4.701
-4.7016
-4.7016
-4.7016
-4.70115
-4.701
-4.7013
-4.7016
-4.7019
-4.7019
-4.70221
-4.70145
-4.70175
-4.7016
-4.70251
-4.70175
-4.701
-4.70145
-4.7013
-4.70175
-4.70145
-4.7013
-4.70175
-4.7016
-4.70145
-4.70085
-4.70085
-4.70024
-4.7007
-4.69994
-4.69979
-4.69918
-4.69919
-4.69903
-4.69964
-4.70009
-4.69979
-4.70024
-4.69964
-4.69979
-4.7004
-4.7004
-4.7007
-4.7013
-4.7016
-4.7016
-4.7007
-4.70024
-4.70009
-4.69994
-4.69964
-4.69934
-4.69904
-4.69904
-4.69903
-4.69994
-4.69949
-4.70054
-4.70085
-4.701
-4.69964
-4.70024
-4.7007
-4.70115
-4.70055
-4.7013
-4.7016
-4.70191
-4.70191
-4.70176
-4.70297
-4.70281
-4.70236
-4.70251
-4.70236
-4.70176
-4.70191
-4.70191
-4.7004
-4.70055
-4.70085
-4.70085
-4.70085
-4.70055
-4.69995
-4.69979
-4.69979
-4.69904
-4.69995
-4.69964
-4.69979
-4.69843
-4.69723
-4.69738
-4.69708
-3.88279
-3.88369
-3.88369
-3.88354
-3.88399
-3.8846
-3.88444
-3.88429
-3.88475
-3.88414
-3.88444
-3.88475
-3.88505
-3.88414
-3.88414
-3.884
-3.8843
-3.88475
-3.88566
-3.88551
-3.88521
-3.88385
-3.88369
-3.88339
-3.88248
-3.88263
-3.88309
-3.88354
-3.88324
-3.88249
-3.88264
-3.88339
-3.884
-3.88324
-3.88415
-3.88385
-3.88324
-3.8837
-3.884
-3.8843
-3.8843
-3.88414
-3.8846
-3.88475
-3.88491
-3.88476
-3.88445
-3.8837
-3.8831
-3.884
-3.8837
-3.8843
-3.884
-3.88339
-3.8846
-3.88324
-3.88354
-3.88475
-3.88566
-3.8852
-3.88535
-3.88475
-3.88505
-3.88536
-3.88521
-3.88581
-3.8852
-3.88566
-3.88566
-3.88581
-3.88611
-3.88566
-3.88611
-3.88611
-3.88581
-3.88626
-3.88671
-3.88732
-3.88656
-3.88611
-3.88505
-3.88535
-3.8852
-3.8855
-3.88596
-3.88671
-3.88641
-3.88581
-3.88475
-3.88309
-3.88339
-3.88249
-3.88475
-3.8846
-3.88475
-3.88475
-3.88475
-3.88536
-3.88536
-3.88626
-3.88626
-3.88762
-3.88807
-3.88641
-3.88641
-3.88702
-3.88717
-3.88687
-3.88671
-3.88792
-3.88687
-3.88702
-3.88762
-3.88747
-3.88777
-3.88792
-3.88822
-3.88822
-3.88928
-3.88883
-3.88883
-3.88959
-3.88883
-3.88974
-3.89019
-3.89034
-3.89064
-3.89019
-3.8914
-3.892
-3.89155
-3.89064
-3.89155
-3.89125
-3.89155
-3.892
-3.89215
-3.892
-3.892
-3.89125
-3.89231
-3.89216
-3.8917
-3.8911
-3.8914
-3.8908
-3.8911
-3.8917
-3.89215
-3.892
-3.89049
-3.88973
-3.88928
-3.88973
-3.88973
-3.89019
-3.88974
-3.88974
-3.89079
-3.89064
-3.89155
-3.8917
-3.8917
-3.89155
-3.89125
-3.89125
-3.89125
-3.89109
-3.88958
-3.88958
-3.88943
-3.89004
-3.88974
-3.88928
-3.88913
-3.88747
-3.88732
-3.88717
-3.88626
-3.88566
-3.8849
-3.88581
-3.88641
-3.88687
-3.88641
-3.88626
-3.88581
-3.88551
-3.88581
-3.88611
-3.88732
-3.88747
-3.88687
-3.88717
-3.88717
-3.88808
-3.88687
-3.88657
-3.88596
-3.88596
-3.88581
-3.88536
-3.88551
-3.8852
-3.8849
-3.88445
-3.8852
-3.88475
-3.88536
-3.88536
-3.88566
-3.88536
-3.8849
-3.88505
-3.88551
-3.8852
-3.8849
-3.88475
-3.8846
-3.88611
-3.88475
-3.88415
-3.88385
-3.88415
-3.88581
-3.88777
-3.88777
-3.88883
-3.88822
-3.88868
-3.88868
-3.88898
-3.88868
-3.88807
-3.88868
-3.88822
-3.88853
-3.88853
-3.88853
-3.88974
-3.88959
-3.88989
-3.89019
-3.88989
-3.89019
-3.89034
-3.89125
-3.8917
-3.89155
-3.8923
-3.89351
-3.89276
-3.89185
-3.89275
-3.8923
-3.8923
-3.89185
-3.89185
-3.89094
-3.89079
-3.89064
-3.89004
-3.89065
-3.8908
-3.8902
-3.89095
-3.89034
-3.88974
-3.88928
-3.88898
-3.88928
-3.88928
-3.89019
-3.88989
-3.89064
-3.89004
-3.89019
-3.88974
-3.88928
-3.88943
-3.88943
-3.89019
-3.89019
-3.88913
-3.88913
-3.88989
-3.89049
-3.89019
-3.88989
-3.88943
-3.88837
-3.88807
-3.88807
-3.88823
-3.88732
-3.88732
-3.88777
-3.88823
-3.88732
-3.88687
-3.88868
-3.88747
-3.88732
-3.88747
-3.88792
-3.88747
-3.88792
-3.88808
-3.88687
-3.88777
-3.88777
-3.88747
-3.88702
-3.88792
-3.88702
-3.88732
-3.88792
-3.88807
-3.88777
-3.88822
-3.88853
-3.88792
-3.88853
-3.88913
-3.88898
-3.88913
-3.88928
-3.88944
-3.88928
-3.89004
-3.89065
-3.89019
-3.88913
-3.88944
-3.88883
-3.88914
-3.88944
-3.88974
-3.88959
-3.88883
-3.88808
-3.88793
-3.88853
-3.88883
-3.88898
-3.88913
-3.88868
-3.88853
-3.88823
-3.88913
-3.88913
-3.89019
-3.88959
-3.88853
-3.88747
-3.88702
-3.88717
-3.88657
-3.88672
-3.88702
-3.88626
-3.88581
-3.88581
-3.88581
-3.88581
-3.8855
-3.8843
-3.88415
-3.88385
-3.88385
-3.88324
-3.8834
-3.88264
-3.88264
-3.88279
-3.88294
-3.88249
-3.88294
-3.88264
-3.88369
-3.88369
-3.88309
-3.88399
-3.88339
-3.88445
-3.88415
-3.8843
-3.88354
-3.88279
-3.88339
-3.88128
-3.88143
-3.88113
-3.88143
-3.88097
-3.88218
-3.88233
-3.88158
-3.88158
-3.88203
-3.88279
-3.88248
-3.88188
-3.88128
-3.88188
-3.88249
-3.88279
-3.88369
-3.88293
-3.88323
-3.88323
-3.88308
-3.88248
-3.88354
-3.88324
-3.8837
-3.88355
-3.88324
-3.88324
-3.88234
-3.88188
-3.88219
-3.884
-3.88369
-3.88384
-3.88384
-3.88354
-3.88369
-3.88475
-3.88475
-3.8852
-3.88475
-3.8843
-3.8843
-3.884
-3.8846
-3.88415
-3.88324
-3.88339
-3.88249
-3.88128
-3.88128
-3.88173
-3.88158
-3.88128
-3.88233
-3.88158
-3.88188
-3.88173
-3.88188
-3.88128
-3.88143
-3.88112
-3.88128
-3.88037
-3.88067
-3.88037
-3.87976
-3.8787
-3.8775
-3.8781
-3.87901
-3.87931
-3.88007
-3.88128
-3.88098
-3.88098
-3.88264
-3.88218
-3.88309
-3.88173
-3.88112
-3.88142
-3.88187
-3.88248
-3.88233
-3.88309
-3.88369
-3.8843
-3.88536
-3.88536
-3.88505
-3.8846
-3.88566
-3.88415
-3.8846
-3.8846
-3.88536
-3.88611
-3.88626
-3.88611
-3.88656
-3.88641
-3.88671
-3.88596
-3.88581
-3.88566
-3.8849
-3.88415
-3.88324
-3.8843
-3.88324
-3.88279
-3.88324
-3.88294
-3.88294
-3.88415
-3.8849
-3.8849
-3.88535
-3.88566
-3.88581
-3.88641
-3.88656
-3.88641
-3.88686
-3.88656
-3.88686
-3.88717
-3.88717
-3.88671
-3.88686
-3.88596
-3.8852
-3.88429
-3.8849
-3.88444
-3.88475
-3.88475
-3.88399
-3.88399
-3.88354
-3.88354
-3.8846
-3.8846
-3.88429
-3.88324
-3.88218
-3.88218
-3.88218
-3.88188
-3.88097
-3.88067
-3.88127
-3.88082
-3.88021
-3.88112
-3.88157
-3.88142
-3.88188
-3.88173
-3.88188
-3.88248
-3.88218
-3.88188
-3.88293
-3.88354
-3.88354
-3.88354
-3.88429
-3.88429
-3.88429
-3.88444
-3.88429
-3.88459
-3.88339
-3.88369
-3.88475
-3.88505
-3.88535
-3.8852
-3.88535
-3.8852
-3.8846
-3.8846
-3.88445
-3.88414
-3.88505
-3.88535
-3.88551
-3.8849
-3.88445
-3.88521
-3.88475
-3.88445
-3.88309
-3.88324
-3.88324
-3.88339
-3.884
-3.88384
-3.88354
-3.884
-3.8837
-3.884
-3.88264
-3.88294
-3.88309
-3.88324
-3.8843
-3.88475
-3.88475
-3.8852
-3.88535
-3.88551
-3.88596
-3.88581
-3.88445
-3.8849
-3.88491
-3.88521
-3.88536
-3.88581
-3.88566
-3.88581
-3.88566
-3.88506
-3.88491
-3.88491
-3.88445
-3.88445
-3.8846
-3.88399
-3.88415
-3.8843
-3.8834
-3.88294
-3.88264
-3.88294
-3.88309
-3.88264
-3.88279
-3.88324
-3.88279
-3.88369
-3.88339
-3.88339
-3.88354
-3.88384
-3.8846
-3.8843
-3.8852
-3.88581
-3.88566
-3.88551
-3.88566
-3.88611
-3.8852
-3.88566
-3.88535
-3.88581
-3.88581
-3.88535
-3.88626
-3.88732
-3.88581
-3.88596
-3.88626
-3.88672
-3.88551
-3.88566
-3.88536
-3.88551
-3.88641
-3.88611
-3.88672
-3.88747
-3.88777
-3.88716
-3.88731
-3.88761
-3.88671
-3.88716
-3.88686
-3.88581
-3.88671
-3.88702
-3.88656
-3.88611
-3.88596
-3.88596
-3.88551
-3.88521
-3.88475
-3.8849
-3.88505
-3.8855
-3.88671
-3.88686
-3.8861
-3.8861
-3.8861
-3.88626
-3.88656
-3.88671
-3.88565
-3.8858
-3.88611
-3.8852
-3.88596
-3.88581
-3.88687
-3.88627
-3.88642
-3.88551
-3.88611
-3.88671
-3.88671
-3.8864
-3.88671
-3.88641
-3.88626
-3.88686
-3.8858
-3.88686
-3.88656
-3.88732
-3.88702
-3.88626
-3.88626
-3.88641
-3.88596
-3.88581
-3.88641
-3.88611
-3.88701
-3.88671
-3.88611
-3.88565
-3.8858
-3.88475
-3.88384
-3.88324
-3.88173
-3.88188
-3.88354
-3.88294
-3.88278
-3.88293
-3.88173
-3.88112
-3.88097
-3.88067
-3.88097
-3.88097
-3.88233
-3.88218
-3.88309
-3.88399
-3.88384
-3.88399
-3.8843
-3.8846
-3.88505
-3.88445
-3.88445
-3.8855
-3.8846
-3.88445
-3.88415
-3.88475
-3.88415
-3.88339
-3.88369
-3.88384
-3.88445
-3.88399
-3.88399
-3.88353
-3.88293
-3.88323
-3.88475
-3.8846
-3.88445
-3.88324
-3.88354
-3.88384
-3.8843
-3.88415
-3.8843
-3.88415
-3.88536
-3.88551
-3.88536
-3.88566
-3.88551
-3.88566
-3.88536
-3.88611
-3.88641
-3.88671
-3.88717
-3.88762
-3.88626
-3.88611
-3.88596
-3.88596
-3.88627
-3.88566
-3.88566
-3.88536
-3.8852
-3.8849
-3.8852
-3.88641
-3.88747
-3.88807
-3.88762
-3.88686
-3.88686
-3.88762
-3.88777
-3.88732
-3.88852
-3.88837
-3.88822
-3.88837
-3.88883
-3.88792
-3.88671
-3.88716
-3.88686
-3.88732
-3.88716
-3.88686
-3.88626
-3.88626
-3.88641
-3.88657
-3.88626
-3.88611
-3.88626
-3.88565
-3.8855
-3.88535
-3.88475
-3.8852
-3.88475
-3.8852
-3.88505
-3.88384
-3.88384
-3.88369
-3.88369
-3.88324
-3.88309
-3.88354
-3.88233
-3.88278
-3.88384
-3.88429
-3.88324
-3.88414
-3.8843
-3.8846
-3.88475
-3.88339
-3.88399
-3.88414
-3.88323
-3.88323
-3.88338
-3.88308
-3.88278
-3.88293
-3.88293
-3.88354
-3.88369
-3.88399
-3.88324
-3.88263
-3.88233
-3.88187
-3.88187
-3.88142
-3.88203
-3.88172
-3.88142
-3.88036
-3.88021
-3.88006
-3.88037
-3.88112
-3.88173
-3.88248
-3.88278
-3.88278
-3.88308
-3.88218
-3.88248
-3.88233
-3.88158
-3.88143
-3.88143
-3.88143
-3.88082
-3.88112
-3.88112
-3.88037
-3.88142
-3.88188
-3.88158
-3.88112
-3.88127
-3.88067
-3.88097
-3.88187
-3.88142
-3.88112
-3.88112
-3.88112
-3.88158
-3.88112
-3.88022
-3.88067
-3.88112
-3.88143
-3.88158
-3.884
-3.884
-3.88445
-3.88445
-3.88384
-3.88339
-3.88369
-3.88293
-3.88248
-3.88188
-3.88082
-3.88142
-3.88127
-3.88052
-3.88052
-3.88082
-3.88097
-3.88127
-3.88143
-3.88218
-3.88249
-3.88234
-3.88113
-3.88158
-3.88204
-3.88218
-3.88218
-3.88354
-3.88309
-3.88309
-3.88309
-3.88203
-3.88098
-3.88173
-3.88248
-3.88233
-3.88294
-3.88233
-3.88233
-3.88309
-3.88415
-3.88279
-3.88309
-3.88279
-3.88339
-3.88369
-3.88384
-3.88444
-3.88475
-3.88475
-3.88445
-3.88566
-3.88581
-3.8852
-3.8852
-3.8846
-3.8855
-3.88475
-3.88626
-3.88641
-3.88626
-3.88611
-3.88641
-3.88611
-3.88777
-3.88701
-3.88701
-3.88686
-3.88732
-3.88837
-3.88883
-3.88928
-3.88822
-3.88747
-3.88822
-3.88671
-3.8861
-3.88625
-3.88656
-3.88762
-3.88898
-3.88928
-3.67749
-3.67643
-3.67658
-3.67598
-3.67582
-3.67628
-3.67582
-3.67552
-3.67582
-3.67537
-3.67522
-3.67491
-3.67567
-3.67673
-3.67718
-3.67688
-3.67658
-3.67643
-3.67673
-3.67612
-3.67643
-3.67643
-3.67643
-3.67673
-3.67537
-3.67568
-3.67567
-3.67643
-3.67552
-3.67597
-3.67537
-3.67537
-3.67552
-3.67492
-3.67462
-3.67537
-3.67462
-3.67311
-3.6728
-3.67144
-3.67129
-3.67129
-3.6719
-3.67159
-3.67114
-3.67235
-3.67159
-3.67265
-3.67295
-3.67386
-3.67416
-3.67446
-3.67477
-3.67462
-3.67507
-3.67507
-3.67537
-3.67553
-3.67583
-3.67628
-3.67583
-3.67462
-3.67553
-3.67598
-3.67552
-3.67507
-3.67507
-3.67537
-3.67552
-3.67537
-3.67552
-3.67552
-3.67522
-3.67492
-3.67432
-3.67371
-3.67356
-3.67356
-3.67401
-3.67416
-3.67492
-3.67552
-3.67522
-3.67552
-3.67401
-3.67431
-3.67477
-3.67492
-3.67462
-3.67492
-3.67492
-3.67537
-3.67583
-3.67568
-3.67507
-3.67326
-3.67386
-3.6731
-3.67401
-3.67462
-3.67477
-3.67522
-3.67386
-3.67371
-3.67356
-3.6728
-3.67265
-3.6722
-3.6719
-3.67326
-3.67371
-3.67401
-3.67341
-3.67371
-3.67356
-3.67356
-3.67295
-3.67235
-3.6728
-3.67296
-3.67296
-3.67326
-3.67281
-3.67296
-3.67281
-3.67326
-3.67356
-3.67401
-3.67341
-3.67356
-3.67371
-3.6728
-3.6728
-3.67265
-3.6716
-3.67099
-3.67069
-3.67145
-3.67175
-3.67115
-3.67205
-3.67115
-3.67039
-3.67114
-3.66978
-3.66963
-3.67024
-3.67175
-3.67145
-3.67265
-3.67326
-3.67341
-3.67431
-3.67537
-3.67447
-3.67522
-3.67538
-3.67553
-3.67492
-3.67462
-3.67462
-3.67432
-3.67507
-3.67598
-3.67598
-3.67598
-3.67613
-3.67538
-3.67553
-3.67447
-3.67447
-3.67401
-3.67462
-3.67431
-3.67522
-3.67582
-3.67597
-3.67643
-3.67643
-3.67688
-3.67673
-3.67734
-3.67779
-3.67718
-3.67749
-3.67839
-3.67945
-3.67885
-3.67794
-3.67689
-3.67674
-3.67689
-3.67719
-3.67749
-3.67703
-3.67658
-3.67643
-3.67522
-3.67583
-3.67568
-3.67628
-3.67628
-3.67643
-3.67674
-3.67674
-3.67779
-3.6784
-3.67855
-3.67824
-3.67809
-3.67764
-3.67719
-3.67613
-3.67613
-3.67704
-3.67613
-3.67492
-3.67492
-3.67402
-3.67371
-3.67387
-3.67387
-3.67356
-3.67417
-3.67386
-3.67401
-3.67265
-3.6725
-3.67175
-3.67145
-3.67129
-3.67114
-3.67175
-3.67129
-3.6719
-3.6722
-3.6728
-3.67326
-3.67311
-3.67356
-3.67386
-3.67189
-3.67129
-3.67084
-3.67189
-3.67205
-3.67205
-3.67174
-3.67159
-3.67205
-3.6725
-3.67189
-3.6725
-3.67204
-3.6722
-3.67205
-3.67296
-3.67401
-3.67371
-3.67265
-3.67296
-3.67175
-3.67265
-3.6722
-3.67189
-3.67099
-3.67144
-3.6728
-3.67371
-3.67416
-3.67386
-3.67461
-3.67461
-3.67492
-3.67431
-3.67371
-3.6722
-3.67205
-3.67175
-3.67266
-3.67235
-3.67129
-3.67144
-3.67084
-3.67114
-3.67114
-3.67114
-3.67114
-3.67069
-3.67129
-3.67099
-3.67129
-3.67114
-3.67159
-3.67174
-3.6719
-3.6725
-3.67205
-3.67235
-3.6725
-3.6734
-3.67416
-3.6737
-3.6734
-3.67295
-3.67235
-3.67295
-3.67295
-3.67386
-3.6731
-3.6728
-3.6725
-3.67129
-3.67189
-3.67295
-3.67235
-3.67295
-3.67265
-3.6731
-3.6728
-3.6731
-3.67386
-3.67295
-3.6725
-3.6722
-3.67205
-3.67205
-3.67174
-3.67083
-3.67068
-3.66992
-3.66977
-3.66917
-3.66841
-3.66857
-3.66917
-3.66932
-3.66963
-3.66857
-3.66721
-3.66766
-3.66796
-3.66796
-3.66706
-3.66766
-3.66781
-3.66826
-3.66902
-3.66932
-3.66932
-3.67023
-3.67068
-3.67114
-3.67099
-3.67099
-3.67129
-3.67159
-3.6731
-3.67159
-3.67174
-3.67174
-3.67158
-3.67188
-3.67113
-3.67128
-3.67113
-3.67158
-3.67038
-3.67144
-3.67099
-3.67053
-3.67068
-3.67068
-3.67008
-3.67068
-3.67144
-3.67098
-3.66947
-3.66901
-3.67098
-3.67053
-3.67083
-3.67204
-3.67249
-3.6731
-3.67416
-3.6737
-3.67309
-3.67204
-3.67309
-3.6731
-3.6734
-3.6731
-3.67143
-3.67113
-3.67159
-3.67114
-3.67114
-3.67008
-3.67008
-3.67008
-3.67023
-3.66932
-3.67008
-3.66978
-3.66993
-3.66962
-3.66932
-3.66962
-3.67083
-3.67068
-3.67038
-3.67068
-3.67053
-3.67069
-3.67008
-3.67099
-3.67068
-3.67053
-3.67083
-3.67128
-3.67174
-3.67249
-3.67265
-3.6725
-3.67204
-3.67265
-3.67204
-3.67189
-3.6725
-3.67265
-3.67325
-3.6737
-3.6731
-3.67279
-3.67325
-3.67234
-3.67234
-3.67234
-3.6728
-3.6731
-3.6731
-3.6731
-3.67264
-3.67174
-3.67189
-3.67159
-3.67113
-3.67144
-3.67204
-3.67279
-3.6734
-3.67158
-3.67158
-3.67113
-3.67143
-3.67113
-3.67143
-3.67143
-3.67008
-3.67144
-3.67144
-3.67159
-3.67189
-3.67144
-3.67159
-3.67249
-3.67159
-3.67189
-3.67158
-3.67294
-3.6737
-3.67385
-3.67385
-3.67461
-3.67461
-3.67385
-3.6731
-3.674
-3.6737
-3.67294
-3.67219
-3.6731
-3.6737
-3.6737
-3.67174
-3.67234
-3.67173
-3.67022
-3.66962
-3.66962
-3.66992
-3.66946
-3.66977
-3.66962
-3.66947
-3.67129
-3.66978
-3.66962
-3.67038
-3.67023
-3.67053
-3.67098
-3.67113
-3.67204
-3.67173
-3.67203
-3.67113
-3.67143
-3.67234
-3.67143
-3.67053
-3.66932
-3.66901
-3.66871
-3.66901
-3.67037
-3.67022
-3.67007
-3.66962
-3.66947
-3.66962
-3.67022
-3.67098
-3.67158
-3.67052
-3.67113
-3.67128
-3.67128
-3.67098
-3.66962
-3.66932
-3.66947
-3.66947
-3.67037
-3.67098
-3.67022
-3.66947
-3.66931
-3.66962
-3.67022
-3.66962
-3.67022
-3.66931
-3.6675
-3.66826
-3.66796
-3.66826
-3.66735
-3.66781
-3.66736
-3.66781
-3.66781
-3.66856
-3.66871
-3.66886
-3.66871
-3.66931
-3.67052
-3.67067
-3.67052
-3.66992
-3.67007
-3.67098
-3.67128
-3.67128
-3.67143
-3.67113
-3.66962
-3.66962
-3.66962
-3.66947
-3.66932
-3.66962
-3.67053
-3.67144
-3.67068
-3.67128
-3.67098
-3.67112
-3.67157
-3.67157
-3.67097
-3.67067
-3.67023
-3.66993
-3.66993
-3.67053
-3.67189
-3.67219
-3.67158
-3.67098
-3.67188
-3.67158
-3.67128
-3.67052
-3.67083
-3.66977
-3.66947
-3.67098
-3.67068
-3.67083
-3.67113
-3.67128
-3.67052
-3.67067
-3.67112
-3.67203
-3.67203
-3.67249
-3.67279
-3.6734
-3.67355
-3.6737
-3.6731
-3.67325
-3.67294
-3.67219
-3.67249
-3.67264
-3.67219
-3.67234
-3.67219
-3.67128
-3.67068
-3.67173
-3.67173
-3.67219
-3.67309
-3.67294
-3.67324
-3.67158
-3.67158
-3.67219
-3.67234
-3.67249
-3.67234
-3.67279
-3.67174
-3.67159
-3.67204
-3.67234
-3.67295
-3.67234
-3.67234
-3.67324
-3.67233
-3.67203
-3.67082
-3.67052
-3.67052
-3.67113
-3.67082
-3.67098
-3.67022
-3.67007
-3.67038
-3.66962
-3.66932
-3.66962
-3.67023
-3.66977
-3.67053
-3.67098
-3.67037
-3.67037
-3.67068
-3.67053
-3.66992
-3.66932
-3.67098
-3.67053
-3.67023
-3.67008
-3.67068
-3.67098
-3.67083
-3.67098
-3.67143
-3.67188
-3.67218
-3.67203
-3.67249
-3.67309
-3.67294
-3.67219
-3.67265
-3.67235
-3.6722
-3.67159
-3.67129
-3.67189
-3.67264
-3.67234
-3.67159
-3.67068
-3.67007
-3.67068
-3.67053
-3.67068
-3.67083
-3.67158
-3.67128
-3.67023
-3.67023
-3.67008
-3.67008
-3.67008
-3.67053
-3.67053
-3.67023
-3.66992
-3.67007
-3.66962
-3.67038
-3.66992
-3.66977
-3.66932
-3.67007
-3.66947
-3.66932
-3.66841
-3.66886
-3.66962
-3.66947
-3.66947
-3.67052
-3.67067
-3.67037
-3.67113
-3.67068
-3.67037
-3.66886
-3.66871
-3.66992
-3.66886
-3.66917
-3.66932
-3.67022
-3.67053
-3.67038
-3.67174
-3.67143
-3.67037
-3.67037
-3.67037
-3.67052
-3.67173
-3.67128
-3.67083
-3.67128
-3.67204
-3.67174
-3.67355
-3.67385
-3.674
-3.67415
-3.67355
-3.674
-3.67415
-3.67566
-3.67627
-3.67566
-3.6743
-3.67476
-3.67521
-3.67446
-3.67461
-3.67431
-3.67476
-3.67385
-3.67249
-3.67264
-3.67325
-3.6743
-3.674
-3.67446
-3.67551
-3.67567
-3.67431
-3.67385
-3.67355
-3.67294
-3.67415
-3.67506
-3.67521
-3.67491
-3.67506
-3.674
-3.6734
-3.67234
-3.67189
-3.67204
-3.67189
-3.67174
-3.67174
-3.67174
-3.67113
-3.67294
-3.67325
-3.67309
-3.67279
-3.6737
-3.67369
-3.6743
-3.67535
-3.67475
-3.67445
-3.67506
-3.67627
-3.67506
-3.67551
-3.67506
-3.6743
-3.67476
-3.67506
-3.67445
-3.67491
-3.67355
-3.67355
-3.6734
-3.67249
-3.67234
-3.67219
-3.67219
-3.67264
-3.67264
-3.67219
-3.67324
-3.67385
-3.67415
-3.67279
-3.67264
-3.67264
-3.67249
-3.67339
-3.67354
-3.67324
-3.67233
-3.67173
-3.67203
-3.67158
-3.67189
-3.67249
-3.67249
-3.67158
-3.67219
-3.67219
-3.67279
-3.6734
-3.67309
-3.67415
-3.674
-3.67324
-3.67445
-3.67445
-3.67385
-3.6743
-3.6734
-3.67309
-3.67385
-3.67445
-3.67505
-3.67475
-3.67444
-3.67414
-3.6749
-3.67506
-3.67506
-3.67446
-3.67461
-3.6737
-3.67355
-3.6737
-3.67294
-3.67173
-3.67098
-3.67173
-3.67173
-3.67219
-3.67128
-3.67279
-3.6737
-3.67355
-3.6737
-3.6737
-3.67339
-3.67324
-3.67294
-3.67279
-3.67249
-3.67249
-3.67219
-3.67174
-3.67189
-3.67264
-3.67325
-3.67355
-3.6737
-3.6737
-3.67415
-3.67445
-3.6746
-3.67521
-3.67476
-3.67521
-3.67521
-3.67521
-3.67491
-3.67445
-3.67385
-3.674
-3.67339
-3.67355
-3.6734
-3.67279
-3.67174
-3.67249
-3.67234
-3.67219
-3.67129
-3.67083
-3.67038
-3.67129
-3.67113
-3.66992
-3.67007
-3.67037
-3.66977
-3.66962
-3.66932
-3.66917
-3.66947
-3.67068
-3.67113
-3.67128
-3.67158
-3.67249
-3.67324
-3.67309
-3.67415
-3.6743
-3.674
-3.6746
-3.6749
-3.67581
-3.67612
-3.67597
-3.67718
-3.67642
-3.67657
-3.67808
-3.67838
-3.67868
-3.67868
-3.67778
-3.67763
-3.67808
-3.67793
-3.67793
-3.67823
-3.67823
-3.67733
-3.67718
-3.67612
-3.67506
-3.67415
-3.67279
-3.67279
-3.67309
-3.674
-3.67325
-3.67279
-3.67234
-3.67249
-3.67295
-3.67159
-3.67234
-3.6728
-3.67295
-3.67355
-3.67385
-3.6737
-3.67355
-3.67265
-3.67265
-3.67295
-3.6728
-3.67295
-3.6728
-3.67264
-3.67204
-3.67174
-3.67159
-3.67189
-3.67219
-3.6722
-3.67159
-3.67174
-3.67189
-3.45017
-3.45032
-3.45107
-3.45077
-3.44987
-3.45017
-3.45093
-3.45032
-3.45093
-3.45138
-3.45108
-3.45093
-3.45048
-3.45123
-3.44942
-3.44987
-3.44927
-3.44836
-3.44791
-3.44791
-3.44866
-3.44866
-3.44836
-3.44836
-3.44821
-3.44791
-3.44821
-3.44776
-3.4464
-3.44564
-3.44579
-3.44594
-3.44519
-3.44504
-3.44534
-3.44625
-3.447
-3.447
-3.44655
-3.44715
-3.447
-3.44685
-3.4467
-3.44685
-3.4473
-3.4473
-3.447
-3.44715
-3.4476
-3.4473
-3.44579
-3.44639
-3.44684
-3.44669
-3.44654
-3.44594
-3.44579
-3.44594
-3.44504
-3.4455
-3.44504
-3.4458
-3.44625
-3.44715
-3.4473
-3.44669
-3.4473
-3.447
-3.44685
-3.44624
-3.44549
-3.44609
-3.44609
-3.447
-3.44624
-3.4467
-3.4473
-3.44685
-3.4476
-3.4476
-3.44775
-3.44775
-3.4485
-3.45001
-3.45032
-3.45077
-3.45017
-3.45063
-3.44987
-3.44912
-3.44882
-3.44806
-3.44806
-3.44761
-3.4479
-3.44926
-3.4488
-3.44911
-3.45017
-3.45047
-3.45108
-3.45123
-3.45092
-3.45032
-3.45062
-3.44972
-3.44927
-3.44912
-3.44761
-3.447
-3.44761
-3.44761
-3.44836
-3.44911
-3.44866
-3.44835
-3.4485
-3.44911
-3.44972
-3.44987
-3.44911
-3.44956
-3.44956
-3.44971
-3.44986
-3.45047
-3.45032
-3.44941
-3.44926
-3.44957
-3.44911
-3.45002
-3.45032
-3.45047
-3.45032
-3.45077
-3.44972
-3.45032
-3.45032
-3.45153
-3.45077
-3.45077
-3.45107
-3.45047
-3.45092
-3.45047
-3.45107
-3.45137
-3.45198
-3.45228
-3.45183
-3.45213
-3.45183
-3.45153
-3.45017
-3.45107
-3.45122
-3.45077
-3.45062
-3.44956
-3.45062
-3.45077
-3.45016
-3.44896
-3.44941
-3.44911
-3.44941
-3.44986
-3.45062
-3.45016
-3.45137
-3.45001
-3.44971
-3.4479
-3.4473
-3.44714
-3.44669
-3.44699
-3.44684
-3.44729
-3.44714
-3.44593
-3.44608
-3.44578
-3.44684
-3.44684
-3.44639
-3.44624
-3.44744
-3.44714
-3.44684
-3.44638
-3.44638
-3.44699
-3.44668
-3.44744
-3.4482
-3.44744
-3.44774
-3.4485
-3.4482
-3.44865
-3.44865
-3.44881
-3.44865
-3.44926
-3.44926
-3.44865
-3.44866
-3.44775
-3.44835
-3.44835
-3.44775
-3.4476
-3.44729
-3.44684
-3.44714
-3.44699
-3.44699
-3.44775
-3.4485
-3.44835
-3.44699
-3.44745
-3.44684
-3.44699
-3.44729
-3.44714
-3.44805
-3.44745
-3.44835
-3.44865
-3.44895
-3.44865
-3.4482
-3.44865
-3.44941
-3.44941
-3.45001
-3.44926
-3.44971
-3.45047
-3.45001
-3.45032
-3.45122
-3.45183
-3.45213
-3.45228
-3.45122
-3.45047
-3.45062
-3.45047
-3.45062
-3.44926
-3.44896
-3.44941
-3.44911
-3.44941
-3.4482
-3.44745
-3.44654
-3.44624
-3.44609
-3.44669
-3.44714
-3.44714
-3.44714
-3.44669
-3.4479
-3.4476
-3.44836
-3.44881
-3.44881
-3.44927
-3.44805
-3.4473
-3.44805
-3.4479
-3.44744
-3.44714
-3.44638
-3.44593
-3.44503
-3.44503
-3.44593
-3.44699
-3.44669
-3.44684
-3.44699
-3.44699
-3.4479
-3.44805
-3.4476
-3.44669
-3.44669
-3.4476
-3.4488
-3.44941
-3.45001
-3.45001
-3.45107
-3.45122
-3.45016
-3.4494
-3.44834
-3.44789
-3.4479
-3.44896
-3.4476
-3.44669
-3.44669
-3.44518
-3.44488
-3.44533
-3.44639
-3.44684
-3.44669
-3.44638
-3.44593
-3.44774
-3.44744
-3.44759
-3.4482
-3.4479
-3.44714
-3.44805
-3.44895
-3.44865
-3.4485
-3.44926
-3.44881
-3.44896
-3.44911
-3.45001
-3.45001
-3.45077
-3.45001
-3.44941
-3.44925
-3.44925
-3.44819
-3.44819
-3.44804
-3.44729
-3.44774
-3.4485
-3.4485
-3.4479
-3.44865
-3.44835
-3.4479
-3.4482
-3.44639
-3.4476
-3.4476
-3.44744
-3.44744
-3.44714
-3.44653
-3.44608
-3.44683
-3.44638
-3.44578
-3.44563
-3.44533
-3.44639
-3.44699
-3.44669
-3.44654
-3.44669
-3.44639
-3.44624
-3.44714
-3.44669
-3.44729
-3.44669
-3.44669
-3.44699
-3.44669
-3.44623
-3.44654
-3.44654
-3.44699
-3.44714
-3.44699
-3.44699
-3.44699
-3.447
-3.44564
-3.44533
-3.44578
-3.44639
-3.44714
-3.4476
-3.44714
-3.44638
-3.44668
-3.44623
-3.44684
-3.44759
-3.44684
-3.44684
-3.44669
-3.44669
-3.44609
-3.44669
-3.44624
-3.44654
-3.44654
-3.44684
-3.44684
-3.447
-3.44669
-3.44609
-3.44669
-3.44609
-3.44669
-3.4476
-3.44835
-3.44986
-3.44956
-3.44986
-3.45047
-3.45077
-3.45016
-3.45031
-3.44986
-3.44956
-3.4482
-3.44881
-3.45017
-3.45047
-3.45017
-3.45107
-3.45168
-3.45198
-3.45228
-3.45228
-3.45198
-3.45273
-3.45243
-3.45228
-3.45122
-3.45198
-3.45198
-3.45349
-3.45259
-3.45198
-3.45152
-3.45198
-3.45137
-3.45122
-3.45107
-3.45092
-3.45183
-3.45183
-3.45258
-3.45152
-3.45047
-3.45077
-3.45032
-3.45108
-3.45047
-3.45078
-3.45047
-3.44881
-3.44835
-3.4482
-3.44805
-3.44896
-3.44791
-3.44806
-3.44745
-3.4479
-3.44714
-3.44759
-3.44805
-3.4488
-3.44926
-3.45047
-3.44986
-3.44956
-3.44911
-3.44896
-3.44926
-3.45047
-3.45123
-3.45183
-3.45153
-3.45168
-3.45122
-3.45077
-3.45061
-3.45046
-3.44956
-3.44896
-3.45002
-3.45062
-3.45062
-3.45138
-3.45122
-3.45167
-3.45197
-3.45243
-3.45243
-3.45258
-3.45379
-3.45273
-3.45379
-3.45364
-3.45289
-3.45274
-3.45289
-3.45259
-3.45198
-3.45153
-3.45017
-3.44941
-3.44911
-3.45046
-3.45137
-3.45061
-3.45047
-3.45092
-3.45062
-3.44926
-3.44896
-3.44956
-3.44955
-3.44895
-3.44834
-3.44804
-3.44669
-3.4479
-3.4488
-3.4485
-3.44986
-3.45047
-3.45032
-3.45077
-3.45062
-3.45047
-3.44941
-3.44835
-3.44759
-3.4482
-3.44835
-3.4482
-3.45002
-3.45077
-3.45017
-3.44956
-3.44941
-3.44956
-3.45016
-3.45031
-3.44911
-3.44956
-3.44956
-3.44911
-3.44926
-3.44971
-3.44956
-3.44971
-3.45002
-3.44911
-3.44836
-3.44851
-3.44896
-3.44911
-3.44866
-3.44941
-3.44987
-3.44927
-3.44896
-3.44957
-3.44896
-3.4479
-3.4482
-3.44715
-3.4476
-3.447
-3.44806
-3.4473
-3.44715
-3.44745
-3.4479
-3.44805
-3.44745
-3.44805
-3.44835
-3.44805
-3.4476
-3.44715
-3.44669
-3.44609
-3.44519
-3.44504
-3.44504
-3.44549
-3.44624
-3.44775
-3.4476
-3.44699
-3.4476
-3.4476
-3.4479
-3.44881
-3.44926
-3.44927
-3.44987
-3.44988
-3.45018
-3.44851
-3.44684
-3.44654
-3.44729
-3.44805
-3.44805
-3.44805
-3.44972
-3.44942
-3.44926
-3.44941
-3.45107
-3.45138
-3.45258
-3.45304
-3.45243
-3.45274
-3.45395
-3.45259
-3.45228
-3.45198
-3.45288
-3.45348
-3.45303
-3.45364
-3.45318
-3.45258
-3.45212
-3.45182
-3.45212
-3.45228
-3.45137
-3.45062
-3.45122
-3.45122
-3.45228
-3.45213
-3.45228
-3.45107
-3.45016
-3.44956
-3.44926
-3.45001
-3.45031
-3.45031
-3.44986
-3.45001
-3.45046
-3.45061
-3.45016
-3.44986
-3.45001
-3.45076
-3.44971
-3.45001
-3.45137
-3.45182
-3.45287
-3.45136
-3.45227
-3.45197
-3.45167
-3.45167
-3.45152
-3.45137
-3.45122
-3.45077
-3.45092
-3.45017
-3.45032
-3.44956
-3.44986
-3.44986
-3.45031
-3.45046
-3.45001
-3.45016
-3.45122
-3.45077
-3.45137
-3.45122
-3.45077
-3.45062
-3.45062
-3.44986
-3.44956
-3.44971
-3.44941
-3.45001
-3.45077
-3.45077
-3.45001
-3.44941
-3.44941
-3.44865
-3.44956
-3.44956
-3.44881
-3.44851
-3.44881
-3.44911
-3.45001
-3.45031
-3.45016
-3.44956
-3.44941
-3.44911
-3.44927
-3.44942
-3.45047
-3.45032
-3.45228
-3.45107
-3.44986
-3.44926
-3.44956
-3.44972
-3.44911
-3.44972
-3.44897
-3.45047
-3.45077
-3.45046
-3.45016
-3.45153
-3.45093
-3.45108
-3.45123
-3.45168
-3.45152
-3.45183
-3.45243
-3.45304
-3.45289
-3.45243
-3.45198
-3.45077
-3.45138
-3.45077
-3.45153
-3.45153
-3.45107
-3.45107
-3.45047
-3.45062
-3.45017
-3.44972
-3.44941
-3.4476
-3.44775
-3.44744
-3.4479
-3.44895
-3.44805
-3.4482
-3.44971
-3.4479
-3.44775
-3.44775
-3.4476
-3.4479
-3.4473
-3.44881
-3.45032
-3.44956
-3.45002
-3.45047
-3.45062
-3.45077
-3.45092
-3.45016
-3.44986
-3.45122
-3.45047
-3.45137
-3.45137
-3.45153
-3.45047
-3.45092
-3.45077
-3.44941
-3.4488
-3.44926
-3.44971
-3.44987
-3.44941
-3.44926
-3.44896
-3.4479
-3.4479
-3.44624
-3.44472
-3.44458
-3.44488
-3.44594
-3.44609
-3.44563
-3.44624
-3.44533
-3.44594
-3.44564
-3.44624
-3.44594
-3.44654
-3.44684
-3.44684
-3.44745
-3.4476
-3.44638
-3.44669
-3.44623
-3.44668
-3.44548
-3.44548
-3.44578
-3.44594
-3.44533
-3.44503
-3.44564
-3.44533
-3.44473
-3.44488
-3.44488
-3.44563
-3.44518
-3.44563
-3.44624
-3.44639
-3.44624
-3.44669
-3.44699
-3.44699
-3.44684
-3.44714
-3.44714
-3.44669
-3.44669
-3.4473
-3.44866
-3.4485
-3.44941
-3.44911
-3.44986
-3.45017
-3.45002
-3.44941
-3.44896
-3.44835
-3.44896
-3.44911
-3.44971
-3.44941
-3.44956
-3.45031
-3.45016
-3.45076
-3.45092
-3.45046
-3.45107
-3.45273
-3.45259
-3.45259
-3.45259
-3.45274
-3.45214
-3.45243
-3.45168
-3.45258
-3.45197
-3.45182
-3.45167
-3.45182
-3.45197
-3.45167
-3.45137
-3.45228
-3.45198
-3.45228
-3.45107
-3.45107
-3.45092
-3.45168
-3.45123
-3.45153
-3.45243
-3.45228
-3.45198
-3.45182
-3.45152
-3.45122
-3.45062
-3.45107
-3.45077
-3.45107
-3.45077
-3.44971
-3.44971
-3.44986
-3.45047
-3.45108
-3.45062
-3.44956
-3.45017
-3.45062
-3.45062
-3.45047
-3.45032
-3.44986
-3.45032
-3.44896
-3.45077
-3.45062
-3.45107
-3.45137
-3.45137
-3.45183
-3.45153
-3.45168
-3.45123
-3.45244
-3.45274
-3.45258
-3.45228
-3.45288
-3.45318
-3.45348
-3.45393
-3.45394
-3.45333
-3.45303
-3.45213
-3.45123
-3.44972
-3.44972
-3.45047
-3.45002
-3.44971
-3.45001
-3.45062
-3.45107
-3.45092
-3.45077
-3.45017
-3.44926
-3.44956
-3.44986
-3.44956
-3.44972
-3.45047
-3.45077
-3.45153
-3.45304
-3.45183
-3.45153
-3.45077
-3.44987
-3.45002
-3.45032
-3.45032
-3.45033
-3.45033
-3.45138
-3.45153
-3.45108
-3.45168
-3.45167
-3.45182
-3.45213
-3.45213
-3.45304
-3.45274
-3.45334
-3.45274
-3.45289
-3.45168
-3.45093
-3.45018
-3.45093
-3.45154
-3.45063
-3.45138
-3.45228
-3.45288
-3.45213
-3.45182
-3.45273
-3.45258
-3.33662
-3.33677
-3.33692
-3.33738
-3.33662
-3.33708
-3.33693
-3.33829
-3.33784
-3.33754
-3.33784
-3.33814
-3.33784
-3.33723
-3.33828
-3.33813
-3.33798
-3.33874
-3.33875
-3.3392
-3.33814
-3.33768
-3.33708
-3.33647
-3.33571
-3.33617
-3.33466
-3.33435
-3.33511
-3.33587
-3.33677
-3.33647
-3.33632
-3.33587
-3.33617
-3.33753
-3.33829
-3.33843
-3.33798
-3.33753
-3.33768
-3.33632
-3.33526
-3.33617
-3.33662
-3.33708
-3.33753
-3.33904
-3.33889
-3.33935
-3.33844
-3.3392
-3.3398
-3.33829
-3.33814
-3.33874
-3.33934
-3.33889
-3.33889
-3.33934
-3.33995
-3.3404
-3.34071
-3.3401
-3.33935
-3.33905
-3.33799
-3.33814
-3.33829
-3.33693
-3.33677
-3.33632
-3.33632
-3.33572
-3.33632
-3.33648
-3.33587
-3.33632
-3.33632
-3.33632
-3.33557
-3.33511
-3.33557
-3.33647
-3.33572
-3.33527
-3.33496
-3.33406
-3.33421
-3.33512
-3.33421
-3.33421
-3.33451
-3.33451
-3.33406
-3.3336
-3.3336
-3.33269
-3.33209
-3.33239
-3.33269
-3.3333
-3.33345
-3.33481
-3.33421
-3.33421
-3.33315
-3.3327
-3.33315
-3.33255
-3.33255
-3.33164
-3.33179
-3.33285
-3.3333
-3.33329
-3.3339
-3.33526
-3.33556
-3.33572
-3.33678
-3.33723
-3.33844
-3.33799
-3.33799
-3.33829
-3.33829
-3.33919
-3.3395
-3.33995
-3.33995
-3.3407
-3.3395
-3.3398
-3.3404
-3.3404
-3.33965
-3.3407
-3.34085
-3.3404
-3.34025
-3.34101
-3.3398
-3.33874
-3.33904
-3.3395
-3.33995
-3.33995
-3.33949
-3.33995
-3.33905
-3.34101
-3.34056
-3.34011
-3.34086
-3.34071
-3.3401
-3.34055
-3.34024
-3.33994
-3.34025
-3.34101
-3.34086
-3.34055
-3.33965
-3.34025
-3.3398
-3.33859
-3.33859
-3.33874
-3.3389
-3.33844
-3.3395
-3.33935
-3.3398
-3.3401
-3.3401
-3.34055
-3.34085
-3.33994
-3.33874
-3.33859
-3.33723
-3.33677
-3.33692
-3.33647
-3.33602
-3.33632
-3.33723
-3.33829
-3.33859
-3.33859
-3.33889
-3.33874
-3.33889
-3.33753
-3.33814
-3.33783
-3.33768
-3.33783
-3.33783
-3.33874
-3.33738
-3.33798
-3.33844
-3.33813
-3.33813
-3.33934
-3.33994
-3.3407
-3.33964
-3.33979
-3.33964
-3.3404
-3.34025
-3.3401
-3.3398
-3.33965
-3.34055
-3.33949
-3.33949
-3.33798
-3.33693
-3.33678
-3.33753
-3.33723
-3.33707
-3.33828
-3.33888
-3.33888
-3.33904
-3.33934
-3.34055
-3.34131
-3.34131
-3.34085
-3.34055
-3.3407
-3.33995
-3.33979
-3.33949
-3.34025
-3.34055
-3.34025
-3.33964
-3.33934
-3.34009
-3.33979
-3.34039
-3.33903
-3.33933
-3.33828
-3.33843
-3.33843
-3.33859
-3.33859
-3.33889
-3.33844
-3.33843
-3.33828
-3.33843
-3.33827
-3.33752
-3.33828
-3.33813
-3.33783
-3.33904
-3.33979
-3.33994
-3.34084
-3.34054
-3.3407
-3.3401
-3.34025
-3.3404
-3.33934
-3.33813
-3.33843
-3.33707
-3.33601
-3.33692
-3.33692
-3.33752
-3.33722
-3.33722
-3.33767
-3.33812
-3.33707
-3.33737
-3.33767
-3.33828
-3.33873
-3.33933
-3.33963
-3.33978
-3.34024
-3.33979
-3.33933
-3.33918
-3.33918
-3.33888
-3.33873
-3.33842
-3.33948
-3.33993
-3.33948
-3.33873
-3.33963
-3.34009
-3.33979
-3.33948
-3.33873
-3.33707
-3.33661
-3.33783
-3.33707
-3.33647
-3.33662
-3.33632
-3.33587
-3.33617
-3.33632
-3.33647
-3.33601
-3.33676
-3.33616
-3.33737
-3.33813
-3.33783
-3.33813
-3.33798
-3.33738
-3.33722
-3.33601
-3.33556
-3.33571
-3.33526
-3.33511
-3.33556
-3.33616
-3.33646
-3.33692
-3.33722
-3.33753
-3.33738
-3.33708
-3.33571
-3.33556
-3.33662
-3.33646
-3.33616
-3.33526
-3.33481
-3.33481
-3.33435
-3.33435
-3.33481
-3.33631
-3.33797
-3.33646
-3.33691
-3.33676
-3.33631
-3.33571
-3.33647
-3.33693
-3.33693
-3.33813
-3.33813
-3.33707
-3.33813
-3.33843
-3.33874
-3.33798
-3.33858
-3.33812
-3.33722
-3.33737
-3.33768
-3.33662
-3.33692
-3.33738
-3.33692
-3.33647
-3.33632
-3.33632
-3.33601
-3.33677
-3.33722
-3.33601
-3.33616
-3.33586
-3.33722
-3.33662
-3.33662
-3.33692
-3.33631
-3.33586
-3.33495
-3.33571
-3.33571
-3.33541
-3.33572
-3.33572
-3.33557
-3.33557
-3.33572
-3.33541
-3.33526
-3.33602
-3.33632
-3.33601
-3.33496
-3.33541
-3.33511
-3.33511
-3.33556
-3.33511
-3.33526
-3.33345
-3.33345
-3.333
-3.33225
-3.33239
-3.33315
-3.33315
-3.33406
-3.3333
-3.3336
-3.33375
-3.3342
-3.3342
-3.3345
-3.33481
-3.33421
-3.33436
-3.33406
-3.33406
-3.33512
-3.33602
-3.33693
-3.33814
-3.33859
-3.33814
-3.33768
-3.33738
-3.33707
-3.33768
-3.33783
-3.33768
-3.33798
-3.33858
-3.33874
-3.33844
-3.33905
-3.33905
-3.33829
-3.33814
-3.33784
-3.33738
-3.33799
-3.33693
-3.33632
-3.33647
-3.33601
-3.33631
-3.33616
-3.33601
-3.33737
-3.33707
-3.33752
-3.33692
-3.33783
-3.33783
-3.33919
-3.33888
-3.33828
-3.33858
-3.33843
-3.33783
-3.33859
-3.33919
-3.33844
-3.33965
-3.33829
-3.33965
-3.34025
-3.33995
-3.33934
-3.33858
-3.33707
-3.33737
-3.33737
-3.33813
-3.33813
-3.33799
-3.33738
-3.33663
-3.33557
-3.33587
-3.33542
-3.33587
-3.33466
-3.3348
-3.33495
-3.3345
-3.33329
-3.33375
-3.33269
-3.33315
-3.33345
-3.33285
-3.333
-3.33361
-3.33467
-3.33346
-3.33285
-3.33375
-3.33239
-3.33239
-3.33329
-3.33223
-3.33239
-3.33375
-3.33345
-3.3336
-3.33208
-3.33133
-3.33148
-3.33299
-3.3339
-3.33435
-3.33436
-3.33572
-3.33677
-3.33707
-3.33677
-3.33601
-3.33586
-3.33646
-3.33571
-3.33525
-3.3345
-3.3342
-3.33451
-3.33436
-3.33436
-3.3339
-3.3336
-3.33435
-3.33434
-3.33464
-3.33661
-3.33586
-3.33601
-3.33662
-3.33632
-3.33632
-3.33617
-3.33662
-3.33647
-3.33572
-3.33587
-3.33662
-3.33737
-3.33767
-3.33797
-3.33873
-3.33933
-3.33933
-3.33919
-3.33873
-3.33783
-3.33768
-3.33768
-3.33843
-3.33858
-3.33767
-3.33752
-3.33721
-3.33752
-3.33692
-3.33692
-3.33632
-3.33541
-3.33572
-3.33511
-3.33496
-3.33556
-3.33556
-3.33647
-3.33677
-3.33707
-3.33707
-3.33692
-3.33752
-3.33722
-3.33737
-3.33752
-3.33722
-3.33632
-3.33511
-3.33541
-3.33526
-3.33451
-3.33556
-3.33632
-3.33526
-3.33526
-3.33556
-3.33526
-3.33541
-3.33496
-3.33587
-3.33542
-3.33572
-3.33572
-3.33557
-3.33572
-3.33617
-3.33692
-3.33767
-3.33767
-3.33783
-3.33783
-3.33768
-3.33784
-3.33859
-3.33889
-3.33919
-3.33888
-3.33813
-3.33859
-3.33889
-3.33904
-3.33859
-3.33813
-3.33722
-3.33677
-3.33676
-3.33631
-3.33767
-3.33858
-3.33934
-3.33964
-3.33904
-3.33707
-3.33647
-3.33662
-3.33647
-3.33692
-3.33617
-3.33722
-3.33798
-3.33752
-3.33798
-3.33843
-3.33813
-3.33737
-3.33888
-3.33858
-3.33873
-3.33858
-3.33904
-3.33919
-3.33904
-3.33828
-3.33723
-3.33662
-3.33828
-3.33873
-3.33828
-3.33903
-3.33889
-3.33904
-3.33904
-3.33934
-3.33995
-3.3404
-3.34009
-3.34024
-3.34084
-3.34009
-3.33948
-3.33918
-3.33934
-3.33903
-3.33888
-3.33828
-3.33888
-3.33873
-3.33737
-3.33692
-3.33767
-3.33888
-3.33934
-3.3401
-3.33949
-3.33934
-3.34025
-3.3407
-3.34085
-3.34084
-3.33993
-3.33903
-3.34039
-3.34114
-3.33994
-3.341
-3.33979
-3.33934
-3.34085
-3.34039
-3.33979
-3.33948
-3.33948
-3.33979
-3.33903
-3.33964
-3.3401
-3.33828
-3.33753
-3.33738
-3.33738
-3.33873
-3.33888
-3.33964
-3.33918
-3.33888
-3.33857
-3.33978
-3.33948
-3.33842
-3.33767
-3.33813
-3.33813
-3.33813
-3.33738
-3.33617
-3.33632
-3.33602
-3.33692
-3.33692
-3.33737
-3.33707
-3.33707
-3.33707
-3.33768
-3.33722
-3.33601
-3.33586
-3.33541
-3.33586
-3.33556
-3.33465
-3.3354
-3.33586
-3.3345
-3.33616
-3.33495
-3.3345
-3.3342
-3.33405
-3.33435
-3.33375
-3.3339
-3.33435
-3.33465
-3.33405
-3.33359
-3.3345
-3.33435
-3.33434
-3.3348
-3.33435
-3.33404
-3.3348
-3.33601
-3.33526
-3.33526
-3.33586
-3.33647
-3.33707
-3.33797
-3.33722
-3.33752
-3.33707
-3.33677
-3.33631
-3.33676
-3.33646
-3.33676
-3.33722
-3.33843
-3.33903
-3.33919
-3.33889
-3.3401
-3.34055
-3.33979
-3.3407
-3.34009
-3.33994
-3.33963
-3.33933
-3.33918
-3.33903
-3.33903
-3.33752
-3.33737
-3.33707
-3.33738
-3.33722
-3.33646
-3.33692
-3.33692
-3.33676
-3.33646
-3.33646
-3.3363
-3.3351
-3.3348
-3.33375
-3.3336
-3.33375
-3.33405
-3.33405
-3.3336
-3.3342
-3.33525
-3.33646
-3.33661
-3.33722
-3.33677
-3.33616
-3.33646
-3.33601
-3.33601
-3.3357
-3.3354
-3.33495
-3.33359
-3.33344
-3.33193
-3.33148
-3.33194
-3.33133
-3.33073
-3.33088
-3.33179
-3.33164
-3.33148
-3.33208
-3.33238
-3.33223
-3.33193
-3.33163
-3.33238
-3.33223
-3.33208
-3.33208
-3.33193
-3.33238
-3.33253
-3.33359
-3.33374
-3.33314
-3.33284
-3.33284
-3.3339
-3.33465
-3.3351
-3.3351
-3.33616
-3.33525
-3.33525
-3.33495
-3.33465
-3.33495
-3.3351
-3.33631
-3.33586
-3.33586
-3.33631
-3.33555
-3.3354
-3.33495
-3.33676
-3.33646
-3.33676
-3.33631
-3.33646
-3.33646
-3.33646
-3.33707
-3.33737
-3.33752
-3.33722
-3.33752
-3.33722
-3.33707
-3.33676
-3.3354
-3.33389
-3.3345
-3.3345
-3.33465
-3.33359
-3.3339
-3.33435
-3.3336
-3.33405
-3.3339
-3.33375
-3.33435
-3.3351
-3.3351
-3.33435
-3.3351
-3.33525
-3.3348
-3.33359
-3.3342
-3.33495
-3.33541
-3.33677
-3.33662
-3.33662
-3.33662
-3.33556
-3.33541
-3.3342
-3.33525
-3.336
-3.33646
-3.33721
-3.33646
-3.33646
-3.33571
-3.33571
-3.33511
-3.3345
-3.33329
-3.33344
-3.3342
-3.33389
-3.33344
-3.33163
-3.33147
-3.33132
-3.33102
-3.33072
-3.33042
-3.32982
-3.32982
-3.33027
-3.33087
-3.33057
-3.33132
-3.33193
-3.33178
-3.33117
-3.33117
-3.33087
-3.33133
-3.33193
-3.33253
-3.33269
-3.33329
-3.33254
-3.33224
-3.33178
-3.33148
-3.33118
-3.33208
-3.33133
-3.33102
-3.33057
-3.33162
-3.33117
-3.33238
-3.33283
-3.33359
-3.33329
-3.33299
-3.3342
-3.33375
-3.33359
-3.33405
-3.33314
-3.33359
-3.3336
-3.33465
-3.33526
-3.33571
-3.33511
-3.3351
-3.33525
-3.3351
-3.33555
-3.33924
-3.33924
-3.33879
-3.33834
-3.33743
-3.33743
-3.33743
-3.33758
-3.33833
-3.33863
-3.33863
-3.33773
-3.33834
-3.33804
-3.33834
-3.33834
-3.34015
-3.3403
-3.34076
-3.34226
-3.34287
-3.34211
-3.3412
-3.34105
-3.34091
-3.34076
-3.34061
-3.3403
-3.34015
-3.34015
-3.33999
-3.3406
-3.34029
-3.33984
-3.3397
-3.34
-3.34076
-3.34031
-3.3397
-3.33985
-3.34
-3.33985
-3.3403
-3.33924
-3.33818
-3.33713
-3.33697
-3.33577
-3.33592
-3.33592
-3.33607
-3.33622
-3.33592
-3.33592
-3.33607
-3.33592
-3.33592
-3.33637
-3.33667
-3.33698
-3.33683
-3.33668
-3.33789
-3.33925
-3.33955
-3.33849
-3.33818
-3.33924
-3.33909
-3.34
-3.33924
-3.3397
-3.3403
-3.34046
-3.34
-3.3397
-3.33955
-3.33985
-3.33985
-3.33879
-3.33924
-3.33819
-3.33925
-3.33909
-3.33788
-3.33894
-3.33849
-3.33894
-3.33999
-3.3406
-3.34105
-3.34166
-3.34272
-3.34347
-3.34317
-3.34257
-3.34332
-3.34347
-3.34256
-3.34256
-3.34286
-3.34317
-3.34332
-3.34241
-3.34196
-3.3406
-3.3409
-3.3409
-3.34045
-3.3409
-3.34196
-3.34181
-3.34121
-3.34075
-3.34015
-3.33985
-3.34
-3.3406
-3.34075
-3.34121
-3.34136
-3.34091
-3.3409
-3.34211
-3.34166
-3.34136
-3.34091
-3.34091
-3.34151
-3.34181
-3.34226
-3.34166
-3.34226
-3.34165
-3.34074
-3.34075
-3.34045
-3.34121
-3.34136
-3.34136
-3.34151
-3.34227
-3.34166
-3.34226
-3.34226
-3.34302
-3.34256
-3.34317
-3.34271
-3.34241
-3.34241
-3.34287
-3.34347
-3.34316
-3.34346
-3.34225
-3.34241
-3.34211
-3.34211
-3.34196
-3.34256
-3.34196
-3.3412
-3.34135
-3.34075
-3.33999
-3.34075
-3.33985
-3.33864
-3.33728
-3.33834
-3.33879
-3.33848
-3.33863
-3.33909
-3.33969
-3.33939
-3.33954
-3.33954
-3.33818
-3.33924
-3.33939
-3.33848
-3.33848
-3.33879
-3.33834
-3.33788
-3.33743
-3.33682
-3.33818
-3.33878
-3.33939
-3.33879
-3.33864
-3.33788
-3.33758
-3.33848
-3.33954
-3.34014
-3.33878
-3.33909
-3.33924
-3.33939
-3.33939
-3.33939
-3.3397
-3.33955
-3.34
-3.34015
-3.34181
-3.34181
-3.34181
-3.34045
-3.33923
-3.33833
-3.33893
-3.33878
-3.33894
-3.33909
-3.33803
-3.33849
-3.33818
-3.33788
-3.33833
-3.33727
-3.33622
-3.33713
-3.33743
-3.33668
-3.33637
-3.33652
-3.33622
-3.33636
-3.33636
-3.33682
-3.33682
-3.33682
-3.33773
-3.33819
-3.33819
-3.33985
-3.33999
-3.33939
-3.34014
-3.33924
-3.33878
-3.33818
-3.33818
-3.33818
-3.33788
-3.33803
-3.33591
-3.33516
-3.33456
-3.33577
-3.33683
-3.33698
-3.33683
-3.33728
-3.33637
-3.33546
-3.33441
-3.33456
-3.33501
-3.33501
-3.33516
-3.33546
-3.33515
-3.335
-3.33545
-3.33531
-3.33576
-3.33591
-3.33592
-3.33531
-3.33561
-3.33622
-3.33713
-3.33697
-3.33773
-3.33697
-3.33485
-3.33531
-3.33394
-3.3341
-3.3335
-3.3332
-3.33274
-3.3332
-3.33335
-3.33334
-3.33455
-3.3347
-3.33425
-3.33485
-3.33576
-3.33501
-3.33532
-3.33532
-3.33546
-3.33531
-3.33409
-3.33531
-3.33577
-3.33577
-3.33607
-3.33698
-3.33652
-3.33652
-3.33727
-3.33682
-3.33697
-3.33772
-3.33848
-3.33863
-3.33803
-3.33908
-3.33954
-3.33969
-3.33924
-3.33924
-3.3394
-3.33909
-3.34
-3.33984
-3.33984
-3.33999
-3.33954
-3.33938
-3.33999
-3.33999
-3.34059
-3.34014
-3.34015
-3.33984
-3.34105
-3.34151
-3.34151
-3.34136
-3.3403
-3.33909
-3.33939
-3.33924
-3.33909
-3.33803
-3.33772
-3.33742
-3.33727
-3.33772
-3.33788
-3.33758
-3.33667
-3.33516
-3.3338
-3.3335
-3.33456
-3.33425
-3.33425
-3.33546
-3.33667
-3.33833
-3.33863
-3.33939
-3.33954
-3.3403
-3.34015
-3.34
-3.34075
-3.33984
-3.34014
-3.34029
-3.34059
-3.34075
-3.33999
-3.33954
-3.33909
-3.33864
-3.33909
-3.33864
-3.33773
-3.33773
-3.33697
-3.33728
-3.33652
-3.33667
-3.33607
-3.33561
-3.33652
-3.33787
-3.33757
-3.33621
-3.33697
-3.33607
-3.33668
-3.33683
-3.33774
-3.33713
-3.33683
-3.33668
-3.33803
-3.33743
-3.33682
-3.33727
-3.33802
-3.33893
-3.33803
-3.33833
-3.33682
-3.33592
-3.33668
-3.33698
-3.33547
-3.33532
-3.33532
-3.33622
-3.33607
-3.33712
-3.33697
-3.33712
-3.33742
-3.33908
-3.33984
-3.33879
-3.33879
-3.3397
-3.33955
-3.33985
-3.3406
-3.3406
-3.3406
-3.34105
-3.34226
-3.34136
-3.34136
-3.34181
-3.34151
-3.34257
-3.34257
-3.34287
-3.34227
-3.34302
-3.34257
-3.34227
-3.34211
-3.34211
-3.34151
-3.3412
-3.3412
-3.34181
-3.34196
-3.34211
-3.34287
-3.34332
-3.34332
-3.34302
-3.34227
-3.34227
-3.34151
-3.34196
-3.34121
-3.3409
-3.34091
-3.34
-3.34
-3.34046
-3.34045
-3.3397
-3.34075
-3.3403
-3.33969
-3.33954
-3.33924
-3.33924
-3.33849
-3.33939
-3.33924
-3.33878
-3.33909
-3.33893
-3.33833
-3.33878
-3.33909
-3.33909
-3.33954
-3.33894
-3.33939
-3.33879
-3.33894
-3.3403
-3.34136
-3.34121
-3.34015
-3.33924
-3.33863
-3.33878
-3.33908
-3.33787
-3.33697
-3.33758
-3.33683
-3.33833
-3.33863
-3.33863
-3.33773
-3.33788
-3.33773
-3.33773
-3.33848
-3.33848
-3.33924
-3.33924
-3.33969
-3.33893
-3.33894
-3.33803
-3.33819
-3.33864
-3.33818
-3.33818
-3.33908
-3.33893
-3.33833
-3.33757
-3.33743
-3.33667
-3.33667
-3.33561
-3.33516
-3.33576
-3.33576
-3.33485
-3.33485
-3.3347
-3.33501
-3.33501
-3.33576
-3.33592
-3.33607
-3.33652
-3.33637
-3.33637
-3.33712
-3.33757
-3.33833
-3.33803
-3.33863
-3.33773
-3.33758
-3.33773
-3.33818
-3.33879
-3.33863
-3.33863
-3.33863
-3.33742
-3.33878
-3.33848
-3.33863
-3.33848
-3.33894
-3.33969
-3.33984
-3.33878
-3.33954
-3.33878
-3.33863
-3.33803
-3.33818
-3.33954
-3.33985
-3.3406
-3.33894
-3.33985
-3.3403
-3.33984
-3.33939
-3.33969
-3.33999
-3.3406
-3.3412
-3.34075
-3.34165
-3.34105
-3.34105
-3.34226
-3.34301
-3.34316
-3.34286
-3.34256
-3.34015
-3.3403
-3.33924
-3.33924
-3.33985
-3.3403
-3.33924
-3.33909
-3.33909
-3.33954
-3.33984
-3.33999
-3.33939
-3.34
-3.33909
-3.33908
-3.33893
-3.33864
-3.3394
-3.3391
-3.33985
-3.33939
-3.34045
-3.34045
-3.34075
-3.3412
-3.34075
-3.3415
-3.34256
-3.34181
-3.34181
-3.3409
-3.34075
-3.3406
-3.3409
-3.3397
-3.33894
-3.33819
-3.33834
-3.33879
-3.33788
-3.33788
-3.33788
-3.33984
-3.34045
-3.33969
-3.33894
-3.33773
-3.33773
-3.33682
-3.33637
-3.33561
-3.33591
-3.33682
-3.33682
-3.33652
-3.33743
-3.33728
-3.33713
-3.33698
-3.33652
-3.33592
-3.33592
-3.33501
-3.33637
-3.33743
-3.33728
-3.33758
-3.33773
-3.33834
-3.3397
-3.33864
-3.33924
-3.33939
-3.33954
-3.33893
-3.34074
-3.3415
-3.34165
-3.34166
-3.34121
-3.34045
-3.33985
-3.33924
-3.33939
-3.33985
-3.3403
-3.34015
-3.3409
-3.3409
-3.34075
-3.33999
-3.33893
-3.33863
-3.33968
-3.34059
-3.34105
-3.34075
-3.34151
-3.34241
-3.34272
-3.34332
-3.34347
-3.34347
-3.34226
-3.3421
-3.34226
-3.34165
-3.34135
-3.34392
-3.34407
-3.34467
-3.34437
-3.34346
-3.34286
-3.34225
-3.3418
-3.34196
-3.34211
-3.3415
-3.34181
-3.34196
-3.34211
-3.34241
-3.34211
-3.34317
-3.34377
-3.34392
-3.34452
-3.34452
-3.34361
-3.34437
-3.34467
-3.34346
-3.34392
-3.34301
-3.34392
-3.34286
-3.34362
-3.34256
-3.3412
-3.3409
-3.34165
-3.34105
-3.3403
-3.34105
-3.34075
-3.34059
-3.34135
-3.3412
-3.34044
-3.34029
-3.34014
-3.34044
-3.34089
-3.34089
-3.33984
-3.33909
-3.33954
-3.33833
-3.33864
-3.33939
-3.33924
-3.33878
-3.33878
-3.33817
-3.33863
-3.33802
-3.33833
-3.33969
-3.3397
-3.34015
-3.3403
-3.3406
-3.34045
-3.34121
-3.3412
-3.34226
-3.3415
-3.34135
-3.34104
-3.34044
-3.3406
-3.33894
-3.33864
-3.33833
-3.33803
-3.33742
-3.33727
-3.33621
-3.33561
-3.33577
-3.33652
-3.33668
-3.33637
-3.33743
-3.33712
-3.33712
-3.33697
-3.33772
-3.33878
-3.33878
-3.33893
-3.33863
-3.33727
-3.33712
-3.33697
-3.33561
-3.33591
-3.33652
-3.33561
-3.33576
-3.33531
-3.33561
-3.33576
-3.33546
-3.33606
-3.33637
-3.33561
-3.33546
-3.33667
-3.33485
-3.335
-3.33485
-3.3356
-3.3353
-3.33606
-3.3356
-3.33485
-3.33545
-3.33545
-3.33591
-3.33545
-3.33515
-3.33561
-3.33576
-3.33636
-3.33591
-3.33636
-3.33531
-3.335
-3.33606
-3.33667
-3.33606
-3.33697
-3.33757
-3.33787
-3.33893
-3.33953
-3.33968
-3.34029
-3.33999
-3.34075
-3.3406
-3.3409
-3.34135
-3.3412
-3.34074
-3.34014
-3.33953
-3.33953
-3.33938
-3.33802
-3.33681
-3.33636
-3.33606
-3.33621
-3.33651
-3.33621
-3.33621
-3.33651
-3.33681
-3.33666
-3.33636
-3.33606
-3.33606
-3.33621
-3.33606
-3.33606
-3.33651
-3.3356
-3.3353
-3.33696
-3.33772
-3.33757
-3.33651
-3.33712
-3.33757
-3.33667
-3.33712
-3.33666
-3.33666
-3.33681
-3.33711
-3.33696
-3.33696
-3.33711
-3.33575
-3.3359
-3.33605
-3.33756
-3.33742
-3.33697
-3.33727
-3.33803
-3.33787
-3.33893
-3.33908
-3.34014
-3.33953
-3.33938
-3.33968
-3.33908
-3.33938
-3.33968
-3.34059
-3.3421
-3.34119
-3.3418
-3.3421
-3.3424
-3.3424
-3.34285
-3.34376
-3.34527
-3.34437
-3.34467
-3.34512
-3.34513
-3.34498
-3.34392
-3.34271
-3.34285
-3.34195
-3.34179
-3.34104
-3.34195
-3.3415
-3.34256
-3.34271
-3.34211
-3.3409
-3.3415
-3.33998
-3.33998
-3.33923
-3.33862
-3.33832
-3.33833
-3.33953
-3.33908
-3.33863
-3.33893
-3.33893
-3.33908
-3.33832
-3.33832
-3.33787
-3.33787
-3.33863
-3.33923
-3.33953
-3.33833
-3.33893
-3.33818
-3.33908
-3.33969
-3.34044
-3.34075
-3.34135
-3.34135
-3.34089
-3.33983
-3.34013
-3.33968
-3.33999
-3.33938
-3.34074
-3.34074
-3.34195
-3.3421
-3.34226
-3.34256
-3.34211
-3.34196
-3.34302
-3.34241
-3.34257
-3.34378
-3.34408
-3.34347
-3.34287
-3.34301
-3.34286
-3.34316
-3.34422
-3.34392
-3.34407
-3.34346
-3.34286
-3.34241
-3.34271
-3.34257
-3.34287
-3.34272
-3.34287
-3.34377
-3.34256
-3.34211
-3.34165
-3.3418
-3.38157
-3.38218
-3.38354
-3.38369
-3.38399
-3.38384
-3.38384
-3.3846
-3.38354
-3.38414
-3.38354
-3.38233
-3.38157
-3.38142
-3.38172
-3.38112
-3.38097
-3.38097
-3.38021
-3.37931
-3.37976
-3.37946
-3.3793
-3.38021
-3.38127
-3.38097
-3.37991
-3.38037
-3.38037
-3.379
-3.38006
-3.38081
-3.38157
-3.38157
-3.38127
-3.38127
-3.38172
-3.38097
-3.38082
-3.38112
-3.38112
-3.37946
-3.38007
-3.37976
-3.38052
-3.37916
-3.37946
-3.37961
-3.3787
-3.379
-3.37809
-3.37794
-3.37855
-3.3787
-3.37885
-3.3781
-3.37658
-3.37658
-3.37628
-3.37522
-3.37553
-3.37507
-3.37538
-3.37508
-3.37614
-3.37569
-3.37508
-3.37538
-3.37598
-3.37583
-3.37507
-3.37477
-3.37507
-3.37598
-3.37598
-3.37598
-3.37629
-3.37674
-3.37689
-3.37659
-3.37719
-3.3787
-3.37855
-3.37915
-3.37915
-3.38006
-3.37945
-3.3796
-3.3796
-3.37961
-3.37946
-3.37961
-3.3787
-3.37825
-3.37886
-3.37795
-3.37901
-3.38007
-3.38006
-3.37961
-3.38006
-3.38036
-3.38126
-3.38126
-3.37991
-3.37991
-3.38021
-3.37946
-3.37961
-3.37931
-3.37946
-3.38006
-3.38021
-3.38067
-3.38112
-3.38218
-3.38263
-3.38188
-3.38218
-3.38233
-3.38309
-3.38249
-3.38339
-3.38233
-3.38203
-3.38172
-3.38157
-3.38232
-3.38263
-3.38232
-3.38202
-3.38172
-3.38248
-3.38218
-3.38339
-3.38278
-3.38248
-3.38142
-3.38278
-3.38293
-3.38248
-3.38067
-3.38052
-3.38158
-3.38067
-3.38113
-3.38233
-3.38143
-3.38142
-3.38277
-3.38262
-3.38338
-3.38369
-3.38309
-3.38218
-3.38188
-3.38082
-3.38007
-3.38052
-3.38112
-3.38127
-3.38006
-3.38022
-3.38082
-3.38158
-3.38188
-3.38157
-3.38188
-3.38188
-3.38142
-3.38203
-3.38082
-3.38037
-3.38082
-3.38233
-3.38218
-3.38187
-3.38142
-3.38066
-3.379
-3.3787
-3.37916
-3.37825
-3.3781
-3.37764
-3.37855
-3.37991
-3.38006
-3.38052
-3.37992
-3.38052
-3.37991
-3.38037
-3.37976
-3.37825
-3.37795
-3.37795
-3.3778
-3.37764
-3.37885
-3.37946
-3.37871
-3.37916
-3.37916
-3.37916
-3.37795
-3.3778
-3.37689
-3.37719
-3.37765
-3.3787
-3.3781
-3.37825
-3.3781
-3.37795
-3.3772
-3.37689
-3.37704
-3.37674
-3.3778
-3.37765
-3.37674
-3.3778
-3.37856
-3.37932
-3.37992
-3.38022
-3.38052
-3.38052
-3.38052
-3.38082
-3.38082
-3.38082
-3.38052
-3.37992
-3.38007
-3.38053
-3.38174
-3.38204
-3.38188
-3.38173
-3.38142
-3.38067
-3.38037
-3.38098
-3.38128
-3.38037
-3.38098
-3.38158
-3.38143
-3.38204
-3.38325
-3.3834
-3.38295
-3.38355
-3.38325
-3.38249
-3.38128
-3.38083
-3.38068
-3.38083
-3.38113
-3.38097
-3.38067
-3.38098
-3.38173
-3.38158
-3.38143
-3.38098
-3.38053
-3.38007
-3.38052
-3.37946
-3.38007
-3.38007
-3.37962
-3.37992
-3.37947
-3.37947
-3.37871
-3.37886
-3.37931
-3.37901
-3.37931
-3.38007
-3.38067
-3.38007
-3.37962
-3.37916
-3.37992
-3.38098
-3.37992
-3.38022
-3.38037
-3.37977
-3.37961
-3.38007
-3.37946
-3.37946
-3.37931
-3.37991
-3.38036
-3.37915
-3.37915
-3.38021
-3.38082
-3.38112
-3.38007
-3.38053
-3.38098
-3.38113
-3.38189
-3.38204
-3.38218
-3.38188
-3.38112
-3.38127
-3.38157
-3.38233
-3.38248
-3.38172
-3.38127
-3.38142
-3.37946
-3.37916
-3.37931
-3.37795
-3.37705
-3.37674
-3.3772
-3.37795
-3.3778
-3.37825
-3.37855
-3.3787
-3.3784
-3.37839
-3.37779
-3.3787
-3.3793
-3.37915
-3.37809
-3.37855
-3.379
-3.37946
-3.38006
-3.38006
-3.37946
-3.38082
-3.38142
-3.38157
-3.38082
-3.38157
-3.38158
-3.38158
-3.38067
-3.38082
-3.38036
-3.37975
-3.38066
-3.38157
-3.38127
-3.38157
-3.38157
-3.38157
-3.38112
-3.38097
-3.38081
-3.38051
-3.38051
-3.38066
-3.37976
-3.38082
-3.38127
-3.38188
-3.38188
-3.38263
-3.38172
-3.38157
-3.38127
-3.38127
-3.38112
-3.38202
-3.38217
-3.38126
-3.38186
-3.38217
-3.38247
-3.38187
-3.38248
-3.38203
-3.38142
-3.38112
-3.38142
-3.38067
-3.38097
-3.38218
-3.38278
-3.38308
-3.38248
-3.38324
-3.38263
-3.38279
-3.38294
-3.38279
-3.38294
-3.38218
-3.38157
-3.38082
-3.38096
-3.38081
-3.38081
-3.38127
-3.38097
-3.38158
-3.38158
-3.38128
-3.38233
-3.38143
-3.38203
-3.38249
-3.38173
-3.38203
-3.38128
-3.38067
-3.38097
-3.38218
-3.38248
-3.38203
-3.38157
-3.38218
-3.38187
-3.38187
-3.38006
-3.38036
-3.38097
-3.38097
-3.38037
-3.38052
-3.38097
-3.38097
-3.38067
-3.38036
-3.38067
-3.38006
-3.38082
-3.38112
-3.38127
-3.38142
-3.38187
-3.38157
-3.38248
-3.38218
-3.38203
-3.38188
-3.38158
-3.38264
-3.38173
-3.38172
-3.38232
-3.38248
-3.38233
-3.38173
-3.38158
-3.38128
-3.38143
-3.38218
-3.38203
-3.38233
-3.38263
-3.38188
-3.38324
-3.38309
-3.38399
-3.38263
-3.38354
-3.38278
-3.38248
-3.38203
-3.38127
-3.38067
-3.38006
-3.37976
-3.38021
-3.3793
-3.38006
-3.37931
-3.37976
-3.38006
-3.38037
-3.38127
-3.38067
-3.38052
-3.38128
-3.38203
-3.38263
-3.38203
-3.38172
-3.38082
-3.38067
-3.38112
-3.38173
-3.38142
-3.37976
-3.37945
-3.38036
-3.38096
-3.38036
-3.38082
-3.38052
-3.38067
-3.38067
-3.38037
-3.38112
-3.38263
-3.38309
-3.38369
-3.3846
-3.38475
-3.38445
-3.3843
-3.3843
-3.38353
-3.38187
-3.38232
-3.38172
-3.38263
-3.38339
-3.38325
-3.3834
-3.38295
-3.38295
-3.38415
-3.38355
-3.38309
-3.38279
-3.38218
-3.38203
-3.38158
-3.38127
-3.38142
-3.38066
-3.38142
-3.38157
-3.38142
-3.38173
-3.38112
-3.38082
-3.38037
-3.38158
-3.38173
-3.38203
-3.38173
-3.38248
-3.38263
-3.38278
-3.38263
-3.38233
-3.38203
-3.38324
-3.38339
-3.38278
-3.38414
-3.38384
-3.38324
-3.38233
-3.38324
-3.38264
-3.38248
-3.38218
-3.38188
-3.38218
-3.38234
-3.38264
-3.38219
-3.38234
-3.38218
-3.38157
-3.38278
-3.38248
-3.38233
-3.38278
-3.38233
-3.38203
-3.38203
-3.38203
-3.38158
-3.38097
-3.38007
-3.38022
-3.38037
-3.38097
-3.38127
-3.38173
-3.38248
-3.38097
-3.38127
-3.38142
-3.38203
-3.38218
-3.38263
-3.38309
-3.38278
-3.38188
-3.38173
-3.38218
-3.38248
-3.38172
-3.38172
-3.38202
-3.38097
-3.38036
-3.38021
-3.37991
-3.37915
-3.38066
-3.38036
-3.38157
-3.38172
-3.38142
-3.38173
-3.38173
-3.38067
-3.38143
-3.38067
-3.38067
-3.38142
-3.38142
-3.38127
-3.38096
-3.38021
-3.38021
-3.37961
-3.37991
-3.37901
-3.37946
-3.37946
-3.37871
-3.37916
-3.37886
-3.37931
-3.37855
-3.3781
-3.3784
-3.3784
-3.37885
-3.37854
-3.37899
-3.37914
-3.37929
-3.38005
-3.38035
-3.38021
-3.38157
-3.38097
-3.38052
-3.38036
-3.38067
-3.38172
-3.38278
-3.38324
-3.38308
-3.38248
-3.38202
-3.38126
-3.38081
-3.38156
-3.38156
-3.38141
-3.38171
-3.38172
-3.38157
-3.38157
-3.38051
-3.38036
-3.38006
-3.37945
-3.37975
-3.37839
-3.37794
-3.37869
-3.379
-3.38005
-3.3796
-3.37915
-3.379
-3.37915
-3.38051
-3.3799
-3.38111
-3.38142
-3.38051
-3.38066
-3.37945
-3.37839
-3.37839
-3.37869
-3.37793
-3.37914
-3.37975
-3.3799
-3.3799
-3.38066
-3.3796
-3.37991
-3.38051
-3.37946
-3.38051
-3.38021
-3.3799
-3.37899
-3.37884
-3.3793
-3.3796
-3.3793
-3.37915
-3.37885
-3.3793
-3.37945
-3.37795
-3.37734
-3.37764
-3.3787
-3.37854
-3.37824
-3.37779
-3.37869
-3.37824
-3.37749
-3.3787
-3.37961
-3.37976
-3.38006
-3.38036
-3.3799
-3.37975
-3.38006
-3.37991
-3.37885
-3.379
-3.37825
-3.37764
-3.37719
-3.37673
-3.37718
-3.37658
-3.37688
-3.37839
-3.37884
-3.38005
-3.3802
-3.3796
-3.38005
-3.3796
-3.37854
-3.37915
-3.379
-3.37961
-3.37946
-3.3787
-3.3784
-3.3784
-3.3793
-3.37885
-3.3784
-3.379
-3.37901
-3.37976
-3.37901
-3.37825
-3.37824
-3.37794
-3.37779
-3.37749
-3.37718
-3.37734
-3.37703
-3.37748
-3.37733
-3.37809
-3.37824
-3.37734
-3.37764
-3.37779
-3.37794
-3.37779
-3.37764
-3.37764
-3.37749
-3.37718
-3.37718
-3.37703
-3.37658
-3.37733
-3.37733
-3.37764
-3.37855
-3.37976
-3.38006
-3.37976
-3.37945
-3.37991
-3.37915
-3.37824
-3.379
-3.3787
-3.37915
-3.3799
-3.37975
-3.37975
-3.37854
-3.3793
-3.379
-3.37855
-3.37855
-3.3781
-3.37795
-3.37734
-3.37734
-3.37733
-3.37718
-3.37718
-3.37824
-3.37809
-3.37809
-3.37749
-3.37719
-3.37553
-3.37462
-3.37447
-3.37432
-3.37447
-3.37371
-3.37432
-3.37462
-3.37492
-3.37462
-3.37522
-3.37477
-3.37477
-3.37386
-3.37417
-3.37416
-3.37461
-3.37431
-3.37582
-3.37628
-3.37582
-3.37688
-3.37764
-3.3784
-3.37946
-3.38067
-3.37931
-3.37885
-3.37915
-3.3793
-3.379
-3.37975
-3.3799
-3.3796
-3.3793
-3.37945
-3.3793
-3.38021
-3.38021
-3.38006
-3.38081
-3.38096
-3.38081
-3.38111
-3.38096
-3.38051
-3.38066
-3.38006
-3.38067
-3.38067
-3.38082
-3.38082
-3.37991
-3.37915
-3.379
-3.37915
-3.37869
-3.37869
-3.37793
-3.37839
-3.37763
-3.37764
-3.37779
-3.37795
-3.37704
-3.37689
-3.37719
-3.37734
-3.37779
-3.37764
-3.37809
-3.379
-3.379
-3.3787
-3.37961
-3.37991
-3.379
-3.37975
-3.37959
-3.38021
-3.38006
-3.37916
-3.37901
-3.37931
-3.379
-3.3787
-3.3787
-3.37885
-3.3787
-3.37809
-3.37764
-3.37749
-3.37734
-3.37704
-3.37749
-3.37673
-3.37613
-3.37537
-3.37537
-3.37432
-3.37447
-3.37432
-3.37462
-3.37432
-3.37341
-3.37416
-3.37507
-3.37446
-3.37386
-3.37447
-3.37477
-3.37553
-3.37568
-3.37599
-3.37614
-3.37689
-3.37734
-3.37885
-3.37764
-3.37794
-3.37673
-3.37643
-3.37703
-3.37658
-3.37764
-3.37779
-3.37855
-3.37886
-3.37931
-3.3778
-3.37765
-3.3781
-3.37719
-3.37869
-3.37824
-3.37748
-3.37839
-3.379
-3.37915
-3.38067
-3.38082
-3.37901
-3.3787
-3.37931
-3.37945
-3.38006
-3.37915
-3.3793
-3.37946
-3.37961
-3.3793
-3.38051
-3.38036
-3.38036
-3.38066
-3.38127
-3.38127
-3.38112
-3.38142
-3.38157
-3.38157
-3.38111
-3.38006
-3.37991
-3.38052
-3.38127
-3.38157
-3.38188
-3.38142
-3.38006
-3.38021
-3.379
-3.37945
-3.26798
-3.26814
-3.26738
-3.26723
-3.26603
-3.26618
-3.26663
-3.26587
-3.26663
-3.26693
-3.26602
-3.26436
-3.26406
-3.26542
-3.26618
-3.26633
-3.26663
-3.26497
-3.26572
-3.26633
-3.26678
-3.26632
-3.26693
-3.26677
-3.26496
-3.26541
-3.26526
-3.2642
-3.26466
-3.26406
-3.26482
-3.26527
-3.26482
-3.26451
-3.26572
-3.26572
-3.26572
-3.26632
-3.26587
-3.26632
-3.26648
-3.26648
-3.26768
-3.26708
-3.26889
-3.26798
-3.26889
-3.26738
-3.26738
-3.26708
-3.26738
-3.26769
-3.26739
-3.26693
-3.26648
-3.26678
-3.26663
-3.26693
-3.26799
-3.26814
-3.26859
-3.26813
-3.26814
-3.26753
-3.26723
-3.26784
-3.26723
-3.26678
-3.26724
-3.26784
-3.2689
-3.26739
-3.26663
-3.26738
-3.26753
-3.26723
-3.26678
-3.26633
-3.26633
-3.26648
-3.26648
-3.26754
-3.26799
-3.26769
-3.26768
-3.26738
-3.26784
-3.26678
-3.26633
-3.26573
-3.26679
-3.26558
-3.26482
-3.26482
-3.26512
-3.26647
-3.26662
-3.26662
-3.26647
-3.26662
-3.26632
-3.26693
-3.26587
-3.26557
-3.26633
-3.26693
-3.26588
-3.26709
-3.26648
-3.26633
-3.26769
-3.26829
-3.26889
-3.26859
-3.26859
-3.26889
-3.2701
-3.27101
-3.27071
-3.27086
-3.27071
-3.27056
-3.27131
-3.27085
-3.2701
-3.2698
-3.26889
-3.26889
-3.2686
-3.26814
-3.26739
-3.26678
-3.26723
-3.26768
-3.26859
-3.26874
-3.2695
-3.26995
-3.26995
-3.26905
-3.26814
-3.2695
-3.27055
-3.27025
-3.26995
-3.26949
-3.26949
-3.27025
-3.27146
-3.27071
-3.27161
-3.27192
-3.27252
-3.27222
-3.27327
-3.27343
-3.27282
-3.27312
-3.27282
-3.27115
-3.271
-3.27146
-3.27146
-3.27146
-3.27146
-3.27207
-3.27252
-3.27237
-3.27207
-3.27177
-3.27252
-3.27192
-3.27192
-3.27176
-3.27146
-3.27176
-3.27116
-3.27071
-3.27056
-3.27086
-3.27132
-3.27222
-3.27207
-3.27222
-3.27237
-3.27237
-3.27252
-3.27222
-3.27207
-3.27147
-3.27192
-3.27132
-3.27086
-3.27056
-3.27117
-3.27011
-3.27011
-3.26996
-3.27071
-3.2692
-3.26996
-3.26981
-3.26905
-3.26905
-3.26995
-3.26995
-3.27071
-3.27086
-3.27056
-3.27026
-3.27086
-3.27117
-3.27132
-3.27162
-3.27147
-3.27177
-3.27207
-3.27192
-3.27086
-3.27101
-3.27056
-3.27041
-3.27057
-3.27117
-3.27163
-3.27208
-3.27178
-3.27177
-3.27207
-3.27206
-3.27161
-3.27146
-3.27131
-3.27147
-3.27162
-3.27193
-3.27192
-3.27132
-3.27162
-3.27147
-3.27162
-3.27222
-3.27283
-3.27328
-3.27464
-3.27464
-3.27373
-3.27479
-3.27418
-3.27373
-3.27282
-3.27162
-3.27162
-3.27283
-3.27267
-3.27267
-3.27222
-3.27282
-3.27267
-3.27252
-3.27252
-3.27131
-3.27086
-3.27056
-3.27056
-3.27026
-3.27056
-3.26905
-3.26859
-3.26935
-3.26965
-3.26889
-3.26844
-3.26799
-3.26678
-3.26723
-3.26648
-3.26618
-3.26558
-3.26663
-3.26769
-3.26845
-3.26693
-3.26663
-3.26708
-3.26693
-3.26678
-3.26618
-3.26497
-3.26588
-3.26573
-3.26603
-3.26558
-3.26572
-3.26632
-3.26647
-3.26632
-3.26678
-3.26799
-3.26708
-3.26709
-3.26694
-3.26648
-3.26708
-3.26617
-3.26647
-3.26678
-3.26633
-3.26678
-3.26648
-3.26648
-3.26678
-3.26708
-3.26647
-3.26723
-3.26768
-3.26753
-3.26678
-3.26799
-3.26784
-3.26784
-3.26754
-3.26769
-3.26845
-3.26844
-3.2686
-3.2695
-3.26829
-3.26754
-3.26769
-3.26814
-3.26738
-3.26618
-3.26603
-3.26542
-3.26497
-3.26422
-3.26422
-3.26452
-3.26437
-3.26422
-3.26436
-3.26436
-3.26421
-3.26467
-3.26542
-3.26557
-3.26558
-3.26603
-3.26603
-3.26573
-3.26587
-3.26572
-3.26602
-3.26557
-3.26572
-3.26557
-3.26754
-3.26739
-3.26603
-3.26603
-3.26543
-3.26558
-3.26664
-3.26724
-3.26649
-3.26648
-3.26648
-3.26588
-3.26497
-3.26437
-3.26543
-3.26452
-3.26452
-3.26331
-3.26407
-3.26407
-3.26482
-3.26587
-3.26602
-3.26602
-3.26738
-3.26693
-3.26663
-3.26709
-3.26694
-3.26664
-3.26785
-3.26845
-3.26784
-3.26769
-3.26769
-3.26799
-3.26844
-3.26859
-3.26768
-3.26799
-3.2686
-3.26875
-3.26845
-3.26905
-3.26905
-3.2695
-3.2698
-3.26995
-3.27026
-3.27026
-3.2689
-3.2695
-3.26996
-3.27071
-3.27071
-3.27177
-3.27283
-3.27388
-3.27509
-3.27403
-3.27357
-3.27297
-3.27282
-3.27177
-3.27192
-3.27207
-3.27147
-3.27237
-3.27358
-3.27282
-3.27237
-3.27207
-3.27237
-3.27131
-3.2698
-3.27071
-3.26995
-3.27071
-3.26995
-3.2698
-3.26935
-3.26769
-3.26829
-3.26859
-3.2689
-3.26859
-3.26965
-3.26995
-3.26934
-3.26949
-3.26904
-3.26904
-3.26829
-3.26829
-3.2695
-3.26981
-3.27101
-3.27041
-3.2698
-3.26874
-3.26829
-3.26829
-3.26875
-3.26829
-3.2689
-3.2692
-3.27041
-3.2692
-3.2689
-3.26889
-3.26889
-3.26934
-3.26874
-3.2695
-3.2698
-3.2695
-3.2689
-3.2695
-3.2692
-3.27056
-3.2698
-3.26935
-3.2695
-3.26934
-3.26874
-3.2701
-3.2704
-3.26949
-3.26919
-3.26935
-3.2692
-3.2698
-3.27025
-3.2698
-3.26965
-3.26919
-3.26874
-3.26798
-3.26965
-3.2701
-3.27055
-3.27025
-3.2704
-3.26964
-3.26949
-3.26904
-3.26859
-3.26844
-3.26768
-3.26829
-3.26889
-3.26964
-3.26949
-3.26964
-3.27024
-3.2704
-3.2704
-3.2704
-3.26995
-3.2701
-3.26965
-3.26919
-3.26859
-3.26828
-3.26873
-3.26843
-3.26752
-3.26843
-3.26873
-3.26904
-3.26843
-3.26813
-3.26738
-3.26783
-3.26813
-3.26783
-3.26738
-3.26738
-3.26768
-3.26692
-3.26708
-3.26753
-3.26783
-3.26647
-3.26631
-3.26646
-3.26616
-3.26586
-3.26525
-3.2648
-3.26541
-3.26602
-3.26632
-3.26541
-3.26677
-3.26723
-3.26753
-3.26813
-3.26753
-3.26738
-3.26707
-3.26692
-3.26707
-3.26768
-3.26707
-3.26631
-3.26707
-3.26768
-3.26798
-3.26813
-3.26964
-3.26888
-3.26843
-3.26964
-3.26933
-3.26994
-3.27069
-3.27039
-3.27009
-3.2704
-3.26949
-3.26965
-3.26995
-3.26979
-3.27055
-3.27055
-3.2704
-3.27146
-3.271
-3.2707
-3.27115
-3.27055
-3.27025
-3.26965
-3.26934
-3.27025
-3.26949
-3.26934
-3.26949
-3.26934
-3.26979
-3.27024
-3.27039
-3.27115
-3.2701
-3.26919
-3.26934
-3.26799
-3.26723
-3.26678
-3.26738
-3.26813
-3.26767
-3.26752
-3.26751
-3.26842
-3.26888
-3.26964
-3.26979
-3.26874
-3.26904
-3.26935
-3.26844
-3.26799
-3.26723
-3.26708
-3.26813
-3.26813
-3.26843
-3.26964
-3.26904
-3.26919
-3.26919
-3.26858
-3.26964
-3.26949
-3.27085
-3.2704
-3.27055
-3.27161
-3.27101
-3.27055
-3.2704
-3.2704
-3.27085
-3.271
-3.27085
-3.27085
-3.2704
-3.27025
-3.2701
-3.2698
-3.26964
-3.26994
-3.26964
-3.26873
-3.26919
-3.26949
-3.27039
-3.26994
-3.26948
-3.26979
-3.2698
-3.2698
-3.2704
-3.27025
-3.2704
-3.27025
-3.27025
-3.27146
-3.27146
-3.27176
-3.27206
-3.27175
-3.2713
-3.27206
-3.27236
-3.27221
-3.27236
-3.27175
-3.271
-3.27115
-3.27115
-3.27116
-3.27191
-3.27146
-3.27222
-3.27206
-3.27221
-3.27236
-3.27236
-3.27206
-3.27266
-3.27236
-3.27206
-3.27191
-3.27055
-3.27025
-3.27025
-3.27025
-3.26995
-3.26995
-3.27115
-3.2707
-3.26994
-3.26994
-3.27009
-3.26979
-3.26859
-3.26949
-3.2698
-3.26934
-3.26949
-3.26904
-3.27025
-3.2704
-3.27085
-3.271
-3.2707
-3.26964
-3.26888
-3.26828
-3.26903
-3.26948
-3.26918
-3.26933
-3.26857
-3.26873
-3.26767
-3.26782
-3.26752
-3.26707
-3.26707
-3.26753
-3.26753
-3.26722
-3.26858
-3.26858
-3.26949
-3.2707
-3.271
-3.27145
-3.2707
-3.271
-3.271
-3.2719
-3.27357
-3.27236
-3.27221
-3.2719
-3.2713
-3.2713
-3.271
-3.27085
-3.271
-3.27115
-3.2713
-3.27221
-3.2713
-3.27115
-3.271
-3.26964
-3.26949
-3.27084
-3.27024
-3.26903
-3.26843
-3.26843
-3.26843
-3.26813
-3.26828
-3.26783
-3.26874
-3.26783
-3.26829
-3.26874
-3.26919
-3.26888
-3.26767
-3.26677
-3.26722
-3.26798
-3.26692
-3.26768
-3.26768
-3.26798
-3.26858
-3.26919
-3.26919
-3.26889
-3.26843
-3.26843
-3.26813
-3.26889
-3.26949
-3.26888
-3.26782
-3.26737
-3.26691
-3.26706
-3.26827
-3.26812
-3.26752
-3.26692
-3.26722
-3.26798
-3.26768
-3.26768
-3.26677
-3.26571
-3.26692
-3.26676
-3.26616
-3.26646
-3.26752
-3.26767
-3.26918
-3.26903
-3.26842
-3.26872
-3.26948
-3.26782
-3.26843
-3.26782
-3.26722
-3.26722
-3.26676
-3.26797
-3.26842
-3.26781
-3.26766
-3.26902
-3.26933
-3.26812
-3.26737
-3.26662
-3.26798
-3.26828
-3.26873
-3.26782
-3.26842
-3.26827
-3.26887
-3.26857
-3.26752
-3.26842
-3.26842
-3.26873
-3.26918
-3.26933
-3.26917
-3.26857
-3.26872
-3.26827
-3.26782
-3.26767
-3.26812
-3.26903
-3.26918
-3.26963
-3.26888
-3.26993
-3.26978
-3.26978
-3.27054
-3.27023
-3.26993
-3.27114
-3.27099
-3.27068
-3.27144
-3.27023
-3.26918
-3.26978
-3.26963
-3.27084
-3.27054
-3.26993
-3.26993
-3.27084
-3.27114
-3.27054
-3.27054
-3.27159
-3.27205
-3.2719
-3.27265
-3.27205
-3.27311
-3.27265
-3.27341
-3.27371
-3.27265
-3.2719
-3.2719
-3.27069
-3.26978
-3.26827
-3.26782
-3.26676
-3.26661
-3.26661
-3.26736
-3.26616
-3.26691
-3.26616
-3.26586
-3.26601
-3.26616
-3.26541
-3.26586
-3.26495
-3.2648
-3.26601
-3.26662
-3.26677
-3.26677
-3.26722
-3.26646
-3.26706
-3.26751
-3.26766
-3.26781
-3.26752
-3.26813
-3.26783
-3.26722
-3.26692
-3.26586
-3.26541
-3.26571
-3.26495
-3.2657
-3.26555
-3.26524
-3.26585
-3.26631
-3.26661
-3.26571
-3.2651
-3.26646
-3.26645
-3.2663
-3.26555
-3.26661
-3.26722
-3.26661
-3.26601
-3.26616
-3.26752
-3.26858
-3.26888
-3.26812
-3.26766
-3.2666
-3.26675
-3.2666
-3.26615
-3.2657
-3.26616
-3.26616
-3.26601
-3.2651
-3.26585
-3.2654
-3.266
-3.2663
-3.26721
-3.26841
-3.26917
-3.26856
-3.26856
-3.26902
-3.26887
-3.26872
-3.26842
-3.26766
-3.26766
-3.26797
-3.26782
-3.26766
-3.26917
-3.26932
-3.26947
-3.26947
-3.26993
-3.27084
-3.27068
-3.27129
-3.27053
-3.27098
-3.27128
-3.27113
-3.27144
-3.27023
-3.27039
-3.27099
-3.26963
-3.26948
-3.26857
-3.26932
-3.26887
-3.26886
