1.64875
1.64437
1.63663
1.62513
1.60933
1.58853
1.56188
1.52836
1.48694
1.43669
1.377
1.30792
1.23039
1.14661
1.06008
0.975285
0.897142
0.830067
0.777267
0.740292
0.718983
0.711671
0.715667
0.727752
0.744714
0.763753
0.782739
0.800267
0.815654
0.828797
0.839969
0.849554
0.857863
0.865048
0.871052
0.875691
0.878833
0.880536
0.881094
0.881
0.88085
0.881187
0.882392
0.884697
0.888142
0.892538
0.897495
0.902429
0.906745
0.909948
0.911749
0.912181
0.911555
0.910362
0.909162
0.908418
0.908449
0.909436
0.911415
0.914273
0.91774
0.921372
0.924553
0.926667
0.927194
0.925841
0.922681
0.91819
0.913203
0.90867
0.905274
0.903063
0.901415
0.899361
0.896075
0.891283
0.885301
0.878931
0.873243
0.869341
0.868184
0.870412
0.876205
0.885229
0.896761
0.909863
0.923572
0.937031
0.94954
0.960548
0.969644
0.976476
0.980761
0.982346
0.981186
0.977386
0.971159
0.962784
0.952512
0.940581
0.927186
0.912607
0.897268
0.881776
0.866903
0.853461
0.842133
0.833333
0.827128
0.823332
0.821628
0.821806
0.823823
0.827871
0.83425
0.843229
0.854867
0.868883
0.884696
0.901491
0.918331
0.934241
0.948262
0.959492
0.967152
0.970738
0.970099
0.965395
0.957115
0.945981
0.932844
0.918606
0.904085
0.889971
0.876813
0.865069
0.855154
0.84753
0.842686
0.841208
0.843631
0.850268
0.860978
0.875041
0.891263
0.908198
0.924453
0.938855
0.950537
0.95895
0.963822
0.965114
0.963022
0.95792
0.950325
0.940846
0.930068
0.918492
0.906478
0.894297
0.882228
0.870728
0.8605
0.852471
0.847566
0.846404
0.849023
0.854809
0.862645
0.871215
0.879248
0.885729
0.889911
0.891309
0.889684
0.884992
0.87743
0.867455
0.855792
0.843491
0.831901
0.82253
0.816835
0.815925
0.820259
0.829483
0.84251
0.857753
0.873465
0.888
0.900048
0.908709
0.913524
0.914433
0.91177
0.906151
0.898406
0.889509
0.880453
0.872175
0.865434
0.860783
0.858513
0.858649
0.861005
0.865203
0.870744
0.877035
0.883414
0.889188
0.893715
0.896432
0.896937
0.895032
0.890768
0.884475
0.876778
0.868546
0.860804
0.854511
0.8503
0.848356
0.84844
0.850024
0.852495
0.855299
0.858009
0.860392
0.862376
0.863983
0.865258
0.866245
0.86696
0.867327
0.867218
0.866478
0.864949
0.862522
0.85922
0.855255
0.851161
0.847731
0.845894
0.846445
0.849813
0.856012
0.864658
0.875126
0.886669
0.898471
0.909747
0.919736
0.927759
0.933271
0.935946
0.935654
0.932487
0.926751
0.918915
0.909531
0.899222
0.888619
0.87833
0.868897
0.860724
0.854083
0.849055
0.845519
0.843233
0.841855
0.841068
0.840651
0.840507
0.840656
0.841216
0.842375
0.844239
0.84682
0.849917
0.853186
0.856167
0.858343
0.859289
0.858781
0.85684
0.853788
0.850192
0.846785
0.844227
0.842921
0.842867
0.843656
0.844671
0.845272
0.845107
0.844205
0.842919
0.841808
0.841403
0.84198
0.84344
0.845363
0.847082
0.847995
0.847782
0.846548
0.844772
0.843029
0.84162
0.840363
0.838729
0.836248
0.832774
0.828586
0.824225
0.820238
0.817002
0.814686
0.813311
0.812924
0.813661
0.815729
0.819252
0.824166
0.830063
0.8363
0.84216
0.847042
0.850519
0.852386
0.85255
0.850993
0.847679
0.84263
0.836032
0.828279
0.820013
0.812027
0.805115
0.799858
0.796515
0.795053
0.795299
0.797101
0.800404
0.805186
0.811347
0.818582
0.826444
0.83445
0.842213
0.849457
0.855978
0.861563
0.865879
0.868499
0.868975
0.86692
0.862083
0.854442
0.844234
0.831948
0.818409
0.804726
0.792213
0.782216
0.77585
0.773767
0.776018
0.782097
0.791192
0.802443
0.814986
0.827933
0.840347
0.851328
0.86012
0.866242
0.869554
0.870188
0.868479
0.864908
0.860014
0.854374
0.848598
0.843271
0.838901
0.835874
0.834369
0.83444
0.836097
0.83936
0.844237
0.850608
0.858084
0.86601
0.873586
0.880066
0.884884
0.887747
0.888655
0.887855
0.885784
0.882959
0.879816
0.876608
0.873365
0.869941
0.866163
0.86196
0.85741
0.852702
0.848057
0.843715
0.839946
0.837033
0.835241
0.834702
0.835377
0.837002
0.839216
0.841672
0.844122
0.846441
0.848583
0.850513
0.852176
0.853527
0.854537
0.855241
0.85579
0.856431
0.857451
0.859121
0.861641
0.865074
0.869226
0.873769
0.878239
0.882104
0.884889
0.886143
0.885498
0.882742
0.877845
0.871038
0.862817
0.853927
0.845289
0.837899
0.832612
0.830033
0.830387
0.833544
0.839129
0.846588
0.855357
0.864904
0.874774
0.884563
0.893891
0.902398
0.909753
0.915679
0.919971
0.922515
0.923335
0.922552
0.920375
0.917037
0.912751
0.907656
0.901837
0.89537
0.888358
0.881014
0.873667
0.866722
0.860635
0.855787
0.852404
0.8505
0.849847
0.850072
0.850776
0.851594
0.852319
0.852887
0.853391
0.853989
0.854917
0.85642
0.858706
0.86192
0.86609
0.871069
0.876558
0.882151
0.887396
0.891887
0.895288
0.897388
0.898099
0.897386
0.895279
0.891831
0.887068
0.881001
0.873633
0.864985
0.855108
0.844131
0.832292
0.820006
0.807914
0.796787
0.787445
0.780542
0.77635
0.774684
0.774962
0.776501
0.778789
0.781633
0.785099
0.789363
0.794618
0.801031
0.808749
0.817934
0.828649
0.840744
0.853852
0.867404
0.880749
0.893291
0.904564
0.914253
0.922111
0.927835
0.931045
0.93137
0.928658
0.923114
0.915358
0.906299
0.896967
0.888276
0.880919
0.875294
0.871503
0.869411
0.868676
0.868928
0.869808
0.871036
0.872396
0.873721
0.874822
0.875399
0.875048
0.873289
0.869657
0.863875
0.856015
0.846649
0.836828
0.827932
0.821358
0.818109
0.818522
0.822248
0.828457
0.836133
0.844341
0.852363
0.859679
0.865927
0.870835
0.874183
0.87584
0.875758
0.874047
0.871011
0.867139
0.863036
0.859276
0.856254
0.85409
0.852587
0.851375
0.850079
0.848498
0.84672
0.845129
0.84435
0.84508
0.84785
0.852871
0.859924
0.868288
0.876892
0.884489
0.889941
0.892383
0.891461
0.887393
0.88088
0.872944
0.864695
0.857057
0.850681
0.845957
0.843116
0.842356
0.843806
0.847445
0.853008
0.859964
0.867564
0.875003
0.881606
0.886981
0.891061
0.894044
0.896273
0.898111
0.899845
0.90171
0.903849
0.906341
0.909233
0.912504
0.916031
0.919571
0.922768
0.925176
0.926299
0.925661
0.922912
0.917857
0.910511
0.901125
0.890134
0.878095
0.865662
0.853548
0.842519
0.833333
0.826613
0.822763
0.821869
0.823638
0.827474
0.832585
0.838122
0.843276
0.847342
0.849761
0.850141
0.848265
0.844079
0.837753
0.82971
0.820653
0.811481
0.80314
0.796394
0.791614
0.788659
0.786997
0.785934
0.784894
0.78354
0.781869
0.780157
0.778893
0.778611
0.779786
0.782729
0.787566
0.794218
0.80241
0.811656
0.821184
0.830032
0.837197
0.841872
0.843596
0.842321
0.838386
0.832401
0.825117
0.817327
0.809799
0.803207
0.798129
0.795006
0.794163
0.795768
0.79978
0.805923
0.813743
0.822621
0.831865
0.840784
0.848742
0.855173
0.859687
0.862098
0.862477
0.861116
0.858488
0.855131
0.851506
0.847877
0.844261
0.840447
0.836179
0.831256
0.825692
0.819764
0.814049
0.809287
0.806315
0.805814
0.808241
0.813705
0.821934
0.832287
0.84385
0.855513
0.86612
0.87463
0.880181
0.882202
0.88039
0.874722
0.865363
0.85263
0.837011
0.81917
0.799948
0.780427
0.761904
0.745721
0.733137
0.725222
0.722755
0.726152
0.735289
0.749359
0.76688
0.785999
0.804829
0.821783
0.83571
0.845952
0.852328
0.855059
0.854678
0.851916
0.847553
0.842342
0.836966
0.832042
0.828114
0.825677
0.825202
0.827044
0.831398
0.83822
0.847207
0.857832
0.86936
0.880951
0.891729
0.900865
0.907677
0.911665
0.912608
0.91058
0.906028
0.899704
0.892621
0.885891
0.880445
0.876816
0.875029
0.874687
0.875212
0.87607
0.876953
0.877782
0.878625
0.879531
0.880437
0.881107
0.881149
0.880148
0.877806
0.874125
0.86942
0.864268
0.8594
0.855583
0.85353
0.853815
0.856742
0.862273
0.870012
0.879309
0.889354
0.899321
0.908431
0.915962
0.921237
0.923695
0.922928
0.91874
0.911225
0.900774
0.888105
0.874153
0.859991
0.846679
0.835114
0.825914
0.819304
0.815125
0.812878
0.811863
0.811284
0.810477
0.809046
0.806963
0.804553
0.802274
0.800469
0.799211
0.798325
0.797547
0.796667
0.795514
0.793962
0.791929
0.78944
0.786657
0.783887
0.781515
0.779919
0.779378
0.780056
0.782013
0.785244
0.789673
0.795153
0.801449
0.808173
0.814762
0.820512
0.824645
0.82651
0.825765
0.82254
0.817529
0.811923
0.807144
0.804437
0.80453
0.807573
0.813222
0.820825
0.82961
0.838778
0.847526
0.855082
0.860713
0.863765
0.863754
0.860397
0.853662
0.843756
0.831108
0.816334
0.800223
0.783666
0.767577
0.752799
0.740003
0.729596
0.721704
0.716217
0.712849
0.711209
0.71091
0.711628
0.713187
0.715594
0.719048
0.723768
0.729892
0.737346
0.745796
0.75476
0.763719
0.772186
0.779818
0.786426
0.792004
0.796721
0.800829
0.804553
0.80802
0.811235
0.814075
0.816385
0.818056
0.819121
0.819757
0.82024
0.820838
0.821667
0.822621
0.823334
0.823306
0.822082
0.819392
0.815243
0.809965
0.804111
0.79836
0.793387
0.78975
0.787801
0.787673
0.789319
0.792514
0.796936
0.802221
0.807982
0.813887
0.819658
0.825072
0.829988
0.834319
0.83803
0.841141
0.84368
0.845603
0.846799
0.84704
0.846014
0.843393
0.838972
0.832721
0.824849
0.815807
0.806227
0.796818
0.788232
0.78096
0.775224
0.770955
0.767826
0.765311
0.762803
0.759759
0.755881
0.751314
0.746705
0.74309
0.741533
0.742553
0.745779
0.750064
0.753969
0.756264
0.756243
0.753855
0.749736
0.745186
0.742014
0.742007
0.746295
0.754912
0.766875
0.780709
0.794994
0.808695
0.821159
0.832022
0.84103
0.847966
0.852602
0.854713
0.854135
0.850849
0.845011
0.837013
1.63384
1.60867
1.57677
1.54016
1.50097
1.46133
1.42311
1.38793
1.35701
1.33118
1.31085
1.29609
1.28678
1.28248
1.28235
1.285
1.28836
1.29012
1.2884
1.28231
1.27231
1.26005
1.24784
1.23808
1.23264
1.23226
1.23655
1.24409
1.25294
1.26102
1.26666
1.26883
1.26718
1.26183
1.25318
1.24174
1.2283
1.21443
1.20297
1.19776
1.20222
1.21746
1.24192
1.27251
1.30577
1.33843
1.36772
1.39167
1.40929
1.42052
1.42603
1.42705
1.42515
1.42197
1.4189
1.41681
1.41597
1.41634
1.41808
1.42156
1.42697
1.43385
1.4412
1.44811
1.45397
1.45857
1.46174
1.46315
1.46216
1.45803
1.45021
1.43891
1.42536
1.41163
1.39967
1.39043
1.38346
1.37741
1.37091
1.36344
1.35584
1.35022
1.34905
1.35394
1.36507
1.38158
1.402
1.42446
1.44662
1.46611
1.48099
1.49021
1.49367
1.49203
1.48642
1.47799
1.46753
1.45525
1.4411
1.425
1.40732
1.38906
1.37169
1.35649
1.344
1.33403
1.32655
1.32188
1.32024
1.32113
1.32341
1.32606
1.32881
1.33224
1.33731
1.34479
1.35492
1.36732
1.38114
1.39524
1.40837
1.41931
1.42698
1.43064
1.42993
1.42503
1.41653
1.40533
1.39226
1.37803
1.36316
1.34821
1.33385
1.32085
1.31008
1.30236
1.29834
1.29831
1.30215
1.30942
1.31937
1.33085
1.34218
1.35116
1.35566
1.35422
1.34659
1.33401
1.31887
1.30418
1.29269
1.2864
1.28618
1.29184
1.30232
1.31595
1.33094
1.34587
1.36003
1.37318
1.38475
1.39331
1.39679
1.39353
1.38312
1.36674
1.34687
1.32657
1.30878
1.2956
1.288
1.28575
1.28774
1.29238
1.29802
1.3033
1.30738
1.30992
1.311
1.31094
1.31012
1.30899
1.30792
1.30718
1.30698
1.30754
1.30914
1.312
1.31644
1.32297
1.33237
1.34536
1.36194
1.38094
1.40011
1.41694
1.42941
1.43656
1.43837
1.43549
1.42899
1.42009
1.41005
1.40016
1.39165
1.38557
1.38258
1.38267
1.38503
1.38828
1.39095
1.39201
1.39122
1.3891
1.38665
1.38502
1.38513
1.3873
1.39105
1.39513
1.39783
1.39754
1.39332
1.38522
1.37434
1.36242
1.35132
1.34245
1.33656
1.33401
1.33513
1.34053
1.35096
1.36676
1.38739
1.41122
1.43581
1.45838
1.47642
1.4881
1.49248
1.48956
1.48006
1.46532
1.44693
1.42638
1.40489
1.38325
1.36191
1.34109
1.32111
1.30247
1.28596
1.27276
1.26445
1.2627
1.26901
1.28434
1.30862
1.34018
1.37576
1.41089
1.44101
1.46255
1.47368
1.47455
1.46704
1.45433
1.43999
1.42732
1.41851
1.41444
1.41469
1.418
1.42285
1.42783
1.4319
1.43455
1.43558
1.43505
1.43319
1.43028
1.42655
1.42178
1.41533
1.4064
1.39471
1.38094
1.36677
1.3543
1.34534
1.34079
1.34031
1.34256
1.34582
1.34871
1.35051
1.35126
1.35141
1.35156
1.35221
1.35372
1.35623
1.35965
1.36346
1.36673
1.36824
1.36713
1.36367
1.35961
1.3576
1.35966
1.36566
1.37348
1.38045
1.38482
1.38619
1.38513
1.38268
1.37982
1.37721
1.37504
1.37318
1.37129
1.36901
1.36609
1.3624
1.35792
1.35277
1.34725
1.34171
1.33638
1.3313
1.32628
1.3209
1.31472
1.30737
1.29882
1.28939
1.27971
1.2706
1.26284
1.25697
1.25328
1.25182
1.25272
1.2563
1.2629
1.27263
1.28503
1.29901
1.31319
1.32613
1.3366
1.34356
1.34618
1.344
1.33704
1.32614
1.31294
1.29984
1.28957
1.2847
1.28702
1.29709
1.31411
1.33619
1.36091
1.38567
1.40804
1.42586
1.43745
1.44177
1.43868
1.42875
1.41304
1.39275
1.36918
1.34384
1.31889
1.29715
1.28168
1.27493
1.2778
1.28905
1.3058
1.32449
1.34203
1.35641
1.36671
1.37279
1.37491
1.37354
1.36929
1.36297
1.35547
1.34774
1.34059
1.33457
1.32976
1.32552
1.32046
1.31277
1.30062
1.28281
1.25914
1.23065
1.19946
1.16861
1.14213
1.12504
1.1222
1.13544
1.16149
1.19364
1.2255
1.25303
1.27443
1.28906
1.29677
1.2977
1.29239
1.28202
1.26832
1.25328
1.23869
1.22576
1.21501
1.20651
1.2001
1.19587
1.19422
1.1958
1.20109
1.20992
1.22144
1.23444
1.24778
1.26064
1.27263
1.28385
1.29471
1.30574
1.31733
1.32947
1.34179
1.35376
1.36481
1.37439
1.38202
1.38725
1.38976
1.38943
1.38652
1.38165
1.3757
1.36959
1.36409
1.35969
1.35648
1.35417
1.35205
1.34915
1.34436
1.33648
1.32449
1.30776
1.28641
1.26156
1.23537
1.21078
1.19093
1.17825
1.17381
1.177
1.18597
1.19844
1.21247
1.22683
1.24106
1.25506
1.26863
1.28116
1.29175
1.29944
1.30366
1.30432
1.3019
1.29736
1.292
1.28732
1.28484
1.28568
1.29019
1.29784
1.30737
1.31727
1.32626
1.33366
1.33958
1.34483
1.35051
1.35755
1.36629
1.37622
1.38602
1.39384
1.39785
1.39688
1.39091
1.38117
1.36959
1.35803
1.3474
1.33755
1.32755
1.31646
1.30383
1.28995
1.27568
1.26226
1.25093
1.24264
1.23799
1.2373
1.24072
1.24829
1.2597
1.27417
1.29051
1.30737
1.32353
1.33808
1.35046
1.36043
1.36811
1.37375
1.37745
1.37897
1.37776
1.37311
1.36455
1.35221
1.33731
1.32227
1.31055
1.30564
1.3096
1.32205
1.34035
1.36091
1.38058
1.39733
1.4101
1.41843
1.42227
1.42192
1.41798
1.41118
1.40236
1.39223
1.38146
1.37062
1.36017
1.35038
1.34126
1.33259
1.32394
1.31491
1.30528
1.29522
1.28537
1.27673
1.27042
1.26737
1.26812
1.27266
1.28048
1.29073
1.30242
1.31466
1.32669
1.33776
1.34705
1.35371
1.35712
1.35729
1.35491
1.3513
1.34785
1.34535
1.34343
1.34055
1.33453
1.32343
1.30619
1.28303
1.25564
1.22699
1.20074
1.18042
1.16868
1.16675
1.1743
1.18969
1.21063
1.23477
1.26031
1.28594
1.31066
1.3335
1.3534
1.36947
1.38097
1.38736
1.38826
1.38347
1.37316
1.35838
1.34157
1.32678
1.31846
1.31916
1.32768
1.33966
1.35037
1.35712
1.35963
1.3589
1.35581
1.35051
1.34243
1.33078
1.31511
1.29565
1.27334
1.24968
1.22635
1.20497
1.18677
1.1724
1.16193
1.15477
1.14993
1.14624
1.14272
1.13893
1.13508
1.13206
1.13115
1.13373
1.14092
1.15341
1.17124
1.19344
1.21795
1.24212
1.26339
1.27989
1.2905
1.29462
1.29213
1.28347
1.26979
1.25276
1.23397
1.21466
1.19605
1.18019
1.17016
1.16927
1.17937
1.1999
1.22817
1.26068
1.29439
1.32735
1.35861
1.38774
1.4141
1.43649
1.45316
1.4623
1.46262
1.45395
1.43766
1.41645
1.39392
1.37351
1.3578
1.34807
1.34449
1.34654
1.3536
1.36523
1.38096
1.39983
1.42005
1.43903
1.45379
1.46148
1.45989
1.44773
1.42482
1.39248
1.35384
1.31381
1.27829
1.25227
1.23811
1.23513
1.24069
1.25182
1.26611
1.28189
1.29787
1.3129
1.32591
1.33602
1.34269
1.34564
1.34478
1.34018
1.33211
1.32148
1.3099
1.29953
1.29231
1.28905
1.28909
1.29071
1.29207
1.29187
1.28952
1.28498
1.27853
1.27064
1.26184
1.25268
1.24366
1.23525
1.22789
1.2222
1.21902
1.21939
1.22413
1.23345
1.24673
1.26276
1.28017
1.29784
1.31504
1.3315
1.34719
1.36215
1.37624
1.3891
1.40009
1.40832
1.41282
1.41266
1.40712
1.39589
1.3793
1.3584
1.33507
1.31185
1.29176
1.27766
1.27174
1.27474
1.28571
1.30219
1.32096
1.33898
1.3541
1.36555
1.37383
1.38009
1.38514
1.3889
1.39042
1.3885
1.38237
1.37203
1.35822
1.34202
1.32446
1.3065
1.28927
1.27444
1.26424
1.26078
1.26491
1.27539
1.28912
1.30219
1.3112
1.31418
1.31099
1.30317
1.29341
1.28457
1.27872
1.27659
1.27757
1.28029
1.28321
1.28519
1.28585
1.28564
1.28562
1.2868
1.28979
1.29446
1.30014
1.30588
1.31088
1.3147
1.3173
1.31901
1.32041
1.32221
1.32501
1.32894
1.33354
1.33778
1.34039
1.34031
1.33721
1.33181
1.32585
1.32159
1.32106
1.32509
1.33286
1.34216
1.35032
1.35514
1.35542
1.35099
1.34256
1.33125
1.31842
1.30545
1.29377
1.2849
1.28047
1.28199
1.29011
1.30401
1.32136
1.33905
1.35427
1.36514
1.37089
1.37168
1.36824
1.36179
1.35376
1.34563
1.33867
1.33353
1.33026
1.32842
1.32746
1.32694
1.3266
1.32636
1.32626
1.32641
1.32692
1.3279
1.32936
1.33127
1.33349
1.33588
1.33815
1.33993
1.34066
1.33973
1.33657
1.33099
1.32331
1.31449
1.30618
1.30029
1.29848
1.30157
1.30926
1.32026
1.33265
1.34431
1.35339
1.35853
1.35891
1.35435
1.3452
1.33216
1.316
1.29734
1.27674
1.25503
1.23347
1.21402
1.19904
1.19101
1.19182
1.20205
1.22048
1.2444
1.27048
1.29588
1.31886
1.33868
1.3551
1.36774
1.37579
1.37801
1.37335
1.36146
1.34324
1.32088
1.29718
1.2748
1.25576
1.24159
1.23322
1.23066
1.23298
1.23886
1.24735
1.25812
1.27124
1.28655
1.30326
1.32018
1.33587
1.34895
1.35791
1.36116
1.35738
1.34632
1.33006
1.31353
1.30278
1.30093
1.30594
1.31278
1.31717
1.3173
1.31345
1.307
1.29955
1.29226
1.28564
1.27952
1.2732
1.26569
1.25607
1.24401
1.23028
1.21698
1.20716
1.20391
1.20915
1.22249
1.24123
1.26152
1.28003
1.29488
1.30553
1.3123
1.31616
1.31857
1.32142
1.32662
1.33529
1.34724
1.36126
1.3758
1.38959
1.40177
1.41165
1.41881
1.42308
1.42454
1.42339
1.4198
1.41381
1.40554
1.39541
1.38439
1.37436
1.36797
1.36811
1.37661
1.39292
1.41383
1.43488
1.66602
1.67486
1.67573
1.66986
1.65877
1.64382
1.62618
1.60686
1.58686
1.56717
1.54874
1.53221
1.51785
1.50575
1.496
1.48908
1.48571
1.48655
1.49159
1.49986
1.50948
1.51842
1.52519
1.52905
1.52971
1.52702
1.52114
1.51285
1.50338
1.49392
1.48516
1.47722
1.46976
1.46217
1.45377
1.44405
1.4328
1.42002
1.40604
1.3916
1.37793
1.36643
1.35801
1.35257
1.34908
1.34648
1.34464
1.34469
1.34856
1.35802
1.37368
1.39474
1.41954
1.44634
1.47393
1.50159
1.52872
1.55433
1.57671
1.59358
1.60267
1.60255
1.5934
1.57707
1.55669
1.5356
1.51649
1.50091
1.48948
1.4824
1.47959
1.4807
1.48458
1.48915
1.49201
1.49126
1.48647
1.47876
1.47026
1.46306
1.45841
1.45627
1.45573
1.45599
1.45712
1.45988
1.4648
1.47133
1.47808
1.48379
1.48807
1.49113
1.49316
1.49397
1.49327
1.49103
1.4877
1.48406
1.48078
1.47772
1.47394
1.46872
1.46255
1.45722
1.45485
1.45668
1.46254
1.47108
1.48039
1.48874
1.49522
1.49991
1.50387
1.50859
1.51526
1.52424
1.53493
1.54604
1.55591
1.56298
1.56605
1.56441
1.55796
1.54698
1.53197
1.51365
1.49312
1.47205
1.45257
1.43687
1.42666
1.42286
1.4254
1.43338
1.44522
1.45893
1.47232
1.48347
1.49077
1.49316
1.49008
1.48167
1.46882
1.45319
1.437
1.42238
1.41067
1.40187
1.39502
1.38923
1.38467
1.38303
1.38666
1.39677
1.41215
1.42992
1.4474
1.46336
1.4778
1.49099
1.50279
1.51239
1.51877
1.52114
1.51921
1.51317
1.50338
1.48999
1.47299
1.45263
1.42965
1.40553
1.3822
1.36144
1.34471
1.333
1.32678
1.3258
1.32906
1.33496
1.34192
1.349
1.35629
1.3648
1.37598
1.391
1.41011
1.43232
1.45537
1.47617
1.49162
1.4997
1.5002
1.4949
1.48694
1.47947
1.47454
1.47254
1.47263
1.47352
1.47408
1.4735
1.47107
1.46619
1.45862
1.44889
1.43828
1.42847
1.42081
1.41578
1.41285
1.41113
1.41039
1.41138
1.41542
1.42353
1.43579
1.45135
1.46889
1.48684
1.50349
1.51717
1.5266
1.53116
1.53115
1.52749
1.52119
1.513
1.50334
1.49258
1.48137
1.47053
1.46068
1.4518
1.44318
1.43399
1.42382
1.41315
1.40316
1.39515
1.38993
1.38779
1.38882
1.39314
1.40078
1.41137
1.42401
1.43741
1.4503
1.46188
1.47224
1.4826
1.49465
1.50934
1.52611
1.54298
1.55735
1.56681
1.5696
1.56477
1.55244
1.53372
1.51063
1.48579
1.46204
1.44196
1.4274
1.41919
1.41712
1.4203
1.42758
1.43793
1.45047
1.46433
1.47861
1.49238
1.5048
1.51523
1.52315
1.5281
1.52986
1.52854
1.52479
1.51962
1.51412
1.50886
1.50379
1.49814
1.49112
1.48274
1.47431
1.46795
1.46545
1.4672
1.47219
1.47867
1.48482
1.48919
1.49099
1.49036
1.48834
1.48651
1.48634
1.48864
1.4933
1.49938
1.50558
1.5107
1.51398
1.51534
1.51523
1.5143
1.51307
1.51148
1.50895
1.5046
1.49785
1.48881
1.4784
1.46797
1.45858
1.4503
1.44203
1.43184
1.41774
1.39828
1.37298
1.34273
1.31017
1.27962
1.25615
1.24371
1.24361
1.25417
1.27189
1.29299
1.31448
1.33434
1.35128
1.3645
1.37356
1.37851
1.37987
1.3787
1.3764
1.37456
1.37469
1.37792
1.38491
1.39568
1.40949
1.42481
1.43967
1.4521
1.46071
1.46482
1.46434
1.45953
1.45091
1.43937
1.4264
1.41423
1.40555
1.40311
1.40893
1.4237
1.4463
1.47398
1.50301
1.52956
1.55041
1.56339
1.56758
1.56342
1.55271
1.53854
1.52463
1.5143
1.50923
1.50907
1.51184
1.51493
1.51592
1.51313
1.50584
1.49459
1.48128
1.46858
1.45912
1.45436
1.45428
1.45799
1.46472
1.47433
1.48691
1.50203
1.51856
1.53479
1.54894
1.55955
1.56588
1.56759
1.56446
1.55625
1.54299
1.52533
1.50491
1.4843
1.46652
1.45419
1.44859
1.44906
1.45298
1.45662
1.45652
1.45112
1.44142
1.43059
1.42232
1.41916
1.42169
1.42889
1.43895
1.45012
1.46091
1.4702
1.47715
1.48118
1.48197
1.47969
1.47521
1.46997
1.46555
1.46318
1.46349
1.46647
1.47165
1.47827
1.48541
1.49225
1.49826
1.50325
1.50723
1.51007
1.51128
1.50992
1.50515
1.4969
1.4861
1.47457
1.46437
1.45707
1.45336
1.45327
1.45686
1.46474
1.4776
1.49495
1.51452
1.53291
1.54704
1.55493
1.55575
1.5495
1.53667
1.51799
1.49436
1.46711
1.43824
1.4108
1.38839
1.37402
1.3683
1.36927
1.37353
1.37813
1.38165
1.38434
1.38747
1.39264
1.40089
1.41216
1.42528
1.4382
1.44876
1.45544
1.45778
1.45653
1.4534
1.45073
1.45106
1.45645
1.4678
1.48445
1.50424
1.52427
1.54154
1.5534
1.55778
1.55337
1.53982
1.51802
1.49019
1.45956
1.42953
1.40286
1.38131
1.36555
1.35517
1.34888
1.34494
1.3421
1.34026
1.34026
1.34309
1.34905
1.35773
1.36838
1.38049
1.39386
1.40827
1.4233
1.43849
1.45353
1.46824
1.48227
1.49472
1.50391
1.50771
1.50434
1.49298
1.47422
1.44994
1.42278
1.3953
1.36932
1.34593
1.32627
1.31223
1.30596
1.30844
1.31882
1.3355
1.35741
1.38424
1.41568
1.45064
1.48709
1.5226
1.55493
1.58231
1.60335
1.6169
1.62221
1.61928
1.60902
1.59335
1.5748
1.55591
1.53853
1.52329
1.50986
1.49753
1.48599
1.47583
1.4685
1.46556
1.46763
1.47377
1.48183
1.48918
1.49337
1.49235
1.4845
1.46872
1.44453
1.41247
1.37467
1.33575
1.30305
1.28505
1.2874
1.30945
1.34496
1.38578
1.42494
1.45795
1.48294
1.50024
1.51155
1.51911
1.52494
1.53035
1.53565
1.54008
1.54207
1.53969
1.53116
1.51541
1.49235
1.46304
1.42955
1.39466
1.36151
1.33311
1.31189
1.29932
1.29565
1.29978
1.30954
1.32226
1.33539
1.34703
1.3563
1.36349
1.36977
1.37655
1.3848
1.39461
1.40521
1.41534
1.42389
1.43031
1.43474
1.43783
1.44049
1.44356
1.44752
1.45248
1.45839
1.46525
1.47348
1.48395
1.49773
1.5156
1.53751
1.56212
1.58695
1.60884
1.62472
1.63217
1.6299
1.61795
1.59783
1.57239
1.54547
1.52118
1.50304
1.4933
1.49253
1.49972
1.51299
1.53015
1.5492
1.56843
1.58633
1.60147
1.61245
1.61804
1.61736
1.61003
1.59644
1.57778
1.55599
1.53348
1.51246
1.49439
1.47955
1.46699
1.45529
1.44347
1.43167
1.42074
1.41099
1.40149
1.39087
1.37898
1.36757
1.35982
1.35883
1.36647
1.38288
1.40681
1.43618
1.46838
1.50054
1.52961
1.55253
1.56664
1.57051
1.56465
1.5518
1.53581
1.51948
1.50328
1.48651
1.46944
1.45404
1.4426
1.43603
1.4337
1.43457
1.43792
1.44327
1.44995
1.45701
1.46345
1.46843
1.47142
1.4723
1.4713
1.46878
1.46511
1.46074
1.45629
1.45229
1.44885
1.44558
1.44189
1.43741
1.43219
1.42664
1.42132
1.41686
1.41395
1.41321
1.41497
1.41905
1.42469
1.43098
1.43716
1.44298
1.44882
1.45552
1.46391
1.47425
1.48576
1.49681
1.50549
1.51026
1.51051
1.50663
1.49985
1.49207
1.48538
1.48175
1.48258
1.48835
1.49842
1.51099
1.52345
1.53289
1.53682
1.5336
1.52279
1.50507
1.4821
1.45612
1.42969
1.40533
1.38503
1.37001
1.36073
1.35739
1.35997
1.368
1.38014
1.39418
1.40758
1.41825
1.42525
1.42889
1.43034
1.431
1.43191
1.43345
1.43533
1.43682
1.43694
1.43494
1.43063
1.42472
1.4188
1.41477
1.41403
1.41682
1.42229
1.42902
1.43552
1.44053
1.44336
1.44403
1.44306
1.4408
1.43704
1.43117
1.42274
1.41186
1.39921
1.38576
1.37267
1.36119
1.35272
1.34883
1.35113
1.36093
1.37856
1.403
1.4318
1.46167
1.48959
1.5136
1.53319
1.54898
1.56204
1.573
1.58179
1.58788
1.59085
1.59096
1.58896
1.58565
1.58128
1.57552
1.56777
1.55773
1.54561
1.53215
1.51823
1.5047
1.49217
1.48077
1.47023
1.46028
1.45112
1.44369
1.43951
1.44019
1.44672
1.45903
1.47592
1.49538
1.51519
1.53332
1.54826
1.55906
1.56531
1.56692
1.56419
1.55791
1.54955
1.54117
1.53472
1.53085
1.52832
1.52468
1.51759
1.5057
1.48893
1.46827
1.4458
1.42451
1.40798
1.39972
1.40205
1.41523
1.43711
1.46369
1.4904
1.51334
1.53007
1.53974
1.54278
1.54045
1.53425
1.52541
1.51461
1.50195
1.48719
1.47024
1.45151
1.43214
1.41355
1.39676
1.38209
1.36956
1.35982
1.35467
1.35639
1.36608
1.38224
1.40133
1.41947
1.43399
1.4437
1.44841
1.44828
1.44341
1.43408
1.42097
1.40546
1.38918
1.37354
1.35946
1.34739
1.33746
1.32944
1.3228
1.31711
1.31242
1.30944
1.30928
1.31291
1.32052
1.33143
1.34417
1.35697
1.36834
1.37748
1.38431
1.38908
1.39193
1.39264
1.39106
1.38771
1.38427
1.38317
1.38663
1.39571
1.40991
1.42723
1.44478
1.45966
1.46993
1.47525
1.47675
1.47641
1.47622
1.47758
1.48099
1.48624
1.49287
1.50052
1.50928
1.51948
1.5313
1.54427
1.55702
1.5677
1.57485
1.57793
1.57754
1.57497
1.57162
1.56847
1.56572
1.56305
1.55987
1.55569
1.55034
1.54385
1.53618
1.52709
1.51623
1.50357
1.48986
1.47677
1.46648
1.46085
1.46055
1.46497
1.47265
1.48212
1.49213
1.50169
1.50986
1.51589
1.51945
1.52075
1.52038
1.51916
1.51792
1.51723
1.51721
1.51725
1.51621
1.51281
1.50636
1.49714
1.48651
1.47656
1.46921
1.46552
1.46518
1.46666
1.46776
1.46608
1.45962
1.44742
1.43026
1.62884
1.60601
1.58744
1.57677
1.57576
1.58413
1.5999
1.61998
1.64098
1.65983
1.67429
1.68336
1.68733
1.68741
1.68496
1.68049
1.67322
1.66194
1.64662
1.62964
1.61448
1.6031
1.59434
1.58555
1.57537
1.56451
1.55461
1.54682
1.54186
1.54087
1.54529
1.55599
1.57205
1.59076
1.60864
1.62281
1.63174
1.63523
1.63383
1.62857
1.62095
1.613
1.60702
1.60469
1.60623
1.61037
1.61546
1.6204
1.62482
1.62882
1.63256
1.63633
1.64069
1.64662
1.65544
1.66813
1.68439
1.70196
1.71679
1.72419
1.72066
1.70561
1.68242
1.65761
1.63731
1.6234
1.61332
1.60331
1.59105
1.57623
1.55999
1.54407
1.52967
1.51693
1.50517
1.4935
1.48155
1.46966
1.45889
1.45101
1.44835
1.45343
1.46821
1.4933
1.52743
1.56743
1.60896
1.64735
1.67836
1.69848
1.705
1.69631
1.67245
1.63623
1.59418
1.55541
1.52774
1.51367
1.51014
1.51218
1.5166
1.52292
1.53212
1.54498
1.56103
1.57853
1.59495
1.60759
1.61404
1.61268
1.60302
1.5858
1.56291
1.53723
1.51228
1.49133
1.47616
1.46639
1.46012
1.4552
1.45042
1.44603
1.44345
1.4446
1.45108
1.46342
1.48086
1.50159
1.52335
1.5441
1.5624
1.57788
1.59113
1.60324
1.61478
1.62539
1.63405
1.6396
1.64104
1.63776
1.63016
1.6199
1.60925
1.59976
1.59182
1.58544
1.5811
1.57963
1.58148
1.58628
1.59274
1.59919
1.60408
1.60631
1.60529
1.60084
1.59328
1.58351
1.57289
1.56294
1.55481
1.54896
1.54538
1.54394
1.54454
1.5472
1.55185
1.55822
1.56609
1.57567
1.58761
1.60231
1.61894
1.63531
1.64878
1.65759
1.66151
1.6617
1.65996
1.65804
1.65725
1.65825
1.66112
1.66532
1.66975
1.67283
1.67291
1.66878
1.66018
1.64778
1.63311
1.61804
1.60448
1.5942
1.58854
1.58819
1.59295
1.60165
1.6124
1.62293
1.63144
1.63694
1.63936
1.63928
1.63751
1.6349
1.63212
1.6294
1.62621
1.62126
1.61291
1.60015
1.58338
1.56466
1.54711
1.53384
1.52732
1.52896
1.53885
1.55527
1.57501
1.59452
1.61137
1.62468
1.63476
1.64235
1.64791
1.65138
1.65222
1.6499
1.64429
1.63577
1.62534
1.61442
1.60462
1.59737
1.59367
1.59382
1.59756
1.60436
1.61373
1.62534
1.63877
1.65324
1.66765
1.68073
1.69147
1.69929
1.70399
1.70555
1.70382
1.69843
1.68884
1.67459
1.65572
1.63307
1.60819
1.58276
1.55803
1.5343
1.51119
1.48834
1.46642
1.44779
1.43634
1.43664
1.45227
1.48369
1.52681
1.57426
1.61836
1.65378
1.67811
1.69138
1.6951
1.69147
1.68279
1.67109
1.65814
1.64542
1.63401
1.62427
1.61571
1.60734
1.59841
1.58919
1.58121
1.5766
1.57655
1.58004
1.58401
1.58483
1.58009
1.56918
1.553
1.53323
1.51167
1.48975
1.46822
1.44731
1.42719
1.40897
1.39512
1.38886
1.39251
1.40613
1.42734
1.4523
1.47697
1.49811
1.51392
1.52403
1.52902
1.52958
1.52621
1.5193
1.50974
1.49938
1.49077
1.48613
1.48631
1.49046
1.49682
1.50408
1.51204
1.52133
1.53239
1.54452
1.55585
1.56419
1.56795
1.56692
1.56221
1.55556
1.54826
1.54041
1.53121
1.5202
1.50848
1.49895
1.49541
1.501
1.51676
1.54112
1.57048
1.60027
1.62639
1.64618
1.65863
1.66413
1.66371
1.65826
1.648
1.63246
1.61103
1.58376
1.55227
1.52021
1.49275
1.4749
1.46923
1.47483
1.48855
1.50687
1.5269
1.54641
1.56368
1.5775
1.58727
1.5928
1.59422
1.59206
1.58734
1.58133
1.57514
1.56935
1.56426
1.56043
1.55873
1.55985
1.56368
1.56936
1.57607
1.58368
1.59284
1.60382
1.61517
1.62385
1.6272
1.62482
1.61837
1.60967
1.59924
1.58676
1.57251
1.55832
1.54705
1.54122
1.54199
1.54891
1.56044
1.57476
1.59034
1.60625
1.6221
1.6377
1.65256
1.66564
1.67555
1.68102
1.6812
1.67578
1.66482
1.64883
1.62866
1.60568
1.58162
1.5581
1.53618
1.51606
1.49777
1.48223
1.47168
1.469
1.47618
1.49344
1.5191
1.54994
1.58228
1.61305
1.64048
1.66386
1.68294
1.6973
1.70615
1.70867
1.70475
1.69571
1.68451
1.67504
1.67048
1.67189
1.67785
1.68505
1.68966
1.68864
1.68069
1.66655
1.6485
1.6295
1.61225
1.59831
1.58779
1.57975
1.57334
1.56888
1.56791
1.57186
1.58029
1.59047
1.59871
1.60239
1.60074
1.59431
1.58429
1.57307
1.56573
1.56829
1.58155
1.5982
1.60893
1.6093
1.60031
1.58559
1.56911
1.55443
1.54466
1.54202
1.54694
1.55757
1.57054
1.58237
1.59075
1.59469
1.59409
1.58911
1.57962
1.56528
1.54606
1.52323
1.50004
1.48127
1.47157
1.47347
1.48642
1.507
1.52998
1.54999
1.56327
1.56868
1.56787
1.56436
1.56169
1.56201
1.56564
1.57171
1.579
1.58633
1.59275
1.59733
1.59921
1.59766
1.5923
1.58275
1.56869
1.55
1.52735
1.50252
1.47816
1.45725
1.44204
1.43321
1.42932
1.42709
1.42261
1.41304
1.39822
1.38113
1.36685
1.36045
1.36483
1.37986
1.40301
1.43072
1.45977
1.48782
1.51349
1.53587
1.55393
1.56652
1.57301
1.57403
1.57187
1.56989
1.57112
1.57688
1.58616
1.5963
1.60435
1.60842
1.60836
1.60553
1.60177
1.59843
1.59587
1.59369
1.59124
1.58805
1.58398
1.57912
1.5736
1.56762
1.56146
1.55553
1.55011
1.54529
1.54103
1.53752
1.53553
1.53625
1.54039
1.54735
1.55519
1.56177
1.56622
1.56942
1.57324
1.57917
1.58755
1.5978
1.60875
1.61874
1.62562
1.62714
1.62174
1.60941
1.59224
1.57415
1.55953
1.55131
1.54974
1.55292
1.55884
1.56641
1.57503
1.5835
1.58948
1.59032
1.58462
1.57311
1.55837
1.54354
1.53131
1.52376
1.52232
1.52769
1.53954
1.55648
1.57596
1.59436
1.6077
1.61291
1.60922
1.59919
1.58869
1.58482
1.59243
1.61171
1.63895
1.66908
1.69773
1.72205
1.74063
1.75324
1.76061
1.76391
1.7642
1.7618
1.756
1.74549
1.72924
1.70714
1.68049
1.65178
1.62404
1.59995
1.58113
1.56801
1.56029
1.55747
1.55919
1.56535
1.57595
1.59095
1.60984
1.63124
1.65292
1.6721
1.68611
1.69288
1.69117
1.68062
1.66171
1.63565
1.60425
1.56962
1.53394
1.4993
1.46751
1.43978
1.41672
1.39873
1.38624
1.37947
1.37749
1.37809
1.37869
1.3777
1.37526
1.37351
1.37616
1.38743
1.41024
1.44468
1.48784
1.535
1.58099
1.62135
1.65277
1.6733
1.68237
1.68058
1.66962
1.65182
1.62996
1.60678
1.58474
1.56581
1.55124
1.54144
1.53591
1.53332
1.53202
1.5305
1.5277
1.52316
1.51697
1.50974
1.50214
1.49435
1.4859
1.47588
1.46377
1.45001
1.43611
1.42433
1.41704
1.41619
1.4225
1.4349
1.45066
1.46627
1.47901
1.48849
1.49737
1.51058
1.53275
1.56547
1.60624
1.64973
1.69005
1.72248
1.74444
1.75571
1.75813
1.75478
1.74886
1.74272
1.73709
1.73091
1.72166
1.70625
1.6824
1.65029
1.61421
1.58269
1.56424
1.56017
1.56374
1.56743
1.56867
1.56932
1.57225
1.57915
1.59001
1.60383
1.61908
1.63384
1.64645
1.65649
1.66516
1.67457
1.68603
1.6991
1.71202
1.72261
1.72905
1.72997
1.72455
1.71264
1.69499
1.67338
1.65047
1.6292
1.61197
1.60015
1.59411
1.59377
1.59888
1.60883
1.62231
1.63734
1.65182
1.66408
1.67318
1.67877
1.68091
1.67974
1.67533
1.6676
1.65656
1.64279
1.62753
1.61262
1.59991
1.59058
1.58467
1.58115
1.57838
1.57481
1.56963
1.56311
1.55657
1.55186
1.55048
1.55278
1.55774
1.56332
1.56753
1.56931
1.5692
1.56918
1.57186
1.57944
1.5925
1.60933
1.62663
1.64147
1.65268
1.66073
1.66637
1.66942
1.66875
1.66298
1.65137
1.63423
1.61278
1.58877
1.564
1.54026
1.51935
1.50318
1.4937
1.49268
1.50128
1.51965
1.54651
1.57913
1.6137
1.6462
1.67321
1.69251
1.70332
1.70627
1.70304
1.69601
1.68757
1.67948
1.67246
1.66622
1.65989
1.65248
1.64344
1.63303
1.62252
1.61424
1.61084
1.61383
1.62248
1.63401
1.64523
1.65398
1.66008
1.66489
1.67009
1.67583
1.67991
1.67863
1.6688
1.64919
1.62088
1.58683
1.55113
1.51812
1.49164
1.47454
1.46825
1.47278
1.48712
1.50999
1.54006
1.57556
1.61398
1.65156
1.68324
1.70362
1.70878
1.69777
1.67282
1.63864
1.60136
1.56723
1.54128
1.52632
1.52246
1.5274
1.53752
1.54916
1.55991
1.56907
1.57694
1.58385
1.58938
1.59228
1.59099
1.58443
1.57266
1.55727
1.54118
1.52771
1.51933
1.51696
1.52005
1.52704
1.53604
1.54542
1.55443
1.56343
1.57363
1.58602
1.60011
1.61376
1.62446
1.63074
1.63258
1.63106
1.62756
1.62344
1.61967
1.61658
1.61394
1.61155
1.61005
1.61075
1.61477
1.6223
1.63241
1.64317
1.65211
1.65673
1.65496
1.6456
1.62851
1.60453
1.57541
1.54366
1.5124
1.48505
1.46471
1.45382
1.45343
1.4626
1.47813
1.49523
1.50899
1.51596
1.51493
1.50692
1.4946
1.4814
1.47079
1.46548
1.46678
1.47429
1.48623
1.50073
1.5167
1.53384
1.55181
1.56959
1.58573
1.5991
1.60945
1.61733
1.62356
1.62891
1.63407
1.63972
1.6463
1.65345
1.65972
1.66277
1.65996
1.64908
1.62895
1.59989
1.56445
1.52761
1.49596
1.47556
1.46954
1.47725
1.49547
1.52066
1.55001
1.5812
1.61188
1.63942
1.661
1.67405
1.67675
1.66837
1.64962
1.62313
1.59356
1.56651
1.54627
1.5345
1.53101
1.53508
1.66058
1.67584
1.69451
1.71586
1.73917
1.7634
1.78699
1.80791
1.82406
1.83362
1.83524
1.82835
1.81378
1.79475
1.77663
1.76417
1.75794
1.75392
1.74687
1.73346
1.71303
1.68719
1.65899
1.63224
1.6104
1.59567
1.58862
1.58862
1.59458
1.60545
1.61997
1.63613
1.65116
1.66227
1.66786
1.66844
1.66644
1.66505
1.6668
1.67265
1.68212
1.69392
1.70683
1.72012
1.73375
1.74816
1.76381
1.78054
1.79704
1.81108
1.82025
1.82292
1.81889
1.8093
1.79605
1.78115
1.76624
1.75245
1.74036
1.73012
1.72162
1.71455
1.70828
1.70163
1.69257
1.67842
1.65685
1.6273
1.59229
1.55758
1.53027
1.51555
1.51409
1.52246
1.5358
1.55027
1.56391
1.57642
1.58857
1.60164
1.61681
1.63458
1.6545
1.67539
1.69569
1.71403
1.72973
1.74306
1.7547
1.76443
1.77023
1.76914
1.75926
1.74093
1.71648
1.68918
1.66224
1.63819
1.61873
1.60474
1.59647
1.59367
1.59588
1.60245
1.61218
1.62314
1.633
1.63964
1.64147
1.63737
1.62665
1.60938
1.58698
1.5627
1.54134
1.52768
1.5249
1.53407
1.55466
1.58462
1.62009
1.65608
1.68833
1.71435
1.73328
1.74519
1.75078
1.75145
1.74922
1.74611
1.7434
1.74111
1.73818
1.73307
1.7246
1.71291
1.69974
1.68797
1.68053
1.67913
1.68357
1.69215
1.70256
1.71272
1.7213
1.72799
1.73342
1.73878
1.74501
1.75184
1.75728
1.75791
1.75002
1.73103
1.7008
1.66225
1.6214
1.58567
1.56102
1.54942
1.54879
1.55522
1.56506
1.57615
1.58784
1.60061
1.61558
1.63384
1.65533
1.678
1.69795
1.7107
1.71286
1.70337
1.6838
1.65797
1.63098
1.60774
1.59158
1.58323
1.58134
1.58402
1.59013
1.59963
1.61294
1.63018
1.65077
1.6733
1.69577
1.71609
1.73257
1.74439
1.75163
1.75496
1.75521
1.75307
1.74885
1.74254
1.73399
1.72335
1.71122
1.69856
1.6861
1.6741
1.66285
1.65314
1.64624
1.64342
1.64546
1.65252
1.66415
1.6794
1.69675
1.71418
1.72932
1.73999
1.74465
1.74269
1.7344
1.72073
1.70289
1.68202
1.6589
1.63363
1.60569
1.5752
1.54537
1.52381
1.5186
1.53116
1.55521
1.58317
1.61078
1.63676
1.66074
1.68222
1.70068
1.71576
1.72747
1.73612
1.74217
1.7461
1.74821
1.74856
1.74729
1.745
1.74318
1.7439
1.74895
1.75901
1.77355
1.79102
1.8091
1.82482
1.83492
1.83636
1.82687
1.80554
1.77356
1.73499
1.69708
1.66839
1.65383
1.65081
1.65141
1.64859
1.64022
1.62957
1.62307
1.62674
1.64199
1.66465
1.68787
1.70624
1.71793
1.72429
1.72775
1.7299
1.73074
1.72964
1.72661
1.72283
1.71993
1.71892
1.71989
1.72237
1.72618
1.73148
1.73811
1.74505
1.7508
1.75427
1.75533
1.75466
1.75301
1.75056
1.74666
1.74014
1.7299
1.71561
1.69791
1.67844
1.65942
1.64314
1.63129
1.62457
1.62294
1.62589
1.63276
1.643
1.65638
1.67313
1.69337
1.71646
1.74066
1.76326
1.78115
1.79158
1.7927
1.78389
1.76612
1.74203
1.71578
1.69231
1.67608
1.66961
1.67262
1.68212
1.6935
1.70197
1.70411
1.69899
1.68857
1.67729
1.67002
1.66944
1.67438
1.68103
1.68581
1.68805
1.69063
1.69711
1.7077
1.71827
1.72375
1.72153
1.71255
1.70026
1.68873
1.68052
1.67556
1.67213
1.66837
1.66311
1.65541
1.64408
1.62832
1.60909
1.59015
1.57759
1.5777
1.59363
1.62315
1.65933
1.69373
1.71975
1.73448
1.73905
1.7376
1.73436
1.73048
1.7238
1.71225
1.69708
1.68265
1.67351
1.67164
1.67561
1.68215
1.68834
1.69262
1.69437
1.69312
1.68855
1.681
1.67171
1.66234
1.65427
1.6485
1.64592
1.64718
1.65234
1.66064
1.67109
1.68327
1.69773
1.71562
1.73772
1.76355
1.79112
1.81754
1.83975
1.855
1.86095
1.85583
1.83885
1.81084
1.77448
1.73369
1.69203
1.65174
1.61423
1.58146
1.55607
1.54016
1.53429
1.53757
1.5481
1.56313
1.57947
1.59442
1.6067
1.61657
1.62534
1.63439
1.64458
1.65593
1.66817
1.68147
1.69663
1.71484
1.73702
1.7629
1.79057
1.81674
1.83749
1.84949
1.85088
1.84162
1.82331
1.79848
1.76983
1.73914
1.70729
1.67491
1.64362
1.61637
1.59654
1.58658
1.5875
1.59924
1.62081
1.64978
1.68194
1.71214
1.73591
1.75037
1.75416
1.74677
1.72837
1.69984
1.66316
1.62146
1.57889
1.5399
1.50817
1.48585
1.4734
1.47007
1.47466
1.48609
1.50359
1.5266
1.55466
1.58715
1.62305
1.66061
1.69752
1.73155
1.76122
1.78594
1.80536
1.81869
1.82447
1.82112
1.80803
1.78654
1.75993
1.73262
1.70857
1.69039
1.67959
1.67684
1.68132
1.68991
1.69758
1.69925
1.69124
1.67196
1.64208
1.60431
1.56287
1.52278
1.48963
1.46938
1.46705
1.48435
1.51861
1.56468
1.61742
1.67259
1.72622
1.77396
1.81119
1.83388
1.83948
1.82768
1.80104
1.76505
1.72693
1.69313
1.66668
1.64703
1.63194
1.61978
1.6105
1.60508
1.6043
1.60803
1.61525
1.62431
1.6334
1.64091
1.6458
1.64761
1.64649
1.64313
1.6392
1.63744
1.64096
1.6518
1.66942
1.69055
1.71004
1.72242
1.72349
1.71137
1.6871
1.65454
1.61979
1.58995
1.57136
1.56783
1.57959
1.60342
1.63417
1.66657
1.69665
1.72167
1.73925
1.74686
1.74245
1.72564
1.69856
1.66569
1.63292
1.60595
1.58868
1.58217
1.58471
1.5929
1.60289
1.61137
1.61584
1.61475
1.60761
1.59558
1.58215
1.57345
1.57609
1.5931
1.62163
1.65546
1.68892
1.71851
1.74221
1.7589
1.76838
1.77156
1.77005
1.76559
1.75935
1.7519
1.74364
1.73544
1.72869
1.72479
1.72435
1.72668
1.72996
1.73182
1.73031
1.72447
1.71476
1.70293
1.69137
1.68217
1.67642
1.67418
1.67524
1.67952
1.6867
1.69559
1.70404
1.70938
1.70912
1.70136
1.68532
1.66255
1.63812
1.61973
1.61356
1.62035
1.63573
1.65348
1.6683
1.67698
1.67894
1.67644
1.67338
1.67252
1.67322
1.67204
1.66517
1.6503
1.62744
1.59899
1.5696
1.54517
1.53122
1.53071
1.54276
1.56309
1.58626
1.60808
1.62672
1.64206
1.65446
1.66409
1.6709
1.67508
1.67731
1.67873
1.68045
1.68316
1.68708
1.69231
1.699
1.70735
1.7173
1.72843
1.74001
1.75111
1.76081
1.76829
1.77283
1.77372
1.77052
1.76369
1.75493
1.74666
1.74099
1.73857
1.73781
1.73519
1.72679
1.7102
1.6855
1.65521
1.6236
1.59565
1.57578
1.56665
1.56853
1.57962
1.59691
1.61721
1.63777
1.65698
1.67466
1.69183
1.70989
1.72977
1.75117
1.77254
1.7913
1.80439
1.80916
1.80417
1.78944
1.76639
1.73775
1.7071
1.67814
1.65406
1.63706
1.62786
1.62529
1.62606
1.62579
1.62104
1.61137
1.60011
1.59282
1.59415
1.60501
1.62276
1.64379
1.66525
1.68447
1.69809
1.70287
1.69733
1.68226
1.65961
1.63143
1.59975
1.56747
1.53922
1.52135
1.52011
1.53857
1.57447
1.62125
1.671
1.71677
1.7535
1.77804
1.78902
1.78664
1.77282
1.75121
1.72662
1.70378
1.68559
1.67246
1.66268
1.65345
1.64212
1.62706
1.60815
1.58685
1.56591
1.54873
1.53831
1.53617
1.54185
1.55359
1.56951
1.58815
1.60815
1.62784
1.6452
1.65839
1.66632
1.66881
1.66637
1.65987
1.65036
1.63915
1.62798
1.61864
1.61266
1.61077
1.61272
1.61753
1.62389
1.63062
1.63676
1.64171
1.6451
1.64685
1.6471
1.6461
1.64413
1.64146
1.63839
1.63546
1.63359
1.63423
1.63915
1.6497
1.66585
1.68569
1.70586
1.72288
1.7341
1.73813
1.73471
1.72473
1.71021
1.6942
1.67981
1.66919
1.66346
1.66363
1.67064
1.68404
1.70068
1.71552
1.72398
1.72399
1.71613
1.70262
1.68606
1.66877
1.6532
1.64261
1.641
1.65141
1.67341
1.70257
1.73277
1.75886
1.77775
1.78794
1.78901
1.78167
1.76828
1.75275
1.73891
1.72778
1.71671
1.70193
1.68175
1.65761
1.63317
1.61232
1.59756
1.58956
1.58815
1.59375
1.60731
1.6288
1.65601
1.68471
1.70978
1.72649
1.73144
1.72335
1.70366
1.67666
1.64839
1.62443
1.60768
1.59786
1.59318
1.59213
1.59436
1.60027
1.6104
1.62512
1.64457
1.6684
1.69549
1.72371
1.7501
1.77169
1.78655
1.79451
1.79696
1.79609
1.79406
1.79249
1.79223
1.79301
1.79381
1.79355
1.79174
1.78806
1.78192
1.77226
1.75813
1.73934
1.71699
1.69335
1.67138
1.654
1.64326
1.63982
1.64288
1.65065
1.66093
1.67167
1.68115
1.68808
1.69171
1.69173
1.68818
1.68121
1.67103
1.65814
1.64362
1.62909
1.61618
1.60581
1.59789
1.59158
1.58571
1.57935
1.57202
1.56362
1.55418
1.54409
1.53441
1.52684
1.52317
1.52433
1.53049
1.54169
1.55836
1.58096
1.60894
1.64008
1.67081
1.69714
1.71569
1.72439
1.72276
1.71177
1.6936
1.67141
1.6491
1.63094
1.6209
1.62154
1.63305
1.65303
1.67716
1.70058
1.71912
1.73031
1.73364
1.73025
1.72223
1.71209
1.70231
1.69513
1.69207
1.69361
1.69884
1.70569
1.71142
1.71353
1.71053
1.70252
1.69103
1.6786
1.66764
1.6597
1.65512
1.65341
1.65386
1.65592
1.65927
1.66373
1.66933
1.67606
1.6835
1.69061
1.69593
1.69787
1.69512
1.6869
1.67337
1.65594
1.63724
1.62075
1.61026
1.60914
1.61927
1.63983
1.66706
1.69582
1.7217
1.74236
1.7576
1.76855
1.77649
1.78199
1.78469
1.78374
1.77806
1.76675
1.74954
1.72747
1.70322
1.68074
1.66385
1.65466
1.64885
1.65122
1.65321
1.65177
1.64594
1.63687
1.62694
1.61882
1.61463
1.6157
1.62239
1.63408
1.64895
1.66391
1.6751
1.67901
1.67364
1.65931
1.63862
1.61541
1.59366
1.57702
1.56821
1.5677
1.57304
1.57978
1.58373
1.58298
1.57884
1.5753
1.57723
1.58819
1.60914
1.63837
1.67239
1.70699
1.73823
1.76328
1.78067
1.79031
1.79307
1.79023
1.78309
1.77297
1.76145
1.7507
1.74335
1.74127
1.7443
1.75019
1.75601
1.75927
1.75833
1.7523
1.74123
1.72626
1.70971
1.69447
1.68314
1.67681
1.67453
1.67375
1.67173
1.66703
1.66014
1.65296
1.64786
1.64659
1.64985
1.65737
1.66837
1.68182
1.69626
1.70952
1.7192
1.72374
1.72345
1.72074
1.71894
1.72041
1.72517
1.73087
1.73441
1.73351
1.72749
1.71701
1.70358
1.68924
1.67628
1.66677
1.66188
1.66118
1.66267
1.66331
1.66013
1.65124
1.63632
1.61644
1.59371
1.57084
1.5505
1.53481
1.52491
1.52081
1.52164
1.52629
1.53404
1.54459
1.55792
1.57385
1.59186
1.61113
1.63051
1.64856
1.66372
1.67511
1.68303
1.68873
1.69331
1.69669
1.6978
1.69624
1.69439
1.69663
1.70452
1.71349
1.71606
1.70772
1.68862
1.6617
1.63031
1.59761
1.56792
1.54774
1.54381
1.55823
1.5861
1.61884
1.6491
1.67274
1.68818
1.69541
1.69529
1.68929
1.67909
1.66633
1.65246
1.63877
1.62599
1.61383
1.60115
1.58727
1.57346
1.56352
1.5628
1.57531
1.60103
1.63576
1.67358
1.7096
1.74159
1.77016
1.79805
1.82836
1.86239
1.89805
1.93025
1.95306
1.96211
1.95598
1.9363
1.90705
1.87335
1.83979
1.80913
1.7817
1.75624
1.73148
1.70766
1.68673
1.67108
1.66178
1.65787
1.65687
1.65595
1.65269
1.64569
1.63501
1.62217
1.60963
1.59971
1.59339
1.58989
1.58727
1.58368
1.57853
1.57284
1.5686
1.56762
1.57089
1.57863
1.59083
1.60726
1.62686
1.64728
1.66517
1.67715
1.68081
1.67505
1.6601
1.63722
1.60868
1.57797
1.5495
1.52759
1.51509
1.51216
1.51653
1.52464
1.5331
1.53969
1.54409
1.54794
1.55385
1.56388
1.57811
1.59428
1.60872
1.61815
1.62124
1.61933
1.61602
1.61575
1.62175
1.6345
1.65166
1.66927
1.68331
1.69086
1.69058
1.68289
1.67022
1.65668
1.6467
1.64284
1.64487
1.65101
1.65969
1.67027
1.68288
1.6982
1.71692
1.73896
1.76298
1.78663
1.80752
1.82404
1.83518
1.84046
1.83987
1.83372
1.8222
1.80499
1.78152
1.75195
1.71815
1.68411
1.65509
1.63557
1.62724
1.62865
1.63648
1.64703
1.65708
1.66426
1.66709
1.66475
1.65712
1.64486
1.62967
1.61416
1.60149
1.5947
1.59542
1.60274
1.61333
1.62286
1.62798
1.62752
1.62273
1.61675
1.61338
1.61574
1.62506
1.64034
1.65854
1.67546
1.68679
1.68962
1.68461
1.67802
1.6801
1.69698
1.72376
1.74895
1.76395
1.76662
1.75935
1.74623
1.73125
1.71735
1.70618
1.69822
1.6933
1.6912
1.69207
1.69641
1.70444
1.71526
1.72649
1.7347
1.73655
1.72982
1.71421
1.69153
1.66541
1.64028
1.62024
1.60819
1.60549
1.61208
1.62668
1.64717
1.67083
1.69464
1.71596
1.73324
1.74648
1.75664
1.76421
1.76826
1.76685
1.75838
1.74304
1.72336
1.70388
1.69017
1.68686
1.69537
1.71266
1.7322
1.74694
1.75188
1.74549
1.72934
1.70684
1.68165
1.65655
1.63311
1.6122
1.59463
1.58135
1.57293
1.56878
1.56679
1.56409
1.55853
1.55013
1.54133
1.53566
1.53604
1.54388
1.55903
1.57979
1.60295
1.62461
1.6415
1.65193
1.65587
1.65437
1.64886
1.64055
1.63008
1.61771
1.6039
1.58996
1.57864
1.5738
1.57906
1.59611
1.62396
1.65929
1.6974
1.73296
1.76077
1.7764
1.77698
1.76178
1.73248
1.6931
1.64978
1.60976
1.57998
1.56499
1.56595
1.58134
1.60838
1.64329
1.68102
1.71587
1.74319
1.76012
1.76536
1.75899
1.74265
1.7197
1.69468
1.67214
1.65552
1.64666
1.6457
1.6511
1.65993
1.66841
1.67304
1.67202
1.66627
1.65938
1.65546
1.65637
1.66119
1.66806
1.67591
1.68476
1.69488
1.70595
1.71667
1.72509
1.72923
1.72763
1.71982
1.70637
1.68866
1.66876
1.64949
1.63392
1.62495
1.62451
1.6331
1.64974
1.67218
1.69723
1.72147
1.74198
1.75685
1.76545
1.76832
1.76699
1.76361
1.76017
1.75723
1.75346
1.74611
1.73236
1.71072
1.68181
1.64834
1.61445
1.58421
1.56014
1.54265
1.5306
1.52234
1.51654
1.51273
1.51148
1.5141
1.5218
1.5352
1.55437
1.57889
1.60758
1.63803
1.66678
1.69034
1.70619
1.71305
1.71065
1.69928
1.67955
1.65237
1.61953
1.58468
1.55399
1.53482
1.5316
1.5424
1.56008
1.57689
1.58824
1.59351
1.59486
1.59519
1.59648
1.59931
1.60336
1.60823
1.61423
1.62242
1.63383
1.6491
1.66894
1.69393
1.72256
1.75008
1.77045
1.77941
1.77622
1.7637
1.74729
1.73258
1.72201
1.7138
1.7042
1.69086
1.67417
1.65658
1.64118
1.63054
1.62621
1.62876
1.63772
1.65178
1.66914
1.68777
1.70565
1.72091
1.73206
1.73805
1.73861
1.73441
1.72721
1.71948
1.71381
1.71184
1.71358
1.71748
1.72109
1.72183
1.71775
1.70799
1.69312
1.67506
1.65668
1.64086
1.62936
1.6217
1.6156
1.60864
1.59998
1.59102
1.58466
1.58395
1.5908
1.60548
1.62715
1.65413
1.68435
1.71537
1.74473
1.77015
1.78975
1.8024
1.80801
1.80765
1.80322
1.7966
1.78881
1.77961
1.76808
1.75374
1.73753
1.72198
1.71039
1.70565
1.70914
1.72026
1.73657
1.75483
1.77185
1.78525
1.79354
1.79597
1.7921
1.78164
1.76463
1.74177
1.71459
1.68539
1.65662
1.62994
1.60577
1.58381
1.56494
1.55296
1.55255
1.56328
1.57806
1.58933
1.59456
1.59537
1.5943
1.59305
1.59294
1.59552
1.60228
1.614
1.63026
1.64943
1.66928
1.68779
1.7037
1.71653
1.72618
1.73241
1.73471
1.73247
1.72551
1.71453
1.70141
1.68862
1.67825
1.67106
1.66633
1.66242
1.65747
1.64998
1.63926
1.62607
1.61308
1.60451
1.60435
1.61402
1.63115
1.65058
1.66669
1.67533
1.67468
1.66521
1.64923
1.63006
1.61128
1.59599
1.58629
1.58244
1.58243
1.58316
1.58243
1.57988
1.57617
1.57156
1.56543
1.55735
1.54862
1.54298
1.54567
1.56108
1.59011
1.62936
1.67248
1.7128
1.74532
1.7677
1.78024
1.78466
1.78214
1.77235
1.75441
1.72868
1.69771
1.66581
1.63797
1.61877
1.61116
1.61557
1.62992
1.65048
1.67297
1.69342
1.70824
1.71446
1.7103
1.69608
1.67477
1.65121
1.62998
1.61348
1.60174
1.59374
1.58899
1.5881
1.59233
1.60257
1.6188
1.63995
1.664
1.68843
1.71064
1.7283
1.73971
1.74416
1.74186
1.73327
1.71836
1.69663
1.66817
1.63472
1.60008
1.56917
1.54642
1.53434
1.53287
1.53972
1.5517
1.56624
1.58207
1.59941
1.61958
1.64396
1.67281
1.70452
1.73569
1.7621
1.78014
1.78794
1.78568
1.77521
1.75927
1.74067
1.7217
1.70431
1.69036
1.68167
1.67947
1.68349
1.69158
1.70027
1.70594
1.70587
1.69888
1.6854
1.66735
1.64768
1.62997
1.61788
1.61453
1.62124
1.63618
1.65453
1.67032
1.67867
1.67685
1.66428
1.64213
1.61285
1.57986
1.54748
1.52075
1.5049
1.50363
1.51723
1.54211
1.57236
1.6023
1.62822
1.64932
1.6675
1.68581
1.70583
1.72584
1.74147
1.7481
1.74289
1.72557
1.69833
1.66532
1.63149
1.6012
1.57733
1.56144
1.55432
1.55614
1.56594
1.58174
1.60111
1.62178
1.64166
1.65892
1.67249
1.68259
1.69055
1.6982
1.70716
1.71802
1.7301
1.74154
1.74991
1.75291
1.74905
1.73805
1.72102
1.70035
1.67934
1.66126
1.64837
1.64151
1.64039
1.64431
1.65261
1.66477
1.68015
1.69789
1.71684
1.73546
1.75209
1.76502
1.77289
1.77495
1.77121
1.76206
1.7479
1.72905
1.70628
1.68163
1.65845
1.64033
1.62952
1.6262
1.62869
1.63464
1.64176
1.64823
1.65246
1.65312
1.64936
1.6416
1.63177
1.62227
1.61461
1.60911
1.60571
1.60473
1.60665
1.61173
1.61981
1.6305
1.64317
1.65701
1.67125
1.68563
1.70056
1.71673
1.73427
1.75215
1.7684
1.78063
1.78704
1.78741
1.7834
1.77788
1.77382
1.77298
1.77515
1.77836
1.77976
1.77661
1.76697
1.75027
1.72733
1.69997
1.67055
1.6416
1.61551
1.59408
1.57804
1.56777
1.56444
1.57005
1.58614
1.61212
1.64489
1.67973
1.71168
1.73695
1.7537
1.76214
1.76408
1.76197
1.75793
1.75296
1.747
1.73967
1.73107
1.72174
1.71213
1.70207
1.69102
1.6786
1.66501
1.65119
1.63863
1.62912
1.6241
1.6241
1.62837
1.63492
1.64099
1.64395
1.64232
1.63655
1.62921
1.62434
1.62604
1.63647
1.65458
1.67632
1.69644
1.71036
1.7155
1.71157
1.70034
1.68517
1.6702
1.65922
1.65446
1.65589
1.66145
1.66827
1.67407
1.67797
1.68039
1.68233
1.68455
1.68736
1.69063
1.69406
1.69726
1.69983
1.70163
1.7027
1.7031
1.70264
1.70063
1.696
1.68757
1.67435
1.65589
1.63265
1.60636
1.58002
1.55743
1.54238
1.53729
1.54227
1.5551
1.57248
1.59163
1.61125
1.63161
1.65366
1.67788
1.70368
1.72949
1.75345
1.77367
1.7883
1.7954
1.79309
1.78026
1.75737
1.72715
1.69439
1.6644
1.64102
1.62574
1.61856
1.61912
1.62666
1.63969
1.65586
1.67238
1.68644
1.69593
1.6999
1.6989
1.69464
1.68945
1.68565
1.6852
1.68942
1.65922
1.67251
1.68702
1.70051
1.71165
1.71987
1.7249
1.72634
1.72357
1.71587
1.70271
1.68406
1.66081
1.63488
1.609
1.58611
1.56865
1.55773
1.55288
1.55273
1.55632
1.56372
1.57576
1.59281
1.61362
1.63511
1.65351
1.66598
1.67167
1.67177
1.66862
1.66476
1.66218
1.66214
1.66515
1.6711
1.67955
1.6899
1.7015
1.71345
1.72451
1.73331
1.73863
1.73972
1.73634
1.72864
1.71697
1.70194
1.68467
1.66676
1.64979
1.63474
1.62191
1.61125
1.6027
1.59645
1.59297
1.59297
1.5973
1.60687
1.62205
1.64194
1.66396
1.68434
1.69928
1.70619
1.70443
1.69535
1.68199
1.66831
1.65846
1.6559
1.66233
1.67698
1.69685
1.71784
1.73635
1.75007
1.75828
1.76151
1.76107
1.7585
1.75532
1.75301
1.75314
1.75741
1.76734
1.78353
1.80497
1.82916
1.85295
1.87349
1.88873
1.89734
1.89819
1.89011
1.872
1.8437
1.80692
1.76555
1.72494
1.69021
1.66467
1.64919
1.64269
1.64298
1.6477
1.65516
1.66483
1.67681
1.69086
1.70579
1.72013
1.73309
1.74485
1.75605
1.76695
1.77687
1.78402
1.78549
1.77793
1.75842
1.72574
1.68169
1.63172
1.58401
1.54655
1.52397
1.51645
1.52126
1.53457
1.55261
1.57217
1.59105
1.60843
1.6248
1.64131
1.65859
1.67609
1.69225
1.70539
1.71415
1.71752
1.71421
1.70248
1.68053
1.64779
1.60641
1.56229
1.52445
1.50165
1.49777
1.50961
1.52948
1.54957
1.56498
1.57418
1.57824
1.57956
1.58081
1.58397
1.5898
1.59772
1.60631
1.61427
1.62149
1.62909
1.63844
1.64986
1.6621
1.67287
1.67978
1.6813
1.6772
1.66872
1.65824
1.64859
1.64207
1.6397
1.64114
1.64505
1.64969
1.65382
1.65759
1.66279
1.67183
1.68581
1.70322
1.72073
1.73531
1.74574
1.75254
1.7567
1.75844
1.75712
1.7522
1.74461
1.73715
1.73285
1.73257
1.73408
1.73363
1.72821
1.71666
1.69945
1.67826
1.65525
1.63257
1.61227
1.59617
1.58531
1.57909
1.57511
1.57023
1.56237
1.55169
1.5407
1.53298
1.53154
1.53762
1.55044
1.56766
1.58603
1.60218
1.6135
1.61874
1.61817
1.61319
1.60572
1.59784
1.59148
1.58799
1.58775
1.59007
1.59331
1.59521
1.59334
1.58597
1.57319
1.55822
1.54735
1.54668
1.55721
1.57426
1.59215
1.60803
1.62215
1.63622
1.6521
1.67063
1.69104
1.71101
1.72738
1.73749
1.74023
1.7364
1.72808
1.71756
1.70662
1.69642
1.68775
1.68152
1.6789
1.68105
1.68835
1.69951
1.71166
1.72139
1.72611
1.72474
1.71798
1.70784
1.69676
1.68672
1.6787
1.67246
1.66704
1.66131
1.65459
1.64722
1.6405
1.63603
1.63465
1.63606
1.63924
1.64316
1.64717
1.65081
1.65341
1.6539
1.65101
1.64385
1.63244
1.61772
1.60122
1.58422
1.56734
1.55035
1.53285
1.51533
1.49999
1.49071
1.49199
1.50713
1.5366
1.5776
1.62499
1.67277
1.71528
1.74811
1.76853
1.77565
1.77025
1.75427
1.73043
1.7016
1.67064
1.64051
1.61432
1.59526
1.58579
1.58681
1.59734
1.61481
1.63607
1.65832
1.67954
1.69813
1.71229
1.72022
1.72077
1.71402
1.70133
1.6848
1.66667
1.64909
1.63392
1.62281
1.61708
1.61738
1.62364
1.63499
1.65004
1.66718
1.685
1.70254
1.71928
1.73494
1.74939
1.76255
1.77406
1.78286
1.78704
1.78391
1.77061
1.74525
1.70849
1.66482
1.62154
1.58486
1.55683
1.53631
1.52185
1.5125
1.50683
1.50305
1.50075
1.50207
1.51067
1.52905
1.55588
1.58611
1.61366
1.63454
1.64783
1.65503
1.6586
1.66055
1.66154
1.66073
1.65647
1.64759
1.63476
1.62121
1.6122
1.6131
1.6269
1.65288
1.68738
1.72573
1.76391
1.79883
1.82842
1.8512
1.86637
1.87391
1.87464
1.87034
1.86316
1.85482
1.84586
1.8354
1.82154
1.80222
1.77611
1.74329
1.70518
1.66443
1.6247
1.59074
1.56767
1.55926
1.56594
1.58451
1.60997
1.63785
1.66554
1.69216
1.71742
1.74036
1.75891
1.77044
1.77315
1.76687
1.75322
1.7345
1.71266
1.68899
1.66466
1.64115
1.62006
1.60276
1.59029
1.58361
1.58312
1.58792
1.59566
1.60335
1.60865
1.61061
1.60946
1.606
1.60111
1.59585
1.59175
1.59038
1.59262
1.59861
1.60828
1.62161
1.63794
1.6553
1.67025
1.67871
1.67736
1.66493
1.64286
1.61541
1.58914
1.57107
1.56567
1.57279
1.5882
1.60627
1.62236
1.63387
1.64012
1.6418
1.64019
1.63635
1.63076
1.62332
1.61388
1.60264
1.59051
1.57875
1.56849
1.56016
1.55325
1.54661
1.53931
1.53185
1.52671
1.52758
1.53743
1.55673
1.58325
1.61353
1.64473
1.67554
1.70524
1.73225
1.75403
1.76844
1.77503
1.7753
1.77195
1.76756
1.7629
1.75643
1.74581
1.72989
1.70956
1.68767
1.66823
1.65539
1.6518
1.65723
1.66852
1.68119
1.69134
1.69677
1.69708
1.69293
1.68538
1.67539
1.66345
1.64932
1.63183
1.60925
1.58088
1.54927
1.52149
1.5079
1.51792
1.5549
1.61352
1.68232
1.74917
1.80499
1.84468
1.86646
1.87083
1.85987
1.83691
1.80578
1.76988
1.73155
1.69243
1.65487
1.62239
1.59866
1.58581
1.58364
1.59032
1.60369
1.6219
1.64325
1.66584
1.68766
1.70713
1.72338
1.73636
1.74667
1.75528
1.76299
1.76987
1.77511
1.77759
1.77681
1.77341
1.76893
1.76473
1.76127
1.75762
1.75183
1.74196
1.72731
1.70942
1.69161
1.67683
1.66491
1.652
1.63306
1.60521
1.56918
1.5288
1.48951
1.45684
1.43517
1.42689
1.43212
1.44906
1.4747
1.50566
1.53898
1.57259
1.60536
1.63661
1.66554
1.691
1.71181
1.72722
1.73726
1.74259
1.7442
1.74323
1.74107
1.73886
1.73699
1.73494
1.7317
1.72629
1.71793
1.70578
1.6891
1.66794
1.64362
1.61859
1.59559
1.57667
1.56291
1.55482
1.55273
1.55666
1.5663
1.5812
1.60117
1.62612
1.65513
1.68555
1.7132
1.73373
1.7443
1.74441
1.73592
1.72247
1.70854
1.69855
1.69617
1.70335
1.71966
1.74212
1.76612
1.7869
1.80084
1.80595
1.80164
1.78817
1.7662
1.73639
1.69941
1.65609
1.60776
1.55641
1.50471
1.45612
1.41496
1.38631
1.37497
1.38346
1.4104
1.45085
1.49822
1.54617
1.58963
1.62523
1.65116
1.6666
1.67115
1.66432
1.64573
1.61575
1.57646
1.5322
1.48912
1.45407
1.43281
1.42817
1.4392
1.46201
1.4917
1.5241
1.55645
1.58727
1.61601
1.64264
1.66737
1.69036
1.71176
1.73181
1.75066
1.76821
1.78385
1.79664
1.80552
1.8097
1.80889
1.80314
1.79263
1.77744
1.75778
1.73425
1.70812
1.68123
1.65569
1.63339
1.61578
1.60362
1.59709
1.5957
1.59821
1.60267
1.60656
1.60728
1.60291
1.5926
1.57671
1.55667
1.53508
1.51533
1.50076
1.49344
1.49361
1.50052
1.51318
1.53035
1.54986
1.5686
1.58346
1.5921
1.59362
1.58894
1.58077
1.57315
1.57015
1.57421
1.58479
1.59855
1.611
1.61871
1.62077
1.61912
1.61781
1.62089
1.62989
1.64274
1.65505
1.66245
1.66212
1.65295
1.63505
1.60938
1.57745
1.54154
1.50465
1.47032
1.44182
1.42126
1.40918
1.40508
1.40847
1.41938
1.43807
1.46418
1.49608
1.53097
1.56572
1.59774
1.62555
1.64876
1.66767
1.68303
1.69564
1.70571
1.7124
1.71369
1.70735
1.69227
1.66971
1.64365
1.61956
1.60156
1.59039
1.58424
1.58137
1.58128
1.58422
1.59016
1.59828
1.60697
1.61423
1.61829
1.61784
1.61223
1.60153
1.58662
1.56923
1.55175
1.53643
1.52481
1.51779
1.51611
1.52078
1.53245
1.55035
1.57209
1.59455
1.61494
1.63124
1.64209
1.64672
1.64501
1.6377
1.6263
1.61265
1.59858
1.58543
1.57394
1.5645
1.55757
1.55356
1.55236
1.55274
1.55243
1.54885
1.54055
1.52834
1.51583
1.50867
1.51262
1.53124
1.56442
1.60854
1.65799
1.70698
1.7508
1.78638
1.81202
1.82715
1.83213
1.82806
1.81666
1.79995
1.77992
1.75814
1.73559
1.71257
1.68897
1.66447
1.6391
1.61379
1.59052
1.57193
1.56065
1.55845
1.56564
1.58085
1.60122
1.623
1.64247
1.65681
1.66455
1.66552
1.66039
1.65026
1.63643
1.62082
1.60636
1.59689
1.59577
1.60384
1.61871
1.63604
1.65182
1.66373
1.67121
1.67494
1.67631
1.67719
1.6795
1.68462
1.69249
1.70132
1.70815
1.70991
1.70441
1.69062
1.66849
1.63881
1.60313
1.56413
1.52573
1.493
1.47133
1.46509
1.47596
1.50226
1.53915
1.57963
1.61616
1.64289
1.657
1.65896
1.65152
1.63828
1.6224
1.60583
1.5894
1.57308
1.55631
1.53835
1.51946
1.50316
1.4977
1.51181
1.54565
1.58903
1.6299
1.66124
1.68111
1.69033
1.69085
1.68525
1.67634
1.66657
1.65752
1.64975
1.64304
1.63703
1.63151
1.62636
1.6214
1.61628
1.61084
1.60538
1.60059
1.59681
1.59342
1.58913
1.58309
1.5759
1.56982
1.56805
1.57352
1.58756
1.60907
1.63444
1.65859
1.67657
1.68501
1.68294
1.67163
1.65393
1.63329
1.61297
1.59558
1.58298
1.57643
1.57682
1.58472
1.59979
1.62009
1.64181
1.66028
1.67143
1.67274
1.66347
1.6448
1.62014
1.59541
1.57838
1.57636
1.59296
1.62613
1.66891
1.71241
1.74885
1.77345
1.78504
1.78611
1.78199
1.77832
1.77765
1.77842
1.77714
1.77165
1.7621
1.74994
1.73667
1.72325
1.71
1.69679
1.68339
1.66992
1.65719
1.64663
1.64006
1.63882
1.64249
1.64809
1.65111
1.64798
1.63769
1.6215
1.60167
1.58068
1.5613
1.54644
1.53888
1.65187
1.66184
1.67899
1.70068
1.72349
1.74459
1.7627
1.77804
1.79155
1.80369
1.81417
1.82235
1.82756
1.8292
1.82679
1.82018
1.80947
1.79491
1.77654
1.75431
1.72834
1.69972
1.67093
1.64583
1.62895
1.62406
1.63264
1.65314
1.68171
1.7135
1.74394
1.76945
1.78766
1.79748
1.79912
1.79386
1.78367
1.7706
1.75616
1.74098
1.72512
1.70874
1.69308
1.68081
1.67537
1.6794
1.69337
1.71539
1.74201
1.76933
1.79366
1.81204
1.82246
1.82409
1.81745
1.8043
1.78724
1.76917
1.75281
1.74032
1.73326
1.73259
1.73855
1.7505
1.76673
1.7847
1.80152
1.81453
1.82158
1.82151
1.81426
1.80086
1.78323
1.76375
1.74469
1.7278
1.71421
1.70451
1.69912
1.69794
1.69961
1.70142
1.70111
1.69913
1.69907
1.70522
1.71863
1.73553
1.74958
1.75553
1.75086
1.73555
1.71111
1.67983
1.64464
1.60929
1.57816
1.55551
1.54441
1.54598
1.55936
1.58243
1.6122
1.64482
1.67609
1.70222
1.72057
1.73022
1.73211
1.72874
1.72357
1.71995
1.72006
1.72453
1.73265
1.74312
1.7544
1.76474
1.77195
1.77381
1.76887
1.75763
1.74323
1.73098
1.72646
1.73294
1.74972
1.77249
1.79526
1.81267
1.82193
1.82355
1.82098
1.81883
1.82053
1.82644
1.83411
1.8401
1.84182
1.83833
1.83
1.81792
1.80368
1.78946
1.77795
1.77226
1.77523
1.78785
1.80803
1.83125
1.85273
1.8693
1.87976
1.88432
1.88357
1.87787
1.86767
1.85417
1.83989
1.82821
1.82203
1.82253
1.82847
1.83701
1.8452
1.85131
1.8553
1.85771
1.85818
1.855
1.84606
1.83046
1.80932
1.78565
1.76334
1.74569
1.73382
1.72601
1.71895
1.70962
1.69664
1.68053
1.66337
1.64812
1.63767
1.63353
1.63509
1.6399
1.6451
1.64864
1.64973
1.64844
1.64503
1.63978
1.63314
1.62598
1.61959
1.61522
1.6138
1.61538
1.61906
1.62336
1.62702
1.62968
1.63205
1.63558
1.64183
1.65186
1.66577
1.68248
1.69982
1.7153
1.72726
1.73573
1.74229
1.7487
1.75558
1.76257
1.77035
1.78153
1.79774
1.81602
1.8298
1.8327
1.82083
1.79318
1.75139
1.6998
1.64553
1.59768
1.56494
1.55217
1.5582
1.57698
1.60103
1.62439
1.64422
1.66093
1.67723
1.69602
1.71823
1.74203
1.76395
1.78094
1.79168
1.7965
1.79685
1.79462
1.79152
1.78858
1.78601
1.78344
1.78037
1.7765
1.77205
1.76781
1.76497
1.7647
1.76741
1.77209
1.77673
1.77902
1.77724
1.77064
1.75956
1.7452
1.72935
1.7139
1.70054
1.69046
1.68437
1.6825
1.68485
1.69114
1.70067
1.71208
1.72328
1.7318
1.73523
1.73181
1.72104
1.70435
1.68527
1.66883
1.65979
1.66084
1.67182
1.68996
1.71069
1.72877
1.73961
1.74079
1.73314
1.7207
1.70918
1.70371
1.70718
1.7195
1.73769
1.75675
1.77124
1.77719
1.77332
1.76124
1.74468
1.72811
1.71486
1.70606
1.70069
1.69669
1.69255
1.68821
1.68514
1.68564
1.6917
1.70394
1.72105
1.74004
1.75719
1.76923
1.77433
1.77251
1.76513
1.75395
1.74044
1.72576
1.71092
1.69707
1.68529
1.6764
1.6711
1.67
1.67333
1.68051
1.69002
1.69969
1.7073
1.7115
1.71221
1.71047
1.70788
1.70572
1.70485
1.70599
1.70991
1.71696
1.72634
1.73611
1.74405
1.74889
1.75104
1.75235
1.75511
1.76073
1.76905
1.77863
1.78796
1.7965
1.80464
1.8129
1.82091
1.82723
1.82992
1.82722
1.81809
1.80258
1.78222
1.76007
1.74002
1.72517
1.71621
1.71129
1.70746
1.70209
1.6937
1.68217
1.66894
1.65685
1.64968
1.65126
1.66449
1.69043
1.72735
1.77062
1.81374
1.85016
1.87492
1.88539
1.88114
1.86367
1.83617
1.80335
1.77106
1.74485
1.72832
1.72206
1.72394
1.73012
1.73634
1.73931
1.73797
1.73361
1.72904
1.72684
1.7282
1.7329
1.73994
1.74822
1.75662
1.76364
1.7672
1.76526
1.75698
1.74345
1.72759
1.71338
1.70483
1.7048
1.71397
1.73045
1.75043
1.76946
1.78404
1.7925
1.79515
1.79372
1.79044
1.78718
1.78491
1.78367
1.78266
1.7807
1.77678
1.77057
1.76257
1.75356
1.74386
1.73297
1.72002
1.70443
1.68619
1.66572
1.64374
1.62132
1.60026
1.58324
1.57331
1.57252
1.58072
1.5952
1.6117
1.62599
1.63531
1.63917
1.63917
1.6379
1.63756
1.63897
1.64151
1.6436
1.64344
1.64007
1.63383
1.62588
1.61698
1.60698
1.59595
1.58556
1.57915
1.5798
1.58824
1.60257
1.61932
1.63506
1.64771
1.65676
1.6627
1.66619
1.66761
1.66748
1.66688
1.66732
1.67027
1.67644
1.6854
1.69586
1.70616
1.71478
1.72087
1.72436
1.72587
1.72653
1.72768
1.73036
1.73494
1.7409
1.74715
1.75269
1.75716
1.76114
1.76582
1.77254
1.78191
1.79306
1.8036
1.81048
1.81169
1.80748
1.80044
1.79427
1.79178
1.79378
1.799
1.80507
1.80932
1.80933
1.80316
1.78972
1.76912
1.74305
1.71474
1.68846
1.66845
1.65792
1.65805
1.66771
1.68401
1.70346
1.72296
1.74011
1.75328
1.76136
1.7638
1.76059
1.75195
1.73806
1.71881
1.69405
1.6644
1.63202
1.60068
1.57467
1.55738
1.55064
1.55519
1.57119
1.598
1.63339
1.67345
1.71361
1.74996
1.78017
1.80341
1.8198
1.82988
1.83417
1.83291
1.82622
1.81435
1.79808
1.77884
1.75871
1.73995
1.7241
1.71098
1.69864
1.68474
1.66809
1.64929
1.63028
1.61374
1.60235
1.59837
1.60291
1.61537
1.63327
1.65273
1.66985
1.68201
1.68846
1.68992
1.6874
1.6809
1.66954
1.65336
1.63537
1.6215
1.61754
1.62559
1.64288
1.6641
1.68476
1.7032
1.72005
1.73664
1.75374
1.77129
1.78914
1.80768
1.82737
1.84769
1.86648
1.88032
1.88561
1.87958
1.86091
1.82994
1.78892
1.74209
1.69585
1.65804
1.63649
1.63681
1.66041
1.70357
1.75841
1.8155
1.86662
1.90596
1.92997
1.93695
1.92711
1.90301
1.87007
1.83558
1.8057
1.78248
1.76364
1.74548
1.72609
1.70682
1.69168
1.68489
1.68827
1.69995
1.7155
1.73047
1.74233
1.75079
1.75707
1.76298
1.76998
1.77869
1.78841
1.79706
1.8017
1.79956
1.78912
1.77068
1.74621
1.7185
1.69021
1.66339
1.63981
1.62183
1.6129
1.61667
1.63432
1.66249
1.69416
1.722
1.74117
1.74984
1.74815
1.73685
1.71666
1.68862
1.65499
1.61979
1.58825
1.56514
1.55303
1.55132
1.55706
1.56721
1.58075
1.59903
1.62405
1.65609
1.69265
1.72911
1.76051
1.78311
1.79547
1.79892
1.79717
1.79479
1.79534
1.80006
1.80791
1.81659
1.82358
1.82689
1.82548
1.81924
1.80874
1.79472
1.77766
1.75809
1.73766
1.72027
1.71131
1.7148
1.73062
1.75464
1.78128
1.80576
1.82488
1.8367
1.8402
1.83535
1.82329
1.80632
1.78733
1.76858
1.75067
1.7326
1.71303
1.69161
1.66966
1.64996
1.6358
1.62979
1.63305
1.64523
1.665
1.69052
1.71964
1.74996
1.77894
1.80417
1.82383
1.83704
1.8442
1.84669
1.84624
1.84406
1.8404
1.83472
1.82641
1.81541
1.80253
1.78928
1.77745
1.76878
1.76487
1.76707
1.77564
1.78874
1.80235
1.81189
1.81421
1.80847
1.79567
1.77756
1.75563
1.73082
1.70402
1.67699
1.65265
1.63435
1.62432
1.62288
1.62894
1.64088
1.65688
1.67477
1.69209
1.70636
1.7156
1.71851
1.7146
1.7042
1.68906
1.67298
1.66115
1.65748
1.6622
1.67256
1.6856
1.69976
1.71471
1.73018
1.74522
1.75836
1.76835
1.77453
1.77644
1.77321
1.76359
1.7468
1.72322
1.69487
1.6651
1.63769
1.6161
1.6035
1.60305
1.61679
1.64329
1.67694
1.7106
1.73891
1.75945
1.772
1.77744
1.77692
1.77165
1.76302
1.75266
1.7423
1.73334
1.72642
1.7214
1.71785
1.71552
1.71435
1.71398
1.7134
1.71099
1.70495
1.69436
1.6797
1.66299
1.64739
1.63642
1.63314
1.63942
1.65541
1.67913
1.70656
1.73231
1.75079
1.75773
1.7517
1.73516
1.71357
1.69281
1.67655
1.66579
1.65993
1.65748
1.65669
1.65596
1.65416
1.65089
1.6469
1.64483
1.64924
1.66411
1.68925
1.71977
1.74931
1.77313
1.78874
1.7951
1.79206
1.7802
1.76071
1.73527
1.70595
1.67514
1.64541
1.61948
1.59988
1.58854
1.58611
1.59155
1.60254
1.61673
1.6324
1.64829
1.66333
1.67669
1.68815
1.69801
1.70686
1.71524
1.72345
1.73155
1.73937
1.74644
1.752
1.75504
1.75447
1.74957
1.74042
1.72801
1.71381
1.69919
1.68479
1.67062
1.6562
1.64092
1.62439
1.60668
1.58856
1.57157
1.55806
1.55073
1.55166
1.56108
1.57706
1.59621
1.61483
1.6301
1.64066
1.64713
1.65136
1.65463
1.65587
1.65188
1.6397
1.61916
1.59331
1.56746
1.54818
1.54235
1.55446
1.58279
1.61922
1.6539
1.67947
1.69199
1.69
1.67361
1.64435
1.60525
1.56086
1.5169
1.47927
1.45276
1.4396
1.4385
1.44508
1.45417
1.46298
1.47289
1.48908
1.51741
1.56012
1.61362
1.67046
1.7231
1.76625
1.7973
1.81564
1.82193
1.8178
1.80584
1.78968
1.77373
1.76238
1.75873
1.76352
1.7749
1.78894
1.80079
1.80627
1.80308
1.79098
1.77136
1.74655
1.71942
1.69315
1.67084
1.65509
1.64765
1.6493
1.65986
1.67807
1.70179
1.72812
1.7537
1.77514
1.7898
1.79646
1.7955
1.78886
1.77942
1.77002
1.76225
1.7557
1.74877
1.74037
1.73134
1.72433
1.72248
1.72767
1.73946
1.7551
1.77043
1.78103
1.78334
1.77554
1.75806
1.73373
1.70719
1.68391
1.6686
