1.09917
1.09625
1.09109
1.08342
1.07289
1.05902
1.04125
1.01891
0.991294
0.95779
0.918002
0.871946
0.820259
0.76441
0.706719
0.65019
0.598095
0.553378
0.518178
0.493528
0.479322
0.474448
0.477111
0.485168
0.496476
0.509169
0.521826
0.533511
0.543769
0.552532
0.559979
0.566369
0.571908
0.576699
0.580701
0.583794
0.585888
0.587024
0.587396
0.587334
0.587233
0.587458
0.588261
0.589798
0.592095
0.595025
0.59833
0.60162
0.604497
0.606632
0.607833
0.608121
0.607703
0.606908
0.606108
0.605612
0.605632
0.60629
0.60761
0.609516
0.611826
0.614248
0.616369
0.617778
0.618129
0.617227
0.615121
0.612127
0.608802
0.60578
0.603516
0.602042
0.600944
0.599574
0.597383
0.594189
0.590201
0.585954
0.582162
0.579561
0.578789
0.580275
0.584137
0.590153
0.597841
0.606575
0.615715
0.624687
0.633027
0.640366
0.646429
0.650984
0.653841
0.654897
0.654124
0.651591
0.647439
0.641856
0.635008
0.627054
0.618124
0.608405
0.598179
0.587851
0.577935
0.568974
0.561422
0.555555
0.551419
0.548888
0.547752
0.547871
0.549215
0.551914
0.556167
0.562153
0.569912
0.579255
0.589797
0.600994
0.612221
0.622828
0.632174
0.639662
0.644768
0.647158
0.646733
0.643596
0.638077
0.630654
0.621896
0.612404
0.602723
0.593314
0.584542
0.576712
0.570102
0.56502
0.56179
0.560805
0.56242
0.566846
0.573985
0.583361
0.594175
0.605465
0.616302
0.625903
0.633692
0.6393
0.642548
0.643409
0.642015
0.638614
0.63355
0.627231
0.620045
0.612328
0.604318
0.596198
0.588152
0.580485
0.573666
0.568314
0.565044
0.564269
0.566016
0.569873
0.575097
0.58081
0.586165
0.590486
0.593274
0.594206
0.593123
0.589994
0.584953
0.578303
0.570528
0.562328
0.554601
0.548353
0.544557
0.54395
0.546839
0.552989
0.561674
0.571835
0.58231
0.592
0.600032
0.605806
0.609016
0.609622
0.607847
0.604101
0.598937
0.593006
0.586969
0.58145
0.576956
0.573855
0.572342
0.572433
0.574004
0.576802
0.580496
0.58469
0.588943
0.592792
0.59581
0.597621
0.597958
0.596688
0.593846
0.58965
0.584519
0.579031
0.573869
0.569674
0.566867
0.565571
0.565627
0.566683
0.56833
0.570199
0.572006
0.573595
0.574917
0.575988
0.576839
0.577497
0.577973
0.578218
0.578145
0.577652
0.576633
0.575014
0.572813
0.57017
0.567441
0.565154
0.56393
0.564297
0.566542
0.570675
0.576438
0.583417
0.591112
0.598981
0.606498
0.613157
0.618506
0.622181
0.623964
0.623769
0.621658
0.617834
0.61261
0.606354
0.599481
0.592412
0.585553
0.579264
0.573816
0.569389
0.566037
0.56368
0.562155
0.561236
0.560712
0.560434
0.560338
0.560437
0.560811
0.561583
0.562826
0.564547
0.566611
0.568791
0.570778
0.572228
0.572859
0.572521
0.571227
0.569192
0.566794
0.564524
0.562818
0.561947
0.561911
0.562437
0.563114
0.563515
0.563405
0.562803
0.561946
0.561206
0.560935
0.56132
0.562294
0.563576
0.564721
0.56533
0.565188
0.564365
0.563182
0.56202
0.56108
0.560242
0.559153
0.557498
0.555183
0.552391
0.549484
0.546826
0.544668
0.543124
0.542208
0.541949
0.54244
0.543819
0.546168
0.549444
0.553376
0.557533
0.56144
0.564694
0.567012
0.568257
0.568367
0.567329
0.565119
0.561754
0.557355
0.552186
0.546675
0.541351
0.536743
0.533239
0.53101
0.530035
0.5302
0.5314
0.533603
0.536791
0.540898
0.545721
0.550962
0.5563
0.561475
0.566304
0.570652
0.574376
0.577253
0.579
0.579317
0.577947
0.574722
0.569628
0.562822
0.554632
0.545606
0.536484
0.528142
0.521477
0.517233
0.515845
0.517345
0.521398
0.527461
0.534962
0.543324
0.551956
0.560231
0.567552
0.573413
0.577495
0.579703
0.580125
0.578986
0.576605
0.573343
0.569583
0.565732
0.562181
0.559267
0.55725
0.556246
0.556294
0.557398
0.559573
0.562825
0.567072
0.572056
0.57734
0.582391
0.586711
0.589923
0.591831
0.592437
0.591904
0.590523
0.58864
0.586544
0.584406
0.582244
0.579961
0.577442
0.57464
0.571606
0.568468
0.565371
0.562477
0.559964
0.558022
0.556827
0.556468
0.556918
0.558001
0.559477
0.561115
0.562748
0.564294
0.565722
0.567009
0.568117
0.569018
0.569692
0.570161
0.570527
0.570954
0.571634
0.572748
0.574427
0.576716
0.579484
0.582513
0.585493
0.588069
0.589926
0.590762
0.590332
0.588495
0.58523
0.580692
0.575211
0.569285
0.563526
0.558599
0.555075
0.553355
0.553592
0.555696
0.559419
0.564392
0.570238
0.576602
0.583182
0.589709
0.595928
0.601598
0.606502
0.610452
0.613314
0.61501
0.615557
0.615035
0.613583
0.611358
0.608501
0.605104
0.601225
0.596913
0.592239
0.587343
0.582445
0.577814
0.573757
0.570525
0.568269
0.567
0.566565
0.566715
0.567184
0.567729
0.568212
0.568591
0.568927
0.569326
0.569945
0.570947
0.57247
0.574613
0.577393
0.580713
0.584372
0.588101
0.591597
0.594591
0.596859
0.598259
0.598733
0.598258
0.596853
0.594554
0.591379
0.587334
0.582422
0.576656
0.570072
0.562754
0.554861
0.546671
0.538609
0.531191
0.524964
0.520362
0.517567
0.516456
0.516641
0.517668
0.519192
0.521089
0.5234
0.526242
0.529746
0.534021
0.539166
0.54529
0.552433
0.560496
0.569235
0.578269
0.587166
0.595527
0.603043
0.609502
0.614741
0.618557
0.620697
0.620913
0.619105
0.615409
0.610238
0.604199
0.597978
0.592184
0.587279
0.583529
0.581002
0.579608
0.579118
0.579285
0.579872
0.580691
0.581597
0.582481
0.583215
0.583599
0.583365
0.582192
0.579772
0.575917
0.570676
0.564432
0.557885
0.551954
0.547572
0.545406
0.545681
0.548165
0.552305
0.557422
0.562894
0.568242
0.57312
0.577284
0.580557
0.582789
0.583893
0.583839
0.582698
0.580674
0.578093
0.575357
0.572851
0.570836
0.569393
0.568391
0.567583
0.566719
0.565665
0.56448
0.563419
0.5629
0.563387
0.565234
0.568581
0.573282
0.578858
0.584594
0.589659
0.593294
0.594922
0.594308
0.591595
0.587253
0.581963
0.576463
0.571371
0.567121
0.563971
0.562077
0.561571
0.562537
0.564963
0.568672
0.573309
0.578376
0.583335
0.587738
0.591321
0.594041
0.596029
0.597515
0.598741
0.599897
0.60114
0.602566
0.604227
0.606156
0.608336
0.610687
0.613047
0.615178
0.616784
0.617532
0.617107
0.615275
0.611905
0.607007
0.60075
0.593423
0.585397
0.577108
0.569032
0.561679
0.555555
0.551075
0.548508
0.547913
0.549092
0.551649
0.555057
0.558748
0.562184
0.564895
0.566507
0.566761
0.56551
0.562719
0.558502
0.55314
0.547102
0.540987
0.535427
0.530929
0.527743
0.525772
0.524665
0.523956
0.523263
0.52236
0.521246
0.520104
0.519262
0.519074
0.519857
0.521819
0.525044
0.529479
0.53494
0.541104
0.547456
0.553354
0.558131
0.561248
0.562397
0.561547
0.558924
0.554934
0.550078
0.544885
0.539866
0.535471
0.532086
0.530004
0.529442
0.530512
0.533186
0.537282
0.542496
0.548414
0.554577
0.560523
0.565828
0.570115
0.573125
0.574732
0.574985
0.574077
0.572325
0.570087
0.56767
0.565251
0.56284
0.560298
0.557452
0.55417
0.550462
0.54651
0.542699
0.539525
0.537543
0.537209
0.538827
0.54247
0.547956
0.554858
0.562567
0.570342
0.577414
0.583086
0.586787
0.588135
0.586927
0.583148
0.576909
0.56842
0.558007
0.546113
0.533298
0.520285
0.507936
0.497147
0.488758
0.483481
0.481837
0.484102
0.490193
0.499573
0.511253
0.523999
0.536553
0.547855
0.55714
0.563968
0.568219
0.570039
0.569786
0.567944
0.565035
0.561561
0.557977
0.554694
0.552076
0.550451
0.550134
0.551363
0.554265
0.558813
0.564805
0.571888
0.579573
0.587301
0.594486
0.600577
0.605118
0.607776
0.608405
0.607053
0.604019
0.599802
0.59508
0.590594
0.586963
0.584544
0.583353
0.583124
0.583475
0.584046
0.584635
0.585188
0.58575
0.586354
0.586958
0.587405
0.587433
0.586765
0.585204
0.58275
0.579614
0.576178
0.572933
0.570389
0.56902
0.56921
0.571161
0.574849
0.580008
0.586206
0.592903
0.599547
0.605621
0.610642
0.614158
0.615797
0.615286
0.612493
0.607483
0.600516
0.59207
0.582769
0.573327
0.564453
0.556743
0.550609
0.546203
0.543417
0.541919
0.541242
0.540856
0.540318
0.539364
0.537976
0.536369
0.534849
0.533646
0.532808
0.532217
0.531698
0.531111
0.530342
0.529308
0.527953
0.526293
0.524438
0.522591
0.52101
0.519946
0.519586
0.520038
0.521342
0.523496
0.526449
0.530102
0.534299
0.538782
0.543175
0.547008
0.549763
0.551007
0.55051
0.54836
0.54502
0.541282
0.538096
0.536291
0.536353
0.538382
0.542148
0.547217
0.553073
0.559185
0.565018
0.570055
0.573809
0.575844
0.575836
0.573598
0.569108
0.562504
0.554072
0.544223
0.533482
0.522444
0.511718
0.501866
0.493335
0.486397
0.481136
0.477478
0.475233
0.474139
0.47394
0.474419
0.475458
0.477062
0.479365
0.482512
0.486595
0.491564
0.497197
0.503173
0.509146
0.514791
0.519879
0.524284
0.528003
0.531148
0.533886
0.536369
0.53868
0.540824
0.542717
0.544256
0.545371
0.54608
0.546505
0.546827
0.547226
0.547778
0.548414
0.548889
0.548871
0.548055
0.546261
0.543496
0.539976
0.536074
0.53224
0.528925
0.5265
0.525201
0.525115
0.526213
0.528343
0.531291
0.534814
0.538655
0.542592
0.546438
0.550048
0.553325
0.556213
0.558687
0.560761
0.562453
0.563735
0.564533
0.564693
0.564009
0.562262
0.559315
0.555147
0.5499
0.543871
0.537485
0.531212
0.525488
0.52064
0.516816
0.51397
0.511884
0.510207
0.508535
0.506506
0.503921
0.500876
0.497803
0.495393
0.494355
0.495035
0.497186
0.500042
0.502646
0.504176
0.504162
0.50257
0.499824
0.496791
0.494676
0.494671
0.49753
0.503275
0.51125
0.520473
0.529996
0.53913
0.547439
0.554681
0.560687
0.56531
0.568402
0.569808
0.569423
0.567233
0.563341
0.558009
1.08923
1.07245
1.05118
1.02677
1.00065
0.974222
0.948741
0.925286
0.904672
0.887456
0.873899
0.864063
0.857854
0.854984
0.8549
0.856665
0.858905
0.860083
0.858933
0.85487
0.848208
0.840032
0.831892
0.825389
0.821757
0.821508
0.824369
0.829394
0.83529
0.840681
0.844441
0.845887
0.844785
0.841217
0.835454
0.827827
0.818866
0.809621
0.801977
0.798508
0.801482
0.811638
0.82795
0.848342
0.870513
0.892283
0.911813
0.927782
0.93953
0.947015
0.950686
0.951366
0.950099
0.947978
0.945935
0.944538
0.943977
0.944227
0.945384
0.947707
0.951314
0.9559
0.960803
0.965404
0.969312
0.97238
0.974494
0.975432
0.974776
0.972018
0.966807
0.959271
0.950242
0.941089
0.933116
0.926952
0.922303
0.918272
0.913941
0.908962
0.903893
0.900148
0.899369
0.902626
0.91005
0.921052
0.93467
0.949643
0.964416
0.977405
0.987324
0.993473
0.99578
0.994686
0.990943
0.985326
0.97835
0.970169
0.960731
0.949997
0.938212
0.926042
0.914461
0.904329
0.895997
0.889355
0.884369
0.881254
0.88016
0.880752
0.882274
0.88404
0.885876
0.888162
0.891538
0.896527
0.903281
0.911547
0.920759
0.930157
0.938912
0.946204
0.951322
0.953758
0.953289
0.950018
0.944356
0.936888
0.928176
0.918685
0.908772
0.898805
0.889231
0.880569
0.873388
0.868243
0.865559
0.865537
0.868103
0.872949
0.87958
0.887235
0.894785
0.900774
0.903773
0.902812
0.897728
0.889337
0.879248
0.86945
0.861794
0.857601
0.857451
0.861227
0.868211
0.877299
0.887293
0.897246
0.90669
0.915455
0.923167
0.928874
0.931194
0.929019
0.922081
0.911161
0.897911
0.884381
0.872518
0.863731
0.858665
0.857168
0.858495
0.861587
0.865344
0.868867
0.871584
0.873278
0.874
0.873957
0.873414
0.872661
0.871946
0.871453
0.87132
0.871693
0.872757
0.874667
0.877626
0.881978
0.888246
0.896907
0.907959
0.920625
0.933408
0.944625
0.952941
0.957705
0.95891
0.956997
0.95266
0.946726
0.940034
0.933442
0.927766
0.923711
0.92172
0.92178
0.923356
0.925522
0.9273
0.928006
0.927479
0.926064
0.924431
0.923349
0.923421
0.924863
0.927368
0.930088
0.931888
0.931691
0.928877
0.923483
0.916224
0.908282
0.900879
0.894964
0.891037
0.889338
0.890088
0.89369
0.900637
0.911172
0.924925
0.940814
0.957204
0.972255
0.984282
0.992064
0.994987
0.99304
0.98671
0.976879
0.964621
0.950922
0.936593
0.92217
0.90794
0.894062
0.880742
0.86831
0.857303
0.848508
0.842967
0.8418
0.846009
0.856228
0.872412
0.893456
0.917176
0.94059
0.960672
0.975032
0.982454
0.983033
0.978029
0.96955
0.959993
0.951543
0.945675
0.94296
0.943125
0.945335
0.948569
0.951884
0.954603
0.956368
0.957056
0.956703
0.955463
0.953522
0.95103
0.947853
0.943554
0.937601
0.929805
0.920626
0.911182
0.902868
0.896894
0.893861
0.893543
0.89504
0.897216
0.899138
0.900341
0.90084
0.90094
0.901041
0.901473
0.902481
0.904152
0.906431
0.908974
0.911154
0.912162
0.911422
0.90911
0.906403
0.905066
0.906438
0.910443
0.915654
0.920301
0.923215
0.924126
0.923423
0.921787
0.919879
0.918137
0.916693
0.915455
0.914193
0.912672
0.910725
0.908264
0.905281
0.901847
0.89817
0.894473
0.890923
0.887535
0.884189
0.880602
0.876478
0.871582
0.865882
0.859593
0.853142
0.847069
0.841896
0.837983
0.835519
0.834548
0.83515
0.837531
0.841933
0.848423
0.856688
0.86601
0.87546
0.884089
0.891067
0.895705
0.897456
0.895997
0.891361
0.884092
0.875292
0.866559
0.859716
0.856466
0.858015
0.86473
0.876072
0.890794
0.907273
0.923782
0.938693
0.950573
0.958297
0.961182
0.959121
0.952497
0.942024
0.928497
0.912785
0.895891
0.87926
0.864768
0.854452
0.849956
0.851864
0.859367
0.870534
0.882994
0.894688
0.904274
0.911141
0.915193
0.916609
0.915694
0.912863
0.908644
0.903644
0.898491
0.893724
0.889715
0.886509
0.88368
0.880308
0.875179
0.86708
0.855205
0.839426
0.820433
0.799639
0.779071
0.761417
0.750029
0.748134
0.756957
0.774324
0.795762
0.816997
0.835351
0.849617
0.859372
0.864515
0.865131
0.861592
0.85468
0.845549
0.835523
0.825794
0.817173
0.81001
0.80434
0.800069
0.797245
0.796144
0.797203
0.800726
0.806612
0.814292
0.822961
0.831854
0.840425
0.84842
0.8559
0.863138
0.870493
0.878219
0.886313
0.894527
0.902506
0.90987
0.916259
0.921345
0.924835
0.926505
0.926287
0.924346
0.9211
0.917132
0.913058
0.909392
0.906463
0.904322
0.902777
0.901364
0.899436
0.896239
0.890989
0.882991
0.871839
0.857606
0.841037
0.823579
0.807188
0.79395
0.7855
0.782538
0.784664
0.790646
0.798963
0.808313
0.817888
0.827376
0.836709
0.845753
0.854107
0.86117
0.866297
0.869107
0.869547
0.867935
0.864907
0.861332
0.858214
0.856563
0.85712
0.860127
0.865225
0.871579
0.878183
0.884174
0.889105
0.893057
0.896556
0.900339
0.905034
0.910861
0.917478
0.924011
0.929226
0.9319
0.93125
0.927276
0.920782
0.913063
0.905354
0.898268
0.891701
0.885032
0.877637
0.869221
0.859964
0.85045
0.841505
0.833951
0.828426
0.82533
0.824864
0.827149
0.832193
0.839799
0.849449
0.860341
0.87158
0.882356
0.892055
0.900303
0.906954
0.912075
0.915833
0.918298
0.919312
0.918505
0.915404
0.909698
0.901475
0.891543
0.881516
0.873701
0.870425
0.873067
0.88137
0.893564
0.907271
0.920385
0.931555
0.940066
0.945619
0.948179
0.947944
0.945318
0.94079
0.934905
0.928152
0.920974
0.913749
0.906783
0.900251
0.894176
0.88839
0.882625
0.876608
0.870185
0.863479
0.856914
0.851157
0.846948
0.844913
0.845415
0.848441
0.853654
0.860486
0.868282
0.876441
0.884461
0.891842
0.898036
0.902474
0.904749
0.904857
0.903272
0.900866
0.89857
0.8969
0.895623
0.893697
0.889685
0.882289
0.870794
0.85535
0.837094
0.817993
0.80049
0.786948
0.77912
0.777833
0.782866
0.79313
0.807084
0.823182
0.840204
0.857292
0.873776
0.888998
0.90227
0.912983
0.920648
0.924907
0.925508
0.922311
0.915437
0.905584
0.894382
0.884522
0.878973
0.879437
0.885122
0.893107
0.900246
0.904747
0.906421
0.90593
0.903875
0.900342
0.894956
0.887186
0.876742
0.863764
0.84889
0.833117
0.817569
0.803314
0.791178
0.781603
0.774619
0.769846
0.766619
0.764157
0.761812
0.759289
0.756723
0.754707
0.754101
0.755821
0.76061
0.768939
0.780828
0.795624
0.811969
0.828078
0.84226
0.853263
0.860333
0.863082
0.861418
0.855645
0.846528
0.835173
0.822643
0.809773
0.797368
0.786791
0.78011
0.779512
0.786244
0.799931
0.818777
0.84045
0.86293
0.884902
0.905741
0.925159
0.94273
0.957657
0.968775
0.974869
0.975078
0.969302
0.958437
0.944299
0.929277
0.915676
0.905199
0.898715
0.89633
0.897696
0.902402
0.910153
0.920639
0.933217
0.946699
0.959353
0.969193
0.974317
0.973262
0.965152
0.949879
0.928318
0.90256
0.875876
0.852192
0.834847
0.825407
0.823418
0.827128
0.834547
0.844076
0.854595
0.865249
0.875266
0.883937
0.890677
0.895126
0.89709
0.896522
0.89345
0.888074
0.880985
0.873265
0.866352
0.861537
0.859369
0.859396
0.86047
0.861378
0.861246
0.859678
0.856651
0.852351
0.847092
0.841226
0.835121
0.829109
0.823502
0.818595
0.814798
0.812682
0.812926
0.816087
0.822298
0.831154
0.841837
0.853444
0.865223
0.876694
0.887668
0.898127
0.908097
0.91749
0.926068
0.933397
0.938882
0.941881
0.941774
0.938079
0.930593
0.919533
0.905603
0.890044
0.874569
0.861173
0.851775
0.847824
0.849825
0.857138
0.868127
0.880643
0.892653
0.902735
0.910366
0.915889
0.920059
0.923428
0.925935
0.926946
0.925667
0.921577
0.914686
0.905478
0.894677
0.882973
0.871002
0.859515
0.849629
0.842828
0.84052
0.843275
0.850263
0.859411
0.868126
0.874135
0.876122
0.873992
0.868779
0.862272
0.856379
0.852483
0.851058
0.851714
0.85353
0.855476
0.856791
0.857231
0.857094
0.857077
0.857866
0.859857
0.862973
0.86676
0.870589
0.873919
0.876465
0.878203
0.879342
0.880274
0.881475
0.88334
0.885958
0.889028
0.891855
0.893592
0.893539
0.891471
0.887871
0.883897
0.88106
0.880707
0.883394
0.888573
0.894771
0.900212
0.903428
0.903611
0.900663
0.89504
0.887499
0.878943
0.870299
0.862511
0.8566
0.853649
0.854661
0.860075
0.869343
0.880904
0.892701
0.902847
0.910092
0.913929
0.91445
0.912163
0.907858
0.902504
0.897088
0.892445
0.889022
0.886842
0.885613
0.884975
0.884629
0.884402
0.884242
0.884176
0.884274
0.884614
0.885264
0.886243
0.887511
0.888995
0.890585
0.892102
0.893287
0.893776
0.893151
0.891048
0.88733
0.882203
0.876328
0.870789
0.866862
0.865654
0.867712
0.872842
0.880175
0.888431
0.896206
0.90226
0.905684
0.905943
0.902902
0.896797
0.88811
0.877336
0.86489
0.851163
0.836685
0.822312
0.809344
0.799359
0.794005
0.794548
0.801369
0.813656
0.829597
0.846985
0.863921
0.879239
0.892456
0.903399
0.911829
0.917191
0.918677
0.915566
0.907641
0.895495
0.880584
0.864789
0.849865
0.837172
0.827727
0.822147
0.820439
0.821985
0.825906
0.831564
0.838744
0.847493
0.857699
0.868843
0.880118
0.890582
0.899297
0.90527
0.907439
0.90492
0.897546
0.886706
0.875689
0.868522
0.867288
0.870626
0.875187
0.878112
0.878199
0.875631
0.871336
0.866368
0.861504
0.857091
0.853014
0.848799
0.843791
0.83738
0.829341
0.820186
0.811318
0.804773
0.802608
0.806098
0.814997
0.827487
0.841015
0.853356
0.863251
0.870351
0.87487
0.877442
0.879049
0.880946
0.884414
0.890193
0.898158
0.907504
0.917197
0.926393
0.934511
0.941101
0.945874
0.948719
0.949694
0.94893
0.946534
0.942538
0.937025
0.93027
0.922925
0.916237
0.911982
0.912073
0.917738
0.928614
0.94255
0.956585
1.11068
1.11657
1.11715
1.11324
1.10584
1.09588
1.08412
1.07124
1.0579
1.04478
1.03249
1.02147
1.0119
1.00383
0.997333
0.992718
0.990471
0.991031
0.994395
0.999904
1.00632
1.01228
1.0168
1.01937
1.01981
1.01801
1.01409
1.00857
1.00225
0.995946
0.990106
0.984816
0.979838
0.97478
0.969183
0.962702
0.955199
0.946681
0.937363
0.927735
0.91862
0.910953
0.905342
0.901712
0.899384
0.897651
0.896428
0.896462
0.899041
0.905344
0.915785
0.92983
0.946358
0.964229
0.982619
1.00106
1.01915
1.03622
1.05114
1.06239
1.06844
1.06837
1.06226
1.05138
1.03779
1.02373
1.011
1.0006
0.992989
0.988264
0.986395
0.987132
0.989718
0.992768
0.994671
0.994176
0.990981
0.985843
0.980171
0.975376
0.972276
0.97085
0.970486
0.97066
0.971412
0.973254
0.97653
0.980885
0.985389
0.989195
0.992046
0.994087
0.995439
0.995977
0.995511
0.994023
0.991798
0.989371
0.987184
0.985144
0.98263
0.979146
0.975031
0.971482
0.969898
0.971121
0.975028
0.98072
0.986927
0.992497
0.996812
0.999937
1.00258
1.00573
1.01017
1.01616
1.02329
1.03069
1.03727
1.04199
1.04403
1.04294
1.03864
1.03132
1.02131
1.0091
0.995413
0.981368
0.96838
0.957913
0.951106
0.948575
0.950268
0.955584
0.963481
0.972618
0.981548
0.988979
0.99385
0.995438
0.993388
0.987782
0.979211
0.968795
0.957999
0.948254
0.940444
0.934578
0.930014
0.926151
0.923114
0.922021
0.924443
0.931179
0.941433
0.953278
0.964932
0.975575
0.9852
0.993994
1.00186
1.00826
1.01251
1.01409
1.0128
1.00878
1.00225
0.993324
0.981996
0.968421
0.953098
0.937023
0.921464
0.907629
0.896475
0.888668
0.884519
0.883869
0.88604
0.889974
0.89461
0.899331
0.904193
0.90987
0.917323
0.927331
0.940076
0.95488
0.970248
0.984111
0.994416
0.999797
1.00013
0.996603
0.991296
0.986316
0.983029
0.981691
0.981755
0.982344
0.982717
0.982331
0.980711
0.977458
0.972415
0.965926
0.958853
0.952312
0.947206
0.943854
0.9419
0.940756
0.940262
0.940918
0.943613
0.949023
0.957192
0.967565
0.979262
0.991229
1.00233
1.01145
1.01773
1.02078
1.02077
1.01832
1.01413
1.00867
1.00223
0.995053
0.987578
0.980352
0.973786
0.967864
0.962123
0.955992
0.949213
0.942098
0.935441
0.930101
0.926619
0.925191
0.925879
0.92876
0.933853
0.940913
0.949338
0.958271
0.966868
0.974584
0.981492
0.988398
0.996431
1.00623
1.01741
1.02865
1.03823
1.04454
1.0464
1.04318
1.03496
1.02248
1.00709
0.990527
0.974697
0.961308
0.951602
0.946127
0.94475
0.946869
0.951717
0.958617
0.966977
0.976222
0.985738
0.99492
1.0032
1.01015
1.01543
1.01873
1.01991
1.01903
1.01653
1.01308
1.00941
1.00591
1.00253
0.998761
0.994078
0.988496
0.982873
0.978636
0.976969
0.978131
0.981457
0.985781
0.989878
0.992791
0.993995
0.993576
0.99223
0.991008
0.990892
0.99243
0.995533
0.999587
1.00372
1.00713
1.00932
1.01023
1.01015
1.00954
1.00871
1.00766
1.00597
1.00307
0.998566
0.99254
0.985602
0.978649
0.972387
0.966866
0.961352
0.954558
0.945159
0.93219
0.915322
0.895152
0.873445
0.853079
0.83743
0.829141
0.829072
0.836116
0.847928
0.861995
0.876317
0.88956
0.900854
0.909666
0.915708
0.919007
0.919913
0.91913
0.917598
0.916377
0.916461
0.918615
0.923276
0.930454
0.939658
0.949874
0.959778
0.968069
0.973809
0.976549
0.976229
0.97302
0.967273
0.95958
0.950934
0.942818
0.93703
0.935404
0.939289
0.949132
0.9642
0.982651
1.002
1.01971
1.03361
1.04226
1.04505
1.04228
1.03514
1.02569
1.01642
1.00953
1.00615
1.00605
1.00789
1.00995
1.01062
1.00875
1.00389
0.996396
0.987519
0.979055
0.972748
0.969574
0.969523
0.971992
0.976481
0.982887
0.991272
1.00135
1.01237
1.02319
1.03263
1.0397
1.04392
1.04506
1.04297
1.0375
1.02866
1.01689
1.00327
0.989532
0.977678
0.969458
0.965728
0.966039
0.968653
0.971077
0.971016
0.967412
0.96095
0.953729
0.948216
0.946108
0.947796
0.95259
0.959303
0.966744
0.973939
0.980132
0.984766
0.987452
0.987979
0.98646
0.983471
0.979977
0.977031
0.975456
0.975657
0.977644
0.9811
0.985511
0.990272
0.994834
0.998839
1.00217
1.00482
1.00671
1.00752
1.00661
1.00344
0.997932
0.990736
0.98305
0.97625
0.971378
0.968905
0.968848
0.971243
0.976495
0.985069
0.996636
1.00968
1.02194
1.03136
1.03662
1.03717
1.033
1.02445
1.01199
0.996242
0.978072
0.95883
0.94053
0.925597
0.916012
0.912203
0.912845
0.915684
0.918751
0.921103
0.922891
0.924983
0.928428
0.933924
0.941441
0.950185
0.958798
0.96584
0.97029
0.971854
0.971017
0.96893
0.967154
0.967376
0.970969
0.978534
0.989631
1.00283
1.01618
1.02769
1.0356
1.03852
1.03558
1.02654
1.01201
0.993463
0.973043
0.953018
0.935237
0.920875
0.910365
0.903445
0.899252
0.896627
0.894733
0.893504
0.893507
0.895391
0.899368
0.905153
0.912251
0.920326
0.929239
0.938843
0.948865
0.958996
0.96902
0.978825
0.98818
0.996483
1.0026
1.00514
1.00289
0.995319
0.982814
0.966625
0.948522
0.9302
0.912879
0.897284
0.884178
0.874822
0.870642
0.872291
0.879211
0.890333
0.904942
0.922828
0.943789
0.967093
0.991394
1.01507
1.03662
1.05488
1.0689
1.07794
1.08147
1.07952
1.07268
1.06224
1.04987
1.03728
1.02568
1.01553
1.00657
0.998355
0.990659
0.983885
0.979
0.977041
0.97842
0.982514
0.987885
0.992786
0.995581
0.994898
0.989666
0.979144
0.963019
0.941644
0.916446
0.890501
0.868697
0.856698
0.858267
0.872968
0.896643
0.923854
0.949963
0.971964
0.988627
1.00016
1.0077
1.01274
1.01662
1.02023
1.02376
1.02672
1.02805
1.02646
1.02078
1.01027
0.994901
0.975363
0.953033
0.929777
0.907674
0.888738
0.874591
0.866216
0.863769
0.866521
0.873025
0.881509
0.890257
0.898018
0.904201
0.908994
0.913181
0.9177
0.923197
0.929741
0.936807
0.943559
0.949259
0.953542
0.956494
0.958551
0.960325
0.962372
0.965011
0.968321
0.972257
0.976831
0.98232
0.9893
0.998484
1.0104
1.02501
1.04141
1.05796
1.07256
1.08315
1.08811
1.0866
1.07863
1.06522
1.04826
1.03032
1.01412
1.00202
0.995534
0.995022
0.999816
1.00866
1.0201
1.0328
1.04562
1.05756
1.06765
1.07497
1.07869
1.07824
1.07336
1.06429
1.05185
1.03733
1.02232
1.0083
0.996263
0.986364
0.97799
0.970196
0.962314
0.95445
0.947162
0.940661
0.934326
0.92725
0.919319
0.911711
0.906545
0.905887
0.910978
0.921918
0.937876
0.95745
0.978917
1.00036
1.01974
1.03502
1.04443
1.04701
1.0431
1.03453
1.02387
1.01299
1.00219
0.991005
0.979629
0.96936
0.961732
0.957351
0.9558
0.956377
0.958613
0.962181
0.96663
0.971338
0.975636
0.978954
0.980946
0.981536
0.980868
0.979187
0.976737
0.973823
0.970857
0.968191
0.965901
0.963722
0.961258
0.958274
0.954797
0.951096
0.947549
0.944575
0.942634
0.942141
0.943316
0.946032
0.949795
0.953988
0.958108
0.961987
0.965877
0.970344
0.975943
0.982831
0.990508
0.997876
1.00366
1.00684
1.00701
1.00442
0.999899
0.994711
0.990253
0.987831
0.988385
0.992235
0.998944
1.00733
1.01563
1.02193
1.02455
1.0224
1.01519
1.00338
0.988067
0.970748
0.953125
0.936885
0.923356
0.913337
0.907152
0.904929
0.906649
0.911998
0.920092
0.929456
0.938383
0.945497
0.950164
0.952595
0.953562
0.954003
0.954606
0.955633
0.956886
0.957877
0.95796
0.956625
0.953752
0.949812
0.945865
0.94318
0.942688
0.944548
0.948195
0.952678
0.957011
0.960356
0.962242
0.962688
0.96204
0.960534
0.958029
0.954116
0.948495
0.941242
0.932804
0.923839
0.915115
0.907462
0.901816
0.899217
0.90075
0.907283
0.919039
0.935336
0.954532
0.974446
0.993061
1.00907
1.02213
1.03266
1.04136
1.04867
1.05453
1.05858
1.06057
1.06064
1.05931
1.0571
1.05419
1.05035
1.04518
1.03849
1.03041
1.02143
1.01215
1.00313
0.994777
0.987178
0.980155
0.973523
0.967415
0.962459
0.959675
0.960129
0.964481
0.972689
0.983943
0.996921
1.01013
1.02221
1.03217
1.03938
1.04354
1.04461
1.04279
1.0386
1.03303
1.02744
1.02315
1.02056
1.01888
1.01645
1.01172
1.0038
0.99262
0.978847
0.963868
0.94967
0.938655
0.933146
0.934701
0.94349
0.958074
0.975794
0.9936
1.00889
1.02005
1.02649
1.02852
1.02697
1.02283
1.01694
1.00974
1.0013
0.991462
0.98016
0.967673
0.954759
0.942367
0.931176
0.921396
0.913041
0.906548
0.903112
0.904263
0.91072
0.921494
0.934222
0.946315
0.955991
0.962463
0.965604
0.965518
0.962275
0.95605
0.947316
0.936976
0.926122
0.915697
0.906306
0.898263
0.891643
0.886295
0.881866
0.878072
0.874946
0.872957
0.872855
0.875271
0.88035
0.887622
0.896112
0.904646
0.912226
0.918321
0.922871
0.926051
0.927953
0.928429
0.927371
0.92514
0.922849
0.922115
0.924417
0.930476
0.939941
0.951488
0.963189
0.973107
0.979951
0.983499
0.984499
0.984274
0.984148
0.985053
0.987327
0.990828
0.995243
1.00035
1.00619
1.01298
1.02087
1.02951
1.03801
1.04513
1.0499
1.05196
1.05169
1.04998
1.04775
1.04564
1.04381
1.04204
1.03991
1.03712
1.03356
1.02923
1.02412
1.01806
1.01082
1.00238
0.993241
0.984516
0.977656
0.973901
0.9737
0.976645
0.981769
0.988079
0.994754
1.00113
1.00657
1.01059
1.01297
1.01383
1.01359
1.01277
1.01194
1.01149
1.01147
1.0115
1.01081
1.00854
1.00424
0.99809
0.991008
0.984371
0.979475
0.977013
0.976785
0.977773
0.978505
0.977389
0.97308
0.964943
0.95351
1.0859
1.07067
1.05829
1.05118
1.05051
1.05608
1.0666
1.07999
1.09399
1.10656
1.11619
1.12224
1.12488
1.12494
1.12331
1.12033
1.11548
1.10796
1.09775
1.08642
1.07632
1.06874
1.06289
1.05704
1.05024
1.04301
1.03641
1.03121
1.02791
1.02725
1.0302
1.03733
1.04803
1.06051
1.07243
1.08187
1.08783
1.09015
1.08922
1.08572
1.08063
1.07534
1.07135
1.0698
1.07082
1.07358
1.07697
1.08026
1.08322
1.08588
1.08837
1.09089
1.09379
1.09775
1.10363
1.11209
1.12293
1.13464
1.14453
1.14946
1.1471
1.13708
1.12161
1.10507
1.09154
1.08227
1.07555
1.06887
1.0607
1.05082
1.04
1.02938
1.01978
1.01129
1.00345
0.995669
0.9877
0.979772
0.972596
0.96734
0.965567
0.968954
0.978806
0.995536
1.01829
1.04495
1.07264
1.09823
1.1189
1.13232
1.13667
1.13088
1.11497
1.09082
1.06279
1.03694
1.01849
1.00912
1.00676
1.00812
1.01107
1.01528
1.02141
1.02998
1.04069
1.05235
1.0633
1.07172
1.07603
1.07512
1.06868
1.0572
1.04194
1.02482
1.00819
0.994221
0.984103
0.977595
0.973413
0.970134
0.966949
0.964022
0.9623
0.96307
0.967388
0.975613
0.987238
1.00106
1.01557
1.0294
1.0416
1.05192
1.06075
1.06882
1.07652
1.08359
1.08936
1.09307
1.09403
1.09184
1.08677
1.07993
1.07283
1.06651
1.06121
1.05696
1.05407
1.05309
1.05432
1.05752
1.06183
1.06612
1.06938
1.07088
1.07019
1.06723
1.06219
1.05567
1.04859
1.04196
1.03654
1.03264
1.03026
1.0293
1.0297
1.03147
1.03457
1.03881
1.04406
1.05045
1.0584
1.0682
1.07929
1.09021
1.09919
1.10506
1.10768
1.1078
1.10664
1.10536
1.10483
1.1055
1.10741
1.11021
1.11316
1.11522
1.11527
1.11252
1.10679
1.09852
1.08874
1.07869
1.06966
1.0628
1.05903
1.05879
1.06197
1.06777
1.07493
1.08195
1.08763
1.09129
1.09291
1.09286
1.09167
1.08994
1.08808
1.08626
1.08414
1.08084
1.07527
1.06676
1.05559
1.04311
1.0314
1.02256
1.01821
1.01931
1.0259
1.03685
1.05
1.06301
1.07425
1.08312
1.08984
1.0949
1.09861
1.10092
1.10148
1.09994
1.09619
1.09052
1.08356
1.07628
1.06975
1.06492
1.06245
1.06255
1.06504
1.06958
1.07582
1.08356
1.09251
1.10216
1.11177
1.12048
1.12764
1.13286
1.13599
1.13703
1.13588
1.13229
1.12589
1.11639
1.10382
1.08871
1.07213
1.05518
1.03869
1.02287
1.00746
0.992225
0.977612
0.965193
0.957561
0.957758
0.96818
0.989126
1.01787
1.0495
1.07891
1.10252
1.11874
1.12759
1.13007
1.12765
1.12186
1.11406
1.10542
1.09694
1.08934
1.08285
1.07714
1.07156
1.06561
1.05946
1.05414
1.05107
1.05103
1.05336
1.05601
1.05656
1.05339
1.04612
1.03533
1.02216
1.00778
0.993164
0.978816
0.964871
0.951463
0.939317
0.930082
0.925909
0.928339
0.937418
0.951559
0.968202
0.984649
0.998738
1.00928
1.01602
1.01934
1.01972
1.01747
1.01287
1.00649
0.999589
0.993845
0.990755
0.990876
0.993638
0.997879
1.00272
1.00803
1.01422
1.0216
1.02968
1.03723
1.04279
1.0453
1.04462
1.04148
1.03704
1.03217
1.02694
1.02081
1.01347
1.00565
0.999297
0.996943
1.00067
1.01117
1.02742
1.04698
1.06684
1.08426
1.09745
1.10576
1.10942
1.10914
1.10551
1.09866
1.0883
1.07402
1.05584
1.03485
1.01347
0.995165
0.983266
0.979484
0.98322
0.992367
1.00458
1.01793
1.03094
1.04245
1.05167
1.05818
1.06187
1.06281
1.06137
1.05822
1.05422
1.05009
1.04624
1.04284
1.04029
1.03915
1.0399
1.04245
1.04624
1.05071
1.05579
1.06189
1.06921
1.07678
1.08257
1.0848
1.08321
1.07891
1.07312
1.06616
1.05784
1.04834
1.03888
1.03136
1.02748
1.02799
1.0326
1.04029
1.04984
1.06023
1.07083
1.0814
1.0918
1.10171
1.11043
1.11703
1.12068
1.1208
1.11719
1.10988
1.09922
1.08577
1.07045
1.05441
1.03873
1.02412
1.01071
0.998517
0.988151
0.981121
0.979335
0.984118
0.995625
1.01273
1.0333
1.05485
1.07537
1.09365
1.10924
1.12196
1.13154
1.13744
1.13911
1.1365
1.13047
1.12301
1.11669
1.11366
1.1146
1.11857
1.12337
1.12644
1.12576
1.12046
1.11103
1.099
1.08633
1.07483
1.06554
1.05853
1.05317
1.04889
1.04592
1.04527
1.0479
1.05353
1.06031
1.06581
1.06826
1.06716
1.06288
1.05619
1.04871
1.04382
1.04553
1.05437
1.06547
1.07262
1.07287
1.06687
1.05706
1.04607
1.03629
1.02978
1.02801
1.03129
1.03838
1.04703
1.05492
1.0605
1.06313
1.06273
1.05941
1.05308
1.04352
1.03071
1.01549
1.00003
0.987517
0.981049
0.982313
0.990946
1.00466
1.01998
1.03333
1.04218
1.04578
1.04525
1.04291
1.04112
1.04134
1.04376
1.04781
1.05267
1.05755
1.06183
1.06489
1.06614
1.06511
1.06153
1.05517
1.04579
1.03333
1.01823
1.00168
0.985441
0.971497
0.961363
0.955477
0.952877
0.951396
0.948404
0.942025
0.93215
0.920754
0.911232
0.906966
0.909887
0.919907
0.935337
0.953814
0.973181
0.991879
1.00899
1.02392
1.03596
1.04435
1.04868
1.04936
1.04791
1.04659
1.04742
1.05125
1.05744
1.0642
1.06957
1.07228
1.07224
1.07035
1.06785
1.06562
1.06391
1.06246
1.06083
1.0587
1.05599
1.05275
1.04907
1.04508
1.04098
1.03702
1.03341
1.03019
1.02735
1.02502
1.02369
1.02417
1.02693
1.03157
1.03679
1.04118
1.04415
1.04628
1.04883
1.05278
1.05837
1.0652
1.0725
1.07916
1.08375
1.08476
1.08116
1.07294
1.0615
1.04943
1.03969
1.03421
1.03316
1.03528
1.03923
1.04427
1.05002
1.05567
1.05965
1.06021
1.05641
1.04874
1.03891
1.02903
1.02088
1.01584
1.01488
1.01846
1.02636
1.03765
1.05064
1.06291
1.0718
1.07527
1.07281
1.06613
1.05913
1.05655
1.06162
1.07447
1.09263
1.11272
1.13182
1.14803
1.16042
1.16883
1.17374
1.17594
1.17613
1.17454
1.17067
1.16366
1.15282
1.1381
1.12033
1.10118
1.08269
1.06664
1.05409
1.04534
1.04019
1.03831
1.03946
1.04356
1.05063
1.06064
1.07322
1.08749
1.10195
1.11473
1.12407
1.12858
1.12744
1.12041
1.10781
1.09044
1.0695
1.04641
1.02263
0.999533
0.978338
0.959855
0.944483
0.932485
0.924158
0.919645
0.918328
0.918724
0.919128
0.918464
0.91684
0.91567
0.917439
0.924955
0.94016
0.963118
0.991896
1.02333
1.05399
1.0809
1.10185
1.11554
1.12158
1.12039
1.11308
1.10122
1.08664
1.07119
1.0565
1.04387
1.03416
1.02763
1.02394
1.02221
1.02135
1.02033
1.01847
1.01544
1.01131
1.0065
1.00143
0.996237
0.9906
0.983921
0.975849
0.966672
0.95741
0.949551
0.944694
0.944124
0.948331
0.956599
0.967104
0.977511
0.986007
0.992327
0.998249
1.00705
1.02184
1.04365
1.07082
1.09982
1.1267
1.14832
1.16296
1.17047
1.17208
1.16985
1.16591
1.16181
1.15806
1.15394
1.14778
1.1375
1.1216
1.10019
1.07614
1.05512
1.04282
1.04012
1.0425
1.04495
1.04578
1.04621
1.04817
1.05277
1.06001
1.06922
1.07938
1.08923
1.09764
1.10433
1.11011
1.11638
1.12402
1.13274
1.14134
1.14841
1.1527
1.15332
1.1497
1.14176
1.12999
1.11559
1.10031
1.08613
1.07465
1.06677
1.06274
1.06251
1.06592
1.07255
1.08154
1.09156
1.10121
1.10939
1.11545
1.11918
1.12061
1.11983
1.11689
1.11173
1.10438
1.09519
1.08502
1.07508
1.06661
1.06039
1.05645
1.0541
1.05225
1.04987
1.04642
1.04207
1.03771
1.03458
1.03365
1.03519
1.03849
1.04222
1.04502
1.04621
1.04614
1.04612
1.04791
1.05296
1.06167
1.07289
1.08442
1.09432
1.10179
1.10715
1.11091
1.11295
1.1125
1.10865
1.10091
1.08949
1.07519
1.05918
1.04267
1.02684
1.0129
1.00212
0.995802
0.995117
1.00085
1.0131
1.03101
1.05275
1.0758
1.09746
1.11547
1.12834
1.13555
1.13751
1.13536
1.13068
1.12504
1.11965
1.11497
1.11082
1.10659
1.10165
1.09563
1.08869
1.08168
1.07616
1.07389
1.07589
1.08165
1.08934
1.09682
1.10266
1.10672
1.10993
1.11339
1.11722
1.11994
1.11909
1.11253
1.09946
1.08059
1.05789
1.03409
1.01208
0.994425
0.983024
0.978835
0.981853
0.991411
1.00666
1.0267
1.05038
1.07599
1.10104
1.12216
1.13575
1.13919
1.13185
1.11521
1.09243
1.06758
1.04482
1.02752
1.01755
1.01497
1.01827
1.02501
1.03277
1.03994
1.04604
1.05129
1.0559
1.05959
1.06152
1.06066
1.05629
1.04844
1.03818
1.02746
1.01848
1.01289
1.01131
1.01336
1.01803
1.02402
1.03028
1.03629
1.04229
1.04909
1.05735
1.06674
1.07584
1.08297
1.08716
1.08839
1.08737
1.08504
1.08229
1.07978
1.07772
1.07596
1.07437
1.07337
1.07383
1.07651
1.08153
1.08827
1.09545
1.10141
1.10449
1.10331
1.09707
1.08567
1.06969
1.05028
1.0291
1.00827
0.990033
0.976475
0.969212
0.968951
0.975067
0.98542
0.996817
1.00599
1.01064
1.00995
1.00461
0.996399
0.987601
0.980527
0.976985
0.977856
0.982858
0.990822
1.00049
1.01113
1.02256
1.03454
1.04639
1.05715
1.06606
1.07297
1.07822
1.08238
1.08594
1.08938
1.09315
1.09753
1.1023
1.10648
1.10851
1.10664
1.09939
1.08596
1.06659
1.04297
1.01841
0.997305
0.983704
0.979692
0.984833
0.996983
1.01378
1.03334
1.05413
1.07459
1.09295
1.10733
1.11603
1.11783
1.11225
1.09975
1.08209
1.06237
1.04434
1.03085
1.023
1.02067
1.02339
1.10705
1.11723
1.12967
1.14391
1.15944
1.1756
1.19132
1.20527
1.21604
1.22241
1.2235
1.2189
1.20918
1.1965
1.18442
1.17611
1.17196
1.16928
1.16458
1.15564
1.14202
1.12479
1.106
1.08816
1.0736
1.06378
1.05908
1.05908
1.06305
1.0703
1.07998
1.09075
1.10077
1.10818
1.1119
1.11229
1.11096
1.11003
1.1112
1.1151
1.12141
1.12928
1.13789
1.14675
1.15584
1.16544
1.17587
1.18702
1.19803
1.20739
1.2135
1.21528
1.21259
1.2062
1.19737
1.18743
1.1775
1.1683
1.16024
1.15341
1.14775
1.14303
1.13885
1.13442
1.12838
1.11895
1.10457
1.08487
1.06153
1.03838
1.02018
1.01036
1.00939
1.01498
1.02387
1.03351
1.04261
1.05094
1.05905
1.06776
1.07787
1.08972
1.103
1.11693
1.13046
1.14269
1.15315
1.16204
1.1698
1.17629
1.18015
1.17943
1.17284
1.16062
1.14432
1.12612
1.10816
1.09213
1.07915
1.06982
1.06431
1.06245
1.06392
1.0683
1.07479
1.08209
1.08866
1.0931
1.09431
1.09158
1.08443
1.07292
1.05799
1.0418
1.02756
1.01845
1.0166
1.02271
1.03644
1.05641
1.08006
1.10405
1.12555
1.1429
1.15552
1.16346
1.16718
1.16763
1.16615
1.16408
1.16227
1.16074
1.15879
1.15538
1.14973
1.14194
1.13316
1.12531
1.12035
1.11942
1.12238
1.1281
1.13504
1.14181
1.14753
1.15199
1.15561
1.15919
1.16334
1.16789
1.17152
1.17194
1.16668
1.15402
1.13386
1.10817
1.08093
1.05712
1.04068
1.03295
1.03253
1.03681
1.04337
1.05077
1.05856
1.06707
1.07706
1.08922
1.10355
1.11866
1.13197
1.14046
1.14191
1.13558
1.12254
1.10532
1.08732
1.07183
1.06105
1.05548
1.05423
1.05601
1.06009
1.06642
1.07529
1.08678
1.10051
1.11553
1.13051
1.14406
1.15505
1.16293
1.16775
1.16997
1.17014
1.16871
1.1659
1.16169
1.15599
1.1489
1.14081
1.13238
1.12407
1.11607
1.10857
1.10209
1.09749
1.09562
1.09697
1.10168
1.10943
1.1196
1.13117
1.14279
1.15288
1.15999
1.1631
1.16179
1.15627
1.14715
1.13526
1.12134
1.10593
1.08909
1.07046
1.05013
1.03025
1.01587
1.0124
1.02077
1.03681
1.05545
1.07385
1.09117
1.10716
1.12148
1.13379
1.14384
1.15165
1.15741
1.16144
1.16406
1.16547
1.16571
1.16486
1.16333
1.16212
1.1626
1.16597
1.17267
1.18237
1.19401
1.20607
1.21655
1.22328
1.22424
1.21792
1.2037
1.18237
1.15666
1.13139
1.11226
1.10255
1.10054
1.10094
1.09906
1.09348
1.08638
1.08205
1.08449
1.09466
1.10977
1.12524
1.13749
1.14529
1.14953
1.15183
1.15326
1.15383
1.15309
1.15107
1.14856
1.14662
1.14595
1.1466
1.14825
1.15078
1.15432
1.15874
1.16337
1.1672
1.16951
1.17022
1.16977
1.16867
1.16704
1.16444
1.16009
1.15327
1.14374
1.13194
1.11896
1.10628
1.09543
1.08752
1.08305
1.08196
1.08393
1.08851
1.09533
1.10425
1.11542
1.12891
1.14431
1.16044
1.17551
1.18743
1.19439
1.19513
1.18926
1.17741
1.16136
1.14386
1.12821
1.11738
1.11307
1.11508
1.12142
1.129
1.13464
1.13608
1.13266
1.12571
1.11819
1.11335
1.11296
1.11625
1.12068
1.12387
1.12537
1.12709
1.13141
1.13847
1.14552
1.14916
1.14769
1.1417
1.13351
1.12582
1.12034
1.11704
1.11475
1.11225
1.10874
1.1036
1.09605
1.08554
1.07273
1.0601
1.05173
1.0518
1.06242
1.0821
1.10622
1.12915
1.1465
1.15632
1.15937
1.1584
1.15624
1.15365
1.1492
1.1415
1.13139
1.12176
1.11567
1.11442
1.11707
1.12143
1.12556
1.12841
1.12958
1.12874
1.1257
1.12067
1.11447
1.10822
1.10284
1.099
1.09728
1.09812
1.10156
1.1071
1.11406
1.12218
1.13182
1.14375
1.15848
1.1757
1.19408
1.21169
1.2265
1.23667
1.24063
1.23722
1.2259
1.20722
1.18299
1.15579
1.12802
1.10116
1.07615
1.0543
1.03738
1.02677
1.02286
1.02505
1.03206
1.04209
1.05298
1.06295
1.07113
1.07771
1.08356
1.08959
1.09639
1.10395
1.11211
1.12098
1.13109
1.14323
1.15802
1.17527
1.19372
1.21116
1.22499
1.23299
1.23392
1.22775
1.21554
1.19899
1.17989
1.15943
1.13819
1.1166
1.09575
1.07758
1.06436
1.05772
1.05833
1.06616
1.08054
1.09985
1.12129
1.14143
1.15727
1.16692
1.16944
1.16451
1.15224
1.13323
1.10877
1.08098
1.0526
1.0266
1.00544
0.990566
0.982269
0.980048
0.98311
0.990726
1.00239
1.01773
1.03644
1.0581
1.08204
1.10707
1.13168
1.15437
1.17415
1.19063
1.20357
1.21246
1.21631
1.21408
1.20536
1.19103
1.17329
1.15508
1.13905
1.12693
1.11973
1.11789
1.12088
1.12661
1.13172
1.13283
1.12749
1.11464
1.09472
1.06954
1.04192
1.01519
0.993088
0.979585
0.978035
0.989564
1.0124
1.04312
1.07828
1.11506
1.15082
1.18264
1.20746
1.22259
1.22632
1.21845
1.20069
1.1767
1.15129
1.12875
1.11112
1.09802
1.08796
1.07985
1.07367
1.07005
1.06953
1.07202
1.07683
1.08287
1.08893
1.09394
1.0972
1.09841
1.09766
1.09542
1.0928
1.09162
1.09397
1.1012
1.11295
1.12704
1.14003
1.14828
1.149
1.14091
1.12473
1.10303
1.07986
1.05997
1.04757
1.04522
1.05306
1.06894
1.08944
1.11105
1.1311
1.14778
1.1595
1.16457
1.16164
1.15042
1.13237
1.11046
1.08861
1.07064
1.05912
1.05478
1.05648
1.06193
1.06859
1.07424
1.07723
1.0765
1.07174
1.06372
1.05477
1.04897
1.05073
1.06206
1.08109
1.10364
1.12595
1.14567
1.16147
1.1726
1.17892
1.18104
1.18003
1.17706
1.1729
1.16793
1.16243
1.15696
1.15246
1.14986
1.14957
1.15112
1.15331
1.15455
1.15354
1.14965
1.14318
1.13529
1.12758
1.12145
1.11762
1.11612
1.11683
1.11968
1.12446
1.13039
1.13603
1.13959
1.13941
1.13424
1.12354
1.10836
1.09208
1.07982
1.0757
1.08024
1.09049
1.10232
1.1122
1.11799
1.11929
1.11763
1.11559
1.11501
1.11548
1.1147
1.11011
1.1002
1.08496
1.066
1.0464
1.03012
1.02081
1.02047
1.0285
1.04206
1.05751
1.07206
1.08448
1.09471
1.10297
1.10939
1.11394
1.11672
1.11821
1.11915
1.1203
1.1221
1.12472
1.12821
1.13267
1.13823
1.14486
1.15228
1.16
1.16741
1.17387
1.17886
1.18189
1.18248
1.18034
1.17579
1.16995
1.16444
1.16066
1.15905
1.15854
1.1568
1.1512
1.14013
1.12367
1.10347
1.0824
1.06376
1.05052
1.04443
1.04569
1.05308
1.06461
1.07814
1.09184
1.10465
1.11644
1.12788
1.13993
1.15318
1.16745
1.1817
1.1942
1.20293
1.20611
1.20278
1.19296
1.17759
1.1585
1.13807
1.11876
1.10271
1.09137
1.08524
1.08352
1.08404
1.08386
1.08069
1.07425
1.06674
1.06188
1.06277
1.07001
1.08184
1.09586
1.11017
1.12298
1.13206
1.13525
1.13156
1.12151
1.10641
1.08762
1.0665
1.04498
1.02615
1.01423
1.01341
1.02571
1.04964
1.08084
1.114
1.14452
1.169
1.18536
1.19268
1.19109
1.18188
1.16747
1.15108
1.13585
1.12372
1.11498
1.10846
1.1023
1.09475
1.08471
1.0721
1.0579
1.04394
1.03248
1.02554
1.02412
1.0279
1.03572
1.04634
1.05877
1.0721
1.08523
1.0968
1.10559
1.11088
1.11254
1.11091
1.10658
1.10024
1.09277
1.08532
1.07909
1.07511
1.07384
1.07515
1.07835
1.0826
1.08708
1.09117
1.09447
1.09673
1.0979
1.09807
1.0974
1.09609
1.09431
1.09226
1.0903
1.08906
1.08949
1.09277
1.0998
1.11057
1.12379
1.13724
1.14859
1.15606
1.15875
1.15647
1.14982
1.14014
1.12947
1.11987
1.11279
1.10897
1.10909
1.11376
1.12269
1.13379
1.14368
1.14932
1.14932
1.14409
1.13508
1.12404
1.11251
1.10213
1.09507
1.094
1.10094
1.1156
1.13505
1.15518
1.17258
1.18517
1.19196
1.19267
1.18778
1.17886
1.1685
1.15927
1.15185
1.14447
1.13462
1.12117
1.10507
1.08878
1.07488
1.06504
1.05971
1.05877
1.0625
1.07154
1.08587
1.10401
1.12314
1.13985
1.15099
1.15429
1.1489
1.13577
1.11778
1.09893
1.08295
1.07178
1.06524
1.06212
1.06142
1.0629
1.06684
1.0736
1.08341
1.09638
1.11227
1.13033
1.14914
1.16673
1.18113
1.19103
1.19634
1.19797
1.1974
1.19604
1.19499
1.19482
1.19534
1.19587
1.1957
1.19449
1.19204
1.18795
1.18151
1.17208
1.15956
1.14466
1.1289
1.11426
1.10267
1.09551
1.09321
1.09526
1.10044
1.10729
1.11445
1.12077
1.12538
1.12781
1.12782
1.12545
1.12081
1.11402
1.10542
1.09574
1.08606
1.07745
1.07054
1.06526
1.06105
1.05714
1.0529
1.04801
1.04241
1.03612
1.02939
1.02294
1.0179
1.01544
1.01622
1.02033
1.02779
1.03891
1.05398
1.07263
1.09339
1.11387
1.13143
1.14379
1.14959
1.1485
1.14118
1.12907
1.11427
1.0994
1.08729
1.0806
1.08103
1.0887
1.10202
1.11811
1.13372
1.14608
1.15354
1.15576
1.1535
1.14816
1.14139
1.13488
1.13009
1.12805
1.12907
1.13256
1.13712
1.14095
1.14235
1.14035
1.13501
1.12736
1.11907
1.11176
1.10647
1.10341
1.10227
1.10257
1.10395
1.10618
1.10915
1.11288
1.11737
1.12233
1.12707
1.13062
1.13191
1.13008
1.1246
1.11558
1.10396
1.0915
1.0805
1.0735
1.07276
1.07951
1.09322
1.11137
1.13054
1.1478
1.16158
1.17173
1.17903
1.18433
1.18799
1.1898
1.18916
1.18538
1.17783
1.16636
1.15165
1.13548
1.12049
1.10923
1.1031
1.09923
1.10081
1.10214
1.10118
1.09729
1.09125
1.08463
1.07921
1.07642
1.07713
1.08159
1.08939
1.0993
1.10927
1.11673
1.11934
1.11576
1.10621
1.09241
1.07694
1.06244
1.05135
1.04547
1.04513
1.04869
1.05319
1.05582
1.05532
1.05256
1.0502
1.05148
1.05879
1.07276
1.09224
1.11493
1.13799
1.15882
1.17552
1.18711
1.19354
1.19538
1.19349
1.18873
1.18198
1.1743
1.16713
1.16223
1.16085
1.16287
1.1668
1.17068
1.17285
1.17222
1.1682
1.16082
1.15084
1.13981
1.12965
1.12209
1.11787
1.11635
1.11583
1.11449
1.11136
1.10676
1.10197
1.09857
1.09772
1.0999
1.10491
1.11224
1.12122
1.13084
1.13968
1.14614
1.14916
1.14897
1.14716
1.14596
1.14694
1.15012
1.15391
1.15627
1.15567
1.15166
1.14467
1.13572
1.12616
1.11752
1.11118
1.10792
1.10745
1.10845
1.10887
1.10675
1.10083
1.09088
1.07762
1.06247
1.04723
1.03367
1.02321
1.01661
1.01387
1.01442
1.01753
1.02269
1.02973
1.03861
1.04923
1.06124
1.07408
1.08701
1.09904
1.10915
1.11674
1.12202
1.12582
1.12887
1.13113
1.13187
1.13083
1.12959
1.13108
1.13635
1.14232
1.14404
1.13848
1.12575
1.1078
1.08687
1.06508
1.04528
1.03183
1.0292
1.03882
1.0574
1.07922
1.0994
1.11516
1.12546
1.13027
1.1302
1.12619
1.1194
1.11089
1.10164
1.09251
1.08399
1.07588
1.06743
1.05818
1.04897
1.04235
1.04187
1.05021
1.06735
1.09051
1.11572
1.13974
1.16106
1.18011
1.1987
1.21891
1.24159
1.26537
1.28683
1.30204
1.30807
1.30399
1.29087
1.27137
1.2489
1.22653
1.20609
1.1878
1.17083
1.15432
1.13844
1.12448
1.11405
1.10785
1.10525
1.10458
1.10397
1.10179
1.09713
1.09001
1.08144
1.07309
1.06647
1.06226
1.05993
1.05818
1.05579
1.05235
1.04856
1.04573
1.04508
1.04726
1.05242
1.06056
1.07151
1.08457
1.09819
1.11011
1.1181
1.12054
1.1167
1.10674
1.09148
1.07245
1.05198
1.033
1.0184
1.01006
1.00811
1.01102
1.01643
1.02206
1.02646
1.02939
1.03196
1.0359
1.04258
1.05207
1.06285
1.07248
1.07876
1.08082
1.07955
1.07735
1.07717
1.08117
1.08967
1.10111
1.11284
1.12221
1.12724
1.12705
1.12193
1.11348
1.10445
1.0978
1.09523
1.09658
1.10067
1.10646
1.11351
1.12192
1.13214
1.14461
1.15931
1.17532
1.19108
1.20502
1.21603
1.22345
1.22697
1.22658
1.22248
1.2148
1.20332
1.18768
1.16797
1.14543
1.12274
1.1034
1.09038
1.08483
1.08577
1.09098
1.09802
1.10472
1.10951
1.11139
1.10983
1.10475
1.09658
1.08644
1.0761
1.06766
1.06313
1.06361
1.0685
1.07555
1.08191
1.08532
1.08501
1.08182
1.07783
1.07559
1.07716
1.08338
1.09356
1.10569
1.11697
1.12453
1.12642
1.12307
1.11868
1.12007
1.13132
1.14917
1.16597
1.17597
1.17775
1.1729
1.16416
1.15417
1.1449
1.13745
1.13215
1.12887
1.12747
1.12805
1.13094
1.13629
1.14351
1.15099
1.15647
1.1577
1.15321
1.1428
1.12769
1.11028
1.09352
1.08016
1.07213
1.07033
1.07472
1.08445
1.09811
1.11389
1.12976
1.14397
1.15549
1.16432
1.17109
1.17614
1.17884
1.1779
1.17225
1.16203
1.14891
1.13592
1.12678
1.12457
1.13025
1.14177
1.1548
1.16463
1.16792
1.16366
1.1529
1.13789
1.1211
1.10437
1.08874
1.0748
1.06309
1.05423
1.04862
1.04586
1.04453
1.04273
1.03902
1.03342
1.02755
1.02377
1.02403
1.02925
1.03935
1.05319
1.06863
1.08307
1.09434
1.10129
1.10391
1.10291
1.09924
1.0937
1.08672
1.07847
1.06926
1.05997
1.05243
1.0492
1.0527
1.06407
1.08264
1.1062
1.1316
1.15531
1.17385
1.18426
1.18465
1.17452
1.15498
1.12874
1.09985
1.07318
1.05332
1.04333
1.04397
1.05423
1.07225
1.09553
1.12068
1.14391
1.16213
1.17341
1.17691
1.17266
1.16176
1.14647
1.12979
1.11476
1.10368
1.09777
1.09713
1.10074
1.10662
1.11228
1.11536
1.11468
1.11085
1.10625
1.10364
1.10425
1.10746
1.11204
1.11727
1.12317
1.12992
1.1373
1.14444
1.15006
1.15282
1.15175
1.14655
1.13758
1.12577
1.11251
1.09966
1.08928
1.0833
1.08301
1.08873
1.09983
1.11478
1.13149
1.14765
1.16132
1.17123
1.17697
1.17888
1.17799
1.17574
1.17345
1.17149
1.16897
1.16407
1.15491
1.14048
1.1212
1.0989
1.0763
1.05614
1.0401
1.02843
1.0204
1.01489
1.01103
1.00848
1.00766
1.0094
1.01453
1.02347
1.03624
1.05259
1.07172
1.09202
1.11119
1.12689
1.13746
1.14204
1.14044
1.13286
1.1197
1.10158
1.07969
1.05645
1.03599
1.02321
1.02106
1.02827
1.04005
1.05126
1.05883
1.06234
1.06324
1.06346
1.06432
1.06621
1.06891
1.07215
1.07615
1.08161
1.08922
1.0994
1.11263
1.12929
1.14837
1.16672
1.1803
1.18628
1.18415
1.1758
1.16486
1.15505
1.14801
1.14253
1.13614
1.12724
1.11612
1.10439
1.09412
1.08702
1.08414
1.08584
1.09181
1.10119
1.11276
1.12518
1.1371
1.14728
1.15471
1.1587
1.15907
1.15628
1.15147
1.14632
1.14254
1.14123
1.14239
1.14499
1.14739
1.14789
1.14517
1.13866
1.12875
1.11671
1.10445
1.09391
1.08624
1.08113
1.07707
1.07243
1.06666
1.06068
1.05644
1.05597
1.06053
1.07032
1.08476
1.10276
1.1229
1.14358
1.16315
1.1801
1.19317
1.2016
1.20534
1.2051
1.20214
1.19773
1.19254
1.18641
1.17872
1.16916
1.15835
1.14799
1.14026
1.1371
1.13943
1.14684
1.15772
1.16989
1.18124
1.19016
1.1957
1.19732
1.19473
1.18776
1.17642
1.16118
1.14306
1.1236
1.10441
1.08663
1.07051
1.05587
1.04329
1.03531
1.03503
1.04218
1.05204
1.05956
1.06304
1.06358
1.06286
1.06203
1.06196
1.06368
1.06818
1.076
1.08684
1.09962
1.11285
1.12519
1.1358
1.14435
1.15079
1.15494
1.15647
1.15498
1.15034
1.14302
1.13427
1.12575
1.11883
1.11404
1.11089
1.10828
1.10498
1.09998
1.09284
1.08404
1.07539
1.06967
1.06957
1.07601
1.08743
1.10039
1.11113
1.11689
1.11646
1.11014
1.09949
1.08671
1.07418
1.06399
1.05753
1.05496
1.05495
1.05544
1.05495
1.05325
1.05078
1.0477
1.04362
1.03823
1.03241
1.02865
1.03045
1.04072
1.06008
1.08624
1.11498
1.14187
1.16355
1.17847
1.18683
1.18977
1.18809
1.18156
1.16961
1.15246
1.13181
1.11054
1.09198
1.07918
1.0741
1.07704
1.08661
1.10032
1.11531
1.12895
1.13882
1.14297
1.1402
1.13072
1.11651
1.10081
1.08666
1.07565
1.06783
1.06249
1.05933
1.05874
1.06155
1.06838
1.0792
1.0933
1.10933
1.12562
1.14043
1.1522
1.15981
1.16277
1.16124
1.15551
1.14557
1.13109
1.11211
1.08981
1.06672
1.04612
1.03094
1.02289
1.02192
1.02648
1.03447
1.04416
1.05472
1.06627
1.07972
1.09597
1.1152
1.13635
1.15713
1.17474
1.18676
1.19196
1.19045
1.18347
1.17285
1.16044
1.1478
1.13621
1.12691
1.12111
1.11964
1.12233
1.12772
1.13351
1.13729
1.13725
1.13259
1.1236
1.11157
1.09846
1.08665
1.07859
1.07635
1.08082
1.09079
1.10302
1.11354
1.11911
1.1179
1.10952
1.09475
1.07523
1.05324
1.03165
1.01384
1.00327
1.00242
1.01149
1.02807
1.04824
1.0682
1.08548
1.09955
1.11167
1.12387
1.13722
1.15056
1.16098
1.1654
1.16193
1.15038
1.13222
1.11021
1.08766
1.06746
1.05155
1.04096
1.03622
1.03742
1.04396
1.0545
1.06741
1.08118
1.09444
1.10594
1.11499
1.12173
1.12703
1.13214
1.13811
1.14534
1.1534
1.16103
1.16661
1.1686
1.16603
1.1587
1.14735
1.13357
1.11956
1.1075
1.09891
1.09434
1.0936
1.0962
1.10174
1.10985
1.1201
1.13193
1.14456
1.15698
1.16806
1.17668
1.18192
1.1833
1.18081
1.17471
1.16527
1.1527
1.13752
1.12108
1.10563
1.09355
1.08635
1.08413
1.0858
1.08976
1.09451
1.09882
1.10164
1.10208
1.09957
1.0944
1.08785
1.08151
1.07641
1.07274
1.07048
1.06982
1.0711
1.07448
1.07988
1.087
1.09545
1.10467
1.11417
1.12376
1.13371
1.14449
1.15618
1.1681
1.17893
1.18709
1.19136
1.19161
1.18893
1.18525
1.18255
1.18199
1.18343
1.18557
1.18651
1.1844
1.17798
1.16685
1.15156
1.13332
1.1137
1.0944
1.07701
1.06272
1.05202
1.04518
1.04296
1.0467
1.05743
1.07474
1.0966
1.11982
1.14112
1.15797
1.16913
1.17476
1.17605
1.17464
1.17195
1.16864
1.16466
1.15978
1.15404
1.14783
1.14142
1.13471
1.12735
1.11907
1.11001
1.10079
1.09242
1.08608
1.08273
1.08273
1.08558
1.08994
1.09399
1.09597
1.09488
1.09104
1.08614
1.0829
1.08403
1.09098
1.10305
1.11755
1.13096
1.14024
1.14367
1.14105
1.13356
1.12345
1.11346
1.10615
1.10297
1.10392
1.10763
1.11218
1.11604
1.11864
1.12026
1.12155
1.12304
1.12491
1.12709
1.12938
1.13151
1.13322
1.13442
1.13513
1.1354
1.13509
1.13375
1.13066
1.12505
1.11623
1.10393
1.08843
1.07091
1.05334
1.03829
1.02825
1.02486
1.02818
1.03673
1.04832
1.06109
1.07416
1.08774
1.10244
1.11859
1.13578
1.153
1.16897
1.18244
1.1922
1.19693
1.1954
1.18684
1.17158
1.15143
1.12959
1.1096
1.09402
1.08383
1.07904
1.07941
1.08444
1.09313
1.10391
1.11492
1.12429
1.13062
1.13327
1.1326
1.12976
1.1263
1.12377
1.12347
1.12628
1.10615
1.11501
1.12468
1.13367
1.1411
1.14658
1.14993
1.15089
1.14905
1.14392
1.13514
1.12271
1.1072
1.08992
1.07266
1.05741
1.04577
1.03849
1.03525
1.03516
1.03755
1.04248
1.05051
1.06187
1.07574
1.09007
1.10234
1.11065
1.11445
1.11451
1.11241
1.10984
1.10812
1.1081
1.1101
1.11407
1.1197
1.1266
1.13433
1.1423
1.14967
1.15554
1.15909
1.15981
1.15756
1.15243
1.14465
1.13462
1.12311
1.11118
1.09986
1.08982
1.08128
1.07417
1.06847
1.0643
1.06198
1.06198
1.06487
1.07124
1.08137
1.09463
1.10931
1.12289
1.13286
1.13746
1.13628
1.13023
1.12133
1.1122
1.10564
1.10393
1.10822
1.11799
1.13123
1.14523
1.15757
1.16671
1.17219
1.17434
1.17405
1.17233
1.17021
1.16867
1.16876
1.17161
1.17823
1.18902
1.20331
1.21944
1.2353
1.24899
1.25915
1.26489
1.26546
1.26008
1.248
1.22913
1.20461
1.17703
1.14996
1.12681
1.10978
1.09946
1.09513
1.09532
1.09847
1.10344
1.10988
1.11788
1.12724
1.1372
1.14676
1.15539
1.16324
1.1707
1.17796
1.18458
1.18934
1.19033
1.18528
1.17228
1.15049
1.12112
1.08781
1.056
1.03103
1.01598
1.01096
1.01417
1.02305
1.03507
1.04811
1.0607
1.07228
1.0832
1.09421
1.10573
1.11739
1.12817
1.13693
1.14277
1.14501
1.14281
1.13499
1.12035
1.09852
1.07094
1.04153
1.0163
1.0011
0.998514
1.00641
1.01965
1.03305
1.04332
1.04946
1.05216
1.05304
1.05387
1.05598
1.05987
1.06515
1.07087
1.07618
1.08099
1.08606
1.09229
1.09991
1.10807
1.11524
1.11985
1.12087
1.11813
1.11248
1.10549
1.09906
1.09471
1.09314
1.09409
1.0967
1.09979
1.10255
1.10506
1.10853
1.11456
1.12387
1.13548
1.14715
1.15687
1.16383
1.16836
1.17113
1.1723
1.17141
1.16813
1.16307
1.1581
1.15523
1.15505
1.15605
1.15575
1.15214
1.14444
1.13297
1.11884
1.1035
1.08838
1.07484
1.06411
1.05687
1.05273
1.05007
1.04682
1.04158
1.03446
1.02713
1.02199
1.02103
1.02508
1.03363
1.04511
1.05735
1.06812
1.07567
1.07916
1.07878
1.07546
1.07048
1.06523
1.06099
1.05866
1.0585
1.06005
1.06221
1.06347
1.06222
1.05731
1.0488
1.03882
1.03157
1.03112
1.03814
1.0495
1.06143
1.07202
1.08143
1.09081
1.1014
1.11375
1.12736
1.14067
1.15159
1.15833
1.16015
1.1576
1.15205
1.14504
1.13775
1.13094
1.12517
1.12102
1.11927
1.1207
1.12557
1.133
1.1411
1.1476
1.15074
1.14983
1.14532
1.13856
1.13117
1.12448
1.11913
1.11497
1.11136
1.10754
1.10306
1.09815
1.09367
1.09069
1.08976
1.09071
1.09283
1.09544
1.09811
1.10054
1.10228
1.1026
1.10067
1.0959
1.08829
1.07848
1.06748
1.05615
1.04489
1.03357
1.0219
1.01022
0.999997
0.993809
0.994657
1.00475
1.0244
1.05173
1.08333
1.11518
1.14352
1.1654
1.17902
1.18377
1.18017
1.16952
1.15362
1.1344
1.11376
1.09367
1.07621
1.0635
1.05719
1.05788
1.06489
1.07654
1.09071
1.10555
1.11969
1.13208
1.14153
1.14681
1.14718
1.14268
1.13422
1.1232
1.11111
1.09939
1.08928
1.08188
1.07805
1.07825
1.08242
1.09
1.10003
1.11145
1.12333
1.13503
1.14618
1.15663
1.16626
1.17504
1.18271
1.18857
1.19136
1.18927
1.18041
1.1635
1.13899
1.10988
1.08103
1.05658
1.03789
1.02421
1.01457
1.00833
1.00455
1.00203
1.0005
1.00138
1.00712
1.01936
1.03725
1.05741
1.07578
1.08969
1.09855
1.10335
1.10573
1.10704
1.10769
1.10715
1.10431
1.09839
1.08984
1.08081
1.0748
1.0754
1.0846
1.10192
1.12492
1.15049
1.17594
1.19922
1.21895
1.23413
1.24425
1.24927
1.24976
1.24689
1.2421
1.23654
1.23057
1.2236
1.21436
1.20148
1.18407
1.1622
1.13679
1.10962
1.08314
1.06049
1.04511
1.03951
1.04396
1.05634
1.07332
1.0919
1.11036
1.12811
1.14495
1.16024
1.17261
1.1803
1.1821
1.17792
1.16881
1.15633
1.14177
1.12599
1.10977
1.0941
1.08004
1.06851
1.06019
1.05574
1.05541
1.05861
1.06377
1.0689
1.07244
1.07374
1.07298
1.07067
1.0674
1.0639
1.06117
1.06025
1.06175
1.06574
1.07219
1.08107
1.09196
1.10353
1.1135
1.11914
1.11824
1.10995
1.09524
1.07694
1.05942
1.04738
1.04378
1.04852
1.0588
1.07085
1.08157
1.08924
1.09341
1.09454
1.09346
1.0909
1.08717
1.08222
1.07592
1.06843
1.06034
1.0525
1.04566
1.04011
1.0355
1.03107
1.02621
1.02123
1.01781
1.01839
1.02496
1.03782
1.0555
1.07568
1.09649
1.11703
1.13682
1.15483
1.16935
1.17896
1.18336
1.18353
1.1813
1.17838
1.17527
1.17095
1.16387
1.15326
1.13971
1.12511
1.11215
1.10359
1.1012
1.10482
1.11235
1.12079
1.12756
1.13118
1.13138
1.12862
1.12359
1.11693
1.10896
1.09954
1.08788
1.07283
1.05392
1.03284
1.01433
1.00526
1.01195
1.0366
1.07568
1.12155
1.16612
1.20333
1.22979
1.24431
1.24722
1.23992
1.2246
1.20386
1.17992
1.15436
1.12829
1.10325
1.08159
1.06577
1.05721
1.05576
1.06021
1.06913
1.08127
1.0955
1.11056
1.12511
1.13808
1.14892
1.15758
1.16445
1.17019
1.17533
1.17991
1.18341
1.18506
1.18454
1.18228
1.17928
1.17649
1.17418
1.17175
1.16789
1.1613
1.15154
1.13961
1.12774
1.11789
1.10994
1.10134
1.08871
1.07014
1.04612
1.0192
0.993007
0.971224
0.956781
0.95126
0.954748
0.966037
0.983131
1.00377
1.02599
1.04839
1.07024
1.09107
1.11036
1.12733
1.1412
1.15148
1.15817
1.16173
1.1628
1.16216
1.16071
1.15924
1.15799
1.15663
1.15446
1.15086
1.14529
1.13719
1.12607
1.11196
1.09575
1.07906
1.06373
1.05112
1.04194
1.03655
1.03515
1.03778
1.0442
1.05413
1.06744
1.08408
1.10342
1.1237
1.14213
1.15582
1.16287
1.16294
1.15728
1.14832
1.13902
1.13237
1.13078
1.13557
1.14644
1.16142
1.17741
1.19127
1.20056
1.20397
1.20109
1.19211
1.17747
1.15759
1.13294
1.10406
1.07184
1.03761
1.00314
0.970747
0.943303
0.924204
0.916647
0.922309
0.940266
0.967233
0.998815
1.03078
1.05975
1.08349
1.10077
1.11107
1.1141
1.10955
1.09716
1.07717
1.05097
1.02147
0.992746
0.969377
0.955209
0.952115
0.959467
0.974671
0.994468
1.01607
1.03763
1.05818
1.07734
1.0951
1.11158
1.1269
1.14117
1.15454
1.16711
1.1788
1.18923
1.19776
1.20368
1.20647
1.20593
1.2021
1.19508
1.18496
1.17185
1.15617
1.13875
1.12082
1.10379
1.08893
1.07718
1.06908
1.06473
1.0638
1.06547
1.06845
1.07104
1.07152
1.0686
1.06174
1.05114
1.03778
1.02339
1.01022
1.00051
0.995625
0.995742
1.00035
1.00879
1.02024
1.03324
1.04573
1.05564
1.0614
1.06241
1.05929
1.05384
1.04877
1.04677
1.04947
1.05653
1.0657
1.074
1.07914
1.08051
1.07941
1.07854
1.08059
1.08659
1.09516
1.10336
1.1083
1.10808
1.10196
1.09003
1.07292
1.05164
1.02769
1.0031
0.980215
0.961216
0.947508
0.93945
0.936722
0.93898
0.946252
0.958715
0.976122
0.997384
1.02064
1.04381
1.06516
1.0837
1.09917
1.11178
1.12202
1.13042
1.13714
1.1416
1.14246
1.13823
1.12818
1.11314
1.09577
1.0797
1.06771
1.06026
1.05616
1.05425
1.05419
1.05614
1.06011
1.06552
1.07131
1.07616
1.07886
1.07856
1.07482
1.06769
1.05774
1.04615
1.0345
1.02428
1.01654
1.01186
1.01074
1.01385
1.02163
1.03357
1.04806
1.06303
1.07663
1.08749
1.09473
1.09781
1.09667
1.0918
1.0842
1.0751
1.06572
1.05695
1.04929
1.043
1.03838
1.0357
1.03491
1.03516
1.03495
1.03257
1.02703
1.0189
1.01055
1.00578
1.00842
1.02083
1.04295
1.07236
1.10533
1.13799
1.1672
1.19092
1.20801
1.2181
1.22142
1.21871
1.2111
1.19996
1.18661
1.17209
1.15706
1.14172
1.12598
1.10965
1.09273
1.07586
1.06034
1.04795
1.04043
1.03896
1.04376
1.0539
1.06748
1.082
1.09498
1.10454
1.1097
1.11035
1.10693
1.10018
1.09095
1.08055
1.0709
1.06459
1.06384
1.06923
1.07914
1.09069
1.10121
1.10915
1.11414
1.11662
1.11754
1.11813
1.11967
1.12308
1.12832
1.13421
1.13877
1.13994
1.13627
1.12708
1.11233
1.09254
1.06875
1.04275
1.01716
0.995332
0.980888
0.976725
0.983971
1.00151
1.0261
1.05308
1.07744
1.09526
1.10467
1.10597
1.10101
1.09219
1.0816
1.07056
1.0596
1.04872
1.03754
1.02557
1.01297
1.00211
0.998468
1.00787
1.03043
1.05935
1.0866
1.10749
1.12074
1.12689
1.12723
1.1235
1.11756
1.11104
1.10501
1.09983
1.09536
1.09136
1.08767
1.08424
1.08093
1.07752
1.07389
1.07025
1.06706
1.06454
1.06228
1.05942
1.05539
1.0506
1.04655
1.04536
1.04901
1.05837
1.07271
1.08963
1.10573
1.11771
1.12334
1.12196
1.11442
1.10262
1.08886
1.07531
1.06372
1.05532
1.05095
1.05122
1.05648
1.06653
1.08006
1.09454
1.10685
1.11429
1.11516
1.10898
1.09653
1.08009
1.06361
1.05226
1.0509
1.06197
1.08409
1.11261
1.1416
1.1659
1.1823
1.19002
1.19074
1.18799
1.18555
1.1851
1.18561
1.18476
1.1811
1.17473
1.16662
1.15778
1.14884
1.14
1.13119
1.12226
1.11328
1.10479
1.09775
1.09337
1.09255
1.095
1.09872
1.10074
1.09865
1.09179
1.081
1.06778
1.05379
1.04086
1.03096
1.02592
1.10124
1.10789
1.11933
1.13379
1.14899
1.16306
1.17513
1.18536
1.19437
1.20246
1.20945
1.2149
1.21838
1.21946
1.21786
1.21345
1.20631
1.19661
1.18436
1.16954
1.15223
1.13315
1.11395
1.09722
1.08597
1.08271
1.08843
1.1021
1.12114
1.14233
1.16263
1.17964
1.19177
1.19832
1.19942
1.19591
1.18911
1.1804
1.17077
1.16065
1.15008
1.13916
1.12872
1.12054
1.11691
1.1196
1.12891
1.14359
1.16134
1.17955
1.19577
1.20803
1.21497
1.21606
1.21163
1.20287
1.19149
1.17945
1.16854
1.16021
1.15551
1.15506
1.15903
1.167
1.17782
1.1898
1.20101
1.20968
1.21439
1.21434
1.20951
1.20057
1.18882
1.17584
1.16313
1.15187
1.1428
1.13634
1.13274
1.13196
1.13307
1.13428
1.13407
1.13275
1.13271
1.13681
1.14575
1.15702
1.16639
1.17035
1.16724
1.15704
1.14074
1.11989
1.09643
1.07286
1.05211
1.03701
1.02961
1.03065
1.03957
1.05495
1.0748
1.09655
1.11739
1.13481
1.14704
1.15348
1.15474
1.1525
1.14905
1.14664
1.14671
1.14969
1.1551
1.16208
1.1696
1.17649
1.1813
1.18254
1.17925
1.17176
1.16215
1.15399
1.15097
1.15529
1.16648
1.18166
1.19684
1.20845
1.21462
1.2157
1.21398
1.21255
1.21369
1.21763
1.22274
1.22673
1.22788
1.22555
1.22
1.21195
1.20246
1.19297
1.1853
1.18151
1.18349
1.1919
1.20536
1.22083
1.23516
1.2462
1.25318
1.25621
1.25571
1.25191
1.24511
1.23612
1.22659
1.2188
1.21469
1.21502
1.21898
1.22468
1.23013
1.2342
1.23687
1.23847
1.23879
1.23667
1.23071
1.22031
1.20622
1.19044
1.17556
1.1638
1.15588
1.15067
1.14597
1.13975
1.13109
1.12035
1.10891
1.09875
1.09178
1.08902
1.09006
1.09327
1.09673
1.09909
1.09982
1.09896
1.09669
1.09319
1.08876
1.08399
1.07972
1.07682
1.07587
1.07692
1.07937
1.08224
1.08468
1.08645
1.08803
1.09038
1.09455
1.10124
1.11052
1.12166
1.13321
1.14353
1.15151
1.15715
1.16153
1.1658
1.17039
1.17505
1.18024
1.18769
1.19849
1.21068
1.21986
1.2218
1.21389
1.19545
1.16759
1.1332
1.09702
1.06512
1.04329
1.03478
1.0388
1.05132
1.06735
1.08293
1.09615
1.10729
1.11815
1.13068
1.14549
1.16135
1.17597
1.1873
1.19445
1.19767
1.1979
1.19641
1.19435
1.19239
1.19067
1.18896
1.18691
1.18433
1.18137
1.17854
1.17665
1.17647
1.17827
1.18139
1.18449
1.18601
1.18482
1.18043
1.17304
1.16347
1.1529
1.1426
1.13369
1.12697
1.12291
1.12167
1.12323
1.12743
1.13378
1.14139
1.14885
1.15453
1.15682
1.15454
1.14736
1.13623
1.12352
1.11255
1.10653
1.10723
1.11454
1.12664
1.14046
1.15251
1.15974
1.16053
1.15543
1.14714
1.13945
1.1358
1.13812
1.14633
1.15846
1.17117
1.18083
1.18479
1.18221
1.17416
1.16312
1.15207
1.14324
1.13738
1.1338
1.13113
1.12837
1.12547
1.12343
1.12376
1.1278
1.13596
1.14737
1.16003
1.17146
1.17949
1.18289
1.18167
1.17675
1.1693
1.1603
1.1505
1.14061
1.13138
1.12353
1.1176
1.11406
1.11333
1.11556
1.12034
1.12668
1.13312
1.1382
1.141
1.14147
1.14032
1.13859
1.13715
1.13657
1.13733
1.13994
1.14464
1.15089
1.15741
1.1627
1.16593
1.16736
1.16823
1.17007
1.17382
1.17936
1.18575
1.19197
1.19767
1.20309
1.2086
1.21394
1.21815
1.21995
1.21815
1.21206
1.20172
1.18814
1.17338
1.16001
1.15012
1.14414
1.14086
1.1383
1.13473
1.12913
1.12145
1.11263
1.10457
1.09979
1.10084
1.10966
1.12695
1.15157
1.18042
1.20916
1.23344
1.24995
1.25692
1.25409
1.24245
1.22411
1.20223
1.18071
1.16323
1.15221
1.14804
1.1493
1.15341
1.15756
1.15954
1.15864
1.15574
1.15269
1.15123
1.15214
1.15527
1.15996
1.16548
1.17108
1.17576
1.17813
1.17684
1.17132
1.1623
1.15173
1.14225
1.13655
1.13654
1.14265
1.15364
1.16695
1.17964
1.18936
1.195
1.19676
1.19581
1.19363
1.19145
1.18994
1.18911
1.18844
1.18714
1.18452
1.18038
1.17504
1.16904
1.16258
1.15531
1.14668
1.13629
1.12412
1.11048
1.09583
1.08088
1.06684
1.05549
1.04887
1.04835
1.05381
1.06346
1.07447
1.08399
1.09021
1.09278
1.09278
1.09193
1.09171
1.09265
1.09434
1.09573
1.09563
1.09338
1.08922
1.08392
1.07798
1.07132
1.06397
1.05704
1.05277
1.0532
1.05883
1.06838
1.07955
1.09004
1.09847
1.1045
1.10847
1.11079
1.11174
1.11166
1.11125
1.11154
1.11351
1.11763
1.1236
1.13058
1.13744
1.14319
1.14725
1.14957
1.15058
1.15102
1.15179
1.15357
1.15663
1.1606
1.16477
1.16846
1.17144
1.17409
1.17721
1.1817
1.18794
1.19538
1.2024
1.20699
1.20779
1.20498
1.2003
1.19618
1.19452
1.19586
1.19933
1.20338
1.20621
1.20622
1.20211
1.19315
1.17941
1.16203
1.14316
1.12564
1.1123
1.10528
1.10537
1.11181
1.12267
1.13564
1.14864
1.16007
1.16885
1.17424
1.17587
1.17372
1.16797
1.15871
1.14588
1.12937
1.1096
1.08801
1.06712
1.04978
1.03826
1.03376
1.03679
1.04746
1.06533
1.08892
1.11564
1.1424
1.16664
1.18678
1.20227
1.2132
1.21992
1.22278
1.22194
1.21748
1.20957
1.19872
1.18589
1.17248
1.15997
1.1494
1.14066
1.13243
1.12316
1.11206
1.09952
1.08685
1.07582
1.06824
1.06558
1.0686
1.07691
1.08885
1.10182
1.11323
1.12134
1.12564
1.12662
1.12493
1.1206
1.11302
1.10224
1.09025
1.081
1.07836
1.08373
1.09526
1.1094
1.12317
1.13547
1.1467
1.15776
1.16916
1.18086
1.19276
1.20512
1.21824
1.23179
1.24432
1.25355
1.25707
1.25305
1.2406
1.21996
1.19261
1.1614
1.13057
1.10536
1.09099
1.09121
1.10694
1.13571
1.17227
1.21033
1.24442
1.27064
1.28664
1.2913
1.28474
1.26868
1.24672
1.22372
1.2038
1.18832
1.17576
1.16366
1.15072
1.13788
1.12779
1.12326
1.12551
1.1333
1.14367
1.15365
1.16155
1.16719
1.17138
1.17532
1.17999
1.1858
1.19228
1.19804
1.20113
1.1997
1.19274
1.18045
1.16414
1.14567
1.12681
1.10893
1.09321
1.08122
1.07527
1.07778
1.08955
1.10833
1.12944
1.148
1.16078
1.16656
1.16543
1.1579
1.14444
1.12574
1.10333
1.07986
1.05884
1.04343
1.03535
1.03422
1.03804
1.04481
1.05383
1.06602
1.0827
1.10406
1.12843
1.15274
1.17368
1.18874
1.19698
1.19928
1.19811
1.19653
1.19689
1.20004
1.20528
1.21106
1.21572
1.21793
1.21699
1.21283
1.20583
1.19648
1.18511
1.17206
1.15844
1.14685
1.14087
1.1432
1.15375
1.16976
1.18752
1.20384
1.21659
1.22446
1.2268
1.22357
1.21553
1.20421
1.19155
1.17905
1.16711
1.15507
1.14202
1.12774
1.11311
1.09997
1.09053
1.08653
1.0887
1.09682
1.11
1.12702
1.14643
1.16664
1.18596
1.20278
1.21588
1.2247
1.22947
1.23112
1.23082
1.22938
1.22693
1.22315
1.21761
1.21027
1.20169
1.19286
1.18497
1.17919
1.17658
1.17805
1.18376
1.19249
1.20157
1.20792
1.20947
1.20565
1.19711
1.18504
1.17042
1.15388
1.13601
1.11799
1.10177
1.08957
1.08288
1.08192
1.08596
1.09392
1.10459
1.11651
1.12806
1.13757
1.14373
1.14568
1.14306
1.13613
1.12604
1.11532
1.10743
1.10499
1.10813
1.11504
1.12373
1.13317
1.14314
1.15346
1.16348
1.17224
1.1789
1.18302
1.1843
1.18214
1.17573
1.16453
1.14881
1.12991
1.11007
1.09179
1.0774
1.069
1.0687
1.07786
1.09553
1.11796
1.1404
1.15927
1.17297
1.18133
1.18496
1.18462
1.1811
1.17535
1.16844
1.16153
1.15556
1.15094
1.1476
1.14524
1.14368
1.1429
1.14265
1.14227
1.14066
1.13664
1.12957
1.1198
1.10866
1.09826
1.09094
1.08876
1.09295
1.1036
1.11942
1.13771
1.15487
1.1672
1.17182
1.1678
1.15677
1.14238
1.12854
1.1177
1.11053
1.10662
1.10499
1.10446
1.10397
1.10277
1.10059
1.09793
1.09656
1.0995
1.1094
1.12616
1.14651
1.1662
1.18209
1.19249
1.19673
1.1947
1.1868
1.17381
1.15685
1.1373
1.11676
1.09694
1.07965
1.06659
1.05902
1.05741
1.06103
1.06836
1.07782
1.08827
1.09886
1.10889
1.1178
1.12543
1.13201
1.13791
1.14349
1.14897
1.15437
1.15958
1.16429
1.168
1.17003
1.16965
1.16638
1.16028
1.15201
1.14254
1.13279
1.1232
1.11375
1.10413
1.09395
1.08292
1.07112
1.05904
1.04772
1.03871
1.03382
1.03444
1.04072
1.05137
1.06414
1.07656
1.08673
1.09378
1.09808
1.1009
1.10308
1.10392
1.10125
1.09313
1.07944
1.06221
1.04498
1.03212
1.02823
1.03631
1.0552
1.07948
1.1026
1.11965
1.128
1.12666
1.11574
1.09623
1.07017
1.04058
1.01127
0.986177
0.968504
0.95973
0.959002
0.963389
0.969449
0.975318
0.98193
0.992719
1.01161
1.04008
1.07575
1.11364
1.14873
1.1775
1.1982
1.21043
1.21462
1.21187
1.2039
1.19312
1.18249
1.17492
1.17248
1.17568
1.18327
1.19263
1.20053
1.20418
1.20205
1.19398
1.18091
1.16437
1.14628
1.12877
1.11389
1.1034
1.09843
1.09954
1.10658
1.11871
1.13452
1.15208
1.16913
1.18343
1.1932
1.19764
1.197
1.19258
1.18628
1.18002
1.17484
1.17046
1.16585
1.16025
1.15423
1.14955
1.14832
1.15178
1.15964
1.17007
1.18029
1.18735
1.18889
1.18369
1.17204
1.15582
1.13813
1.12261
1.1124
