           1   -0.961077   -0.961077           0
           2   -0.964608   -0.962843  0.00176533
           3   -0.964848   -0.963511  0.00121886
           4   -0.967344   -0.964469   0.0012888
           5   -0.974928   -0.966561  0.00231775
           6   -0.961648   -0.965742  0.00206199
           7   -0.966597   -0.965864  0.00174698
           8   -0.972667   -0.966715  0.00173549
           9   -0.977253   -0.967886  0.00192711
          10   -0.969168   -0.968014  0.00172843
          11   -0.978176   -0.968938  0.00181597
          12   -0.971541   -0.969155  0.00167188
          13   -0.983355   -0.970247  0.00188635
          14   -0.966576   -0.969985  0.00176599
          15   -0.973899   -0.970246  0.00166463
          16   -0.969931   -0.970226  0.00155724
          17   -0.971381   -0.970294  0.00146435
          18   -0.971749   -0.970375  0.00138297
          19   -0.975067   -0.970622  0.00133126
          20   -0.975643   -0.970873  0.00128765
          21   -0.971472   -0.970901  0.00122514
          22   -0.973888   -0.971037  0.00117598
          23   -0.973771   -0.971156  0.00112996
          24   -0.978875   -0.971478  0.00112865
          25   -0.966347   -0.971272  0.00110184
          26   -0.974309   -0.971389  0.00106504
          27   -0.980832   -0.971739  0.00108287
          28   -0.970064   -0.971679  0.00104519
          29   -0.982725    -0.97206  0.00107804
          30   -0.972901   -0.972088  0.00104186
           1   -0.966795   -0.966795           0
           2   -0.958629   -0.962712  0.00408267
           3   -0.968891   -0.964772  0.00313015
           4   -0.967067   -0.965345  0.00228651
           5   -0.961387   -0.964554  0.00194003
           6   -0.966107   -0.964812  0.00160504
           7    -0.96872   -0.965371  0.00146687
           8   -0.963979   -0.965197  0.00128221
           9   -0.952613   -0.963799   0.0017982
          10   -0.961067   -0.963525   0.0016314
          11   -0.960475   -0.963248  0.00150149
          12   -0.956347   -0.962673  0.00148643
          13   -0.974731     -0.9636  0.00165223
          14   -0.970853   -0.964118  0.00161501
          15    -0.95808   -0.963716  0.00155646
          16   -0.961152   -0.963556  0.00146472
          17   -0.963083   -0.963528  0.00137615
          18   -0.966288   -0.963681  0.00130648
          19    -0.97248   -0.964144  0.00131972
          20   -0.972069   -0.964541  0.00131321
          21   -0.956539   -0.964159  0.00130594
          22   -0.969755   -0.964414  0.00127087
          23   -0.960443   -0.964241  0.00122657
          24   -0.961141   -0.964112  0.00118143
          25   -0.955888   -0.963783  0.00117997
          26   -0.971493    -0.96408  0.00117183
          27   -0.963323   -0.964052  0.00112794
          28   -0.960091    -0.96391  0.00109608
          29    -0.95648   -0.963654   0.0010882
          30   -0.967184   -0.963772  0.00105786
           1   -0.958981   -0.958981           0
           2   -0.957739    -0.95836 0.000621333
           3   -0.960224   -0.958981 0.000717454
           4    -0.95664   -0.958396 0.000774587
           5   -0.956565    -0.95803 0.000702883
           6   -0.963472   -0.958937  0.00107334
           7   -0.950544   -0.957738  0.00150348
           8   -0.957051   -0.957652  0.00130488
           9   -0.959296   -0.957835  0.00116521
          10   -0.953493   -0.957401    0.001129
          11   -0.966443   -0.958223  0.00131095
          12   -0.961541   -0.958499  0.00122827
          13   -0.956144   -0.958318  0.00114428
          14   -0.951552   -0.957835  0.00116442
          15   -0.957707   -0.957826  0.00108405
          16   -0.970357   -0.958609  0.00128128
          17   -0.954885    -0.95839  0.00122332
          18   -0.959344   -0.958443  0.00115458
          19   -0.953099   -0.958162  0.00112776
          20   -0.964912   -0.958499  0.00112186
          21   -0.957504   -0.958452  0.00106816
          22   -0.952347   -0.958175  0.00105558
          23   -0.948469   -0.957753  0.00109335
          24   -0.955147   -0.957644  0.00105242
          25   -0.958837   -0.957692  0.00101057
          26   -0.966944   -0.958048  0.00103409
          27   -0.950693   -0.957775  0.00103166
          28   -0.953648   -0.957628    0.001005
          29   -0.962219   -0.957786 0.000982559
          30   -0.946741   -0.957418  0.00101814
           1   -0.945765   -0.945765           0
           2   -0.948448   -0.947107  0.00134133
           3   -0.947829   -0.947348 0.000811019
           4   -0.944091   -0.946533 0.000995909
           5   -0.952624   -0.947751  0.00144186
           6   -0.943755   -0.947085  0.00135266
           7   -0.932251   -0.944966  0.00240792
           8   -0.957189   -0.946494  0.00258516
           9   -0.947392   -0.946594  0.00228208
          10   -0.943536   -0.946288  0.00206393
          11   -0.944219     -0.9461  0.00187635
          12    -0.94064   -0.945645  0.00177227
          13   -0.940917   -0.945281  0.00167032
          14   -0.964293   -0.946639  0.00205805
          15   -0.940592   -0.946236   0.0019579
          16   -0.949232   -0.946423  0.00184099
          17   -0.929605   -0.945434  0.00199229
          18   -0.935701   -0.944893  0.00195462
          19   -0.939989   -0.944635  0.00186682
          20   -0.948288   -0.944818  0.00178041
          21   -0.952192   -0.945169  0.00172953
          22   -0.944336   -0.945131  0.00164948
          23   -0.939819     -0.9449  0.00159297
          24   -0.947856   -0.945023  0.00153011
          25   -0.943227   -0.944951  0.00146939
          26   -0.942357   -0.944852  0.00141527
          27   -0.949664    -0.94503  0.00137346
          28   -0.944469    -0.94501  0.00132365
          29   -0.945883    -0.94504  0.00127754
          30   -0.948544   -0.945157  0.00123974
           1   -0.931488   -0.931488           0
           2   -0.935936   -0.933712    0.002224
           3   -0.942427   -0.936617  0.00317602
           4   -0.944288   -0.938535  0.00295321
           5   -0.925237   -0.935875  0.00350794
           6   -0.933227   -0.935434  0.00289803
           7   -0.937851   -0.935779   0.0024735
           8   -0.941408   -0.936483  0.00225471
           9   -0.941637   -0.937055  0.00206931
          10   -0.935776   -0.936927  0.00185527
          11   -0.940565   -0.937258  0.00171043
          12   -0.935995   -0.937153  0.00156495
          13    -0.93448   -0.936947  0.00145415
          14   -0.941312   -0.937259  0.00138191
          15   -0.927696   -0.936622  0.00143579
          16   -0.932245   -0.936348  0.00137063
          17   -0.937477   -0.936414  0.00128919
          18   -0.933243   -0.936238  0.00122817
          19   -0.937333   -0.936296  0.00116316
          20   -0.936443   -0.936303   0.0011035
          21   -0.929643   -0.935986  0.00109651
          22   -0.927163   -0.935585  0.00111977
          23   -0.942693   -0.935894  0.00111371
          24   -0.929067    -0.93561   0.0011036
          25   -0.936699   -0.935653  0.00105943
          26   -0.933749    -0.93558   0.0010205
          27   -0.936736   -0.935623 0.000982905
          28   -0.937387   -0.935686 0.000949244
          29    -0.93408    -0.93563 0.000917599
          30    -0.93968   -0.935765 0.000896703
           1   -0.920992   -0.920992           0
           2   -0.918725   -0.919859  0.00113333
           3   -0.920635   -0.920117 0.000703603
           4   -0.930827   -0.922795  0.00272317
           5   -0.928997   -0.924035   0.0024471
           6   -0.931685    -0.92531  0.00237021
           7    -0.92632   -0.925454  0.00200838
           8   -0.929525   -0.925963  0.00181222
           9   -0.928245   -0.926217  0.00161821
          10    -0.92296   -0.925891  0.00148356
          11   -0.930272   -0.926289  0.00139978
          12   -0.918757   -0.925662  0.00142366
          13   -0.925419   -0.925643  0.00130971
          14   -0.918251   -0.925115  0.00132254
          15   -0.926576   -0.925212  0.00123506
          16   -0.924101   -0.925143  0.00115738
          17   -0.921557   -0.924932  0.00110744
          18   -0.914485   -0.924352  0.00119457
          19   -0.929152   -0.924604  0.00115785
          20   -0.915723    -0.92416   0.0011848
          21   -0.926363   -0.924265  0.00113184
          22   -0.913856   -0.923792  0.00117833
          23   -0.913968   -0.923365  0.00120423
          24   -0.921019   -0.923267   0.0011571
          25   -0.917595    -0.92304  0.00113281
          26   -0.927883   -0.923226  0.00110419
          27   -0.923045    -0.92322  0.00106253
          28   -0.929952    -0.92346  0.00105173
          29   -0.923376   -0.923457  0.00101482
          30   -0.929451   -0.923657  0.00100056
           1   -0.913003   -0.913003           0
           2   -0.914539   -0.913771    0.000768
           3   -0.913061   -0.913534 0.000502508
           4   -0.915392   -0.913999 0.000584778
           5   -0.922325   -0.915664  0.00172584
           6   -0.914144   -0.915411  0.00143173
           7   -0.908997   -0.914494  0.00151776
           8   -0.918709   -0.915021  0.00141607
           9   -0.916309   -0.915164  0.00125703
          10   -0.918272   -0.915475  0.00116648
          11    -0.91336   -0.915283   0.0010725
          12   -0.912864   -0.915081  0.00099959
          13   -0.920043   -0.915463 0.000995545
          14   -0.907381   -0.914886  0.00108754
          15   -0.906235   -0.914309  0.00116519
          16   -0.919056   -0.914606   0.0011296
          17   -0.916272   -0.914704  0.00106559
          18   -0.910005   -0.914443    0.001038
          19   -0.916075   -0.914529 0.000985602
          20    -0.91544   -0.914574 0.000936134
          21   -0.906299    -0.91418 0.000973743
          22   -0.910469   -0.914011 0.000943625
          23   -0.915979   -0.914097 0.000905713
          24   -0.911776      -0.914 0.000872529
          25   -0.915723   -0.914069 0.000839732
          26   -0.911515   -0.913971 0.000812749
          27   -0.910475   -0.913841 0.000792715
          28   -0.913989   -0.913847 0.000763898
          29   -0.922651    -0.91415 0.000797158
          30   -0.907888   -0.913942 0.000797916
           1   -0.905333   -0.905333           0
           2   -0.901941   -0.903637    0.001696
           3   -0.899451   -0.902242  0.00170481
           4   -0.901787   -0.902128  0.00121084
           5   -0.903045   -0.902311 0.000955689
           6   -0.908203   -0.903293  0.00125418
           7   -0.908075   -0.903976  0.00126099
           8   -0.911637   -0.904934  0.00145245
           9   -0.910725   -0.905577  0.00143348
          10   -0.902037   -0.905223  0.00133012
          11   -0.901755   -0.904908  0.00124378
          12   -0.904469   -0.904872    0.001136
          13   -0.899232   -0.904438  0.00113144
          14   -0.903909     -0.9044  0.00104819
          15   -0.907584   -0.904612 0.000998629
          16   -0.909141   -0.904895 0.000976079
          17   -0.910517   -0.905226 0.000974685
          18   -0.906507   -0.905297 0.000921692
          19     -0.9012   -0.905082 0.000898106
          20   -0.899163   -0.904786 0.000901952
          21    -0.90104   -0.904607 0.000876272
          22   -0.898064    -0.90431 0.000886852
          23   -0.905723   -0.904371  0.00084964
          24   -0.905888   -0.904434 0.000815919
          25   -0.907968   -0.904576 0.000795264
          26   -0.906944   -0.904667 0.000769475
          27   -0.903392    -0.90462 0.000741931
          28   -0.895973   -0.904311  0.00077878
          29   -0.900757   -0.904188 0.000761371
          30   -0.906859   -0.904277 0.000740921
           1   -0.897989   -0.897989           0
           2   -0.889952   -0.893971  0.00401867
           3   -0.891061   -0.893001   0.0025147
           4   -0.891109   -0.892528  0.00183997
           5   -0.890299   -0.892082  0.00149335
           6   -0.888912   -0.891554  0.00132886
           7   -0.899216   -0.892648  0.00156828
           8   -0.890011   -0.892319  0.00139762
           9   -0.890203   -0.892084  0.00125481
          10   -0.895552    -0.89243   0.0011747
          11    -0.88752   -0.891984  0.00115252
          12   -0.890197   -0.891835  0.00106259
          13   -0.892368   -0.891876 0.000978297
          14   -0.890267   -0.891761 0.000912994
          15     -0.8908   -0.891697 0.000852363
          16   -0.892907   -0.891773 0.000800888
          17   -0.902533   -0.892406 0.000983171
          18   -0.890389   -0.892294 0.000933686
          19   -0.887259   -0.892029 0.000922079
          20   -0.893371   -0.892096  0.00087733
          21   -0.888128   -0.891907 0.000855629
          22   -0.896251   -0.892104 0.000839364
          23   -0.893909   -0.892183 0.000805871
          24   -0.889851   -0.892086 0.000777657
          25   -0.888923   -0.891959 0.000756556
          26   -0.892987   -0.891999 0.000727949
          27    -0.88712   -0.891818 0.000723399
          28   -0.887355   -0.891658 0.000715077
          29   -0.886069   -0.891466  0.00071639
          30   -0.895781    -0.89161 0.000706891
           1   -0.881733   -0.881733           0
           2   -0.880971   -0.881352 0.000381333
           3   -0.878624   -0.880443 0.000935606
           4   -0.885211   -0.881635  0.00136328
           5   -0.883184   -0.881945  0.00110052
           6   -0.887403   -0.882854  0.00127866
           7   -0.873947   -0.881582  0.00166946
           8   -0.880373   -0.881431  0.00145367
           9    -0.88512   -0.881841  0.00134596
          10   -0.881115   -0.881768  0.00120605
          11   -0.882859   -0.881867  0.00109541
          12   -0.874971   -0.881292  0.00115335
          13   -0.886544   -0.881696  0.00113523
          14   -0.881104   -0.881654  0.00105187
          15   -0.884805   -0.881864  0.00100152
          16   -0.881616   -0.881849 0.000936968
          17   -0.881371   -0.881821 0.000880577
          18   -0.882987   -0.881885  0.00083274
          19   -0.880448    -0.88181 0.000791317
          20   -0.879381   -0.881688 0.000760465
          21   -0.882651   -0.881734 0.000724797
          22   -0.887664   -0.882004 0.000741772
          23   -0.880688   -0.881946 0.000711092
          24   -0.874352    -0.88163 0.000750763
          25   -0.886699   -0.881833 0.000748104
          26   -0.886491   -0.882012 0.000740745
          27   -0.878443    -0.88188 0.000724937
          28   -0.880197    -0.88182 0.000701146
          29   -0.877941   -0.881686 0.000689628
          30   -0.885909   -0.881827 0.000680956
           1    -0.86936    -0.86936           0
           2   -0.865621   -0.867491  0.00186933
           3   -0.871339   -0.868773  0.00167632
           4   -0.873627   -0.869987  0.00169623
           5   -0.867029   -0.869395  0.00144089
           6   -0.866672   -0.868941  0.00126099
           7   -0.861568   -0.867888  0.00149843
           8   -0.872453   -0.868459  0.00141761
           9   -0.877317   -0.869443  0.00159119
          10   -0.870523   -0.869551  0.00142729
          11   -0.872411   -0.869811  0.00131695
          12    -0.87496    -0.87024  0.00127649
          13   -0.870635    -0.87027  0.00117459
          14   -0.869376   -0.870206  0.00108933
          15   -0.872821   -0.870381  0.00102899
          16   -0.868677   -0.870274   0.0009684
          17   -0.865669   -0.870003  0.00094913
          18   -0.867824   -0.869882 0.000903003
          19   -0.873136   -0.870054 0.000871152
          20   -0.870907   -0.870096 0.000827547
          21   -0.873179   -0.870243 0.000800722
          22   -0.872347   -0.870339 0.000769423
          23   -0.870875   -0.870362 0.000735579
          24   -0.872587   -0.870455 0.000710337
          25   -0.867365   -0.870331 0.000692447
          26   -0.869515     -0.8703 0.000666022
          27   -0.876613   -0.870534 0.000682208
          28   -0.862341   -0.870241  0.00071956
          29   -0.869333    -0.87021 0.000695009
          30   -0.872523   -0.870287 0.000675855
           1   -0.858288   -0.858288           0
           2   -0.860885   -0.859587  0.00129867
           3   -0.862005   -0.860393  0.00110099
           4   -0.864843   -0.861505   0.0013578
           5   -0.854869   -0.860178  0.00169341
           6   -0.852821   -0.858952  0.00184801
           7   -0.861067   -0.859254   0.0015908
           8    -0.85904   -0.859227  0.00137794
           9   -0.856533   -0.858928  0.00125155
          10   -0.855787   -0.858614  0.00116266
          11   -0.857509   -0.858513  0.00105645
          12   -0.855557   -0.858267 0.000995367
          13   -0.864117   -0.858717  0.00102022
          14    -0.86168   -0.858929 0.000967958
          15   -0.861957   -0.859131 0.000923463
          16   -0.858128   -0.859068  0.00086609
          17   -0.857136   -0.858954  0.00082145
          18   -0.860021   -0.859014 0.000776735
          19   -0.855776   -0.858843  0.00075422
          20   -0.861643   -0.858983 0.000729078
          21     -0.8644   -0.859241 0.000739909
          22   -0.863648   -0.859441 0.000733362
          23   -0.860907   -0.859505 0.000703642
          24   -0.853536   -0.859256  0.00071813
          25   -0.861301   -0.859338 0.000693646
          26   -0.862368   -0.859455 0.000676545
          27   -0.862389   -0.859563 0.000660016
          28   -0.860704   -0.859604  0.00063731
          29   -0.859952   -0.859616 0.000615059
          30   -0.862635   -0.859717 0.000602662
           1   -0.852043   -0.852043           0
           2   -0.844123   -0.848083     0.00396
           3   -0.848827   -0.848331  0.00229972
           4   -0.850971   -0.848991  0.00175498
           5    -0.84664   -0.848521   0.0014384
           6   -0.845029   -0.847939  0.00131069
           7   -0.847899   -0.847933  0.00110775
           8   -0.845835   -0.847671 0.000994546
           9   -0.851509   -0.848097 0.000975313
          10   -0.848965   -0.848184 0.000876655
          11   -0.853355   -0.848654 0.000921819
          12   -0.845413   -0.848384 0.000883775
          13   -0.846875   -0.848268 0.000821203
          14   -0.847605   -0.848221 0.000761758
          15   -0.844517   -0.847974 0.000750904
          16   -0.851435    -0.84819 0.000734959
          17   -0.843653   -0.847923 0.000740157
          18    -0.85008   -0.848043 0.000708039
          19   -0.848368    -0.84806 0.000669957
          20   -0.849045   -0.848109 0.000637483
          21   -0.845179    -0.84797 0.000622219
          22   -0.851104   -0.848112 0.000610129
          23   -0.849984   -0.848194 0.000588651
          24   -0.847488   -0.848164 0.000564357
          25    -0.84592   -0.848074 0.000548705
          26   -0.845504   -0.847976 0.000536368
          27   -0.846517   -0.847922 0.000518939
          28   -0.853723   -0.848129 0.000541282
          29   -0.856192   -0.848407 0.000591683
          30   -0.846245   -0.848335 0.000576142
           1   -0.835845   -0.835845           0
           2   -0.829099   -0.832472  0.00337333
           3    -0.83336   -0.832768  0.00196996
           4   -0.839648   -0.834488  0.00221332
           5   -0.837157   -0.835022  0.00179563
           6   -0.833888   -0.834833  0.00147825
           7   -0.836245   -0.835035  0.00126554
           8   -0.835813   -0.835132   0.0011003
           9   -0.837861   -0.835435  0.00101666
          10   -0.836891   -0.835581 0.000920902
          11   -0.839093     -0.8359 0.000892095
          12   -0.835424    -0.83586 0.000815333
          13   -0.833312   -0.835664 0.000775194
          14   -0.836096   -0.835695 0.000718352
          15   -0.838149   -0.835859 0.000688471
          16   -0.841152    -0.83619 0.000724008
          17   -0.839515   -0.836385 0.000707653
          18   -0.842091   -0.836702 0.000738647
          19   -0.834011   -0.836561 0.000712907
          20   -0.835061   -0.836486 0.000680464
          21   -0.834784   -0.836405 0.000652303
          22   -0.836347   -0.836402 0.000621952
          23   -0.835669    -0.83637 0.000595149
          24   -0.838059    -0.83644 0.000574139
          25   -0.835739   -0.836412 0.000551409
          26   -0.834645   -0.836344 0.000534119
          27   -0.837136   -0.836374 0.000514791
          28   -0.836293   -0.836371 0.000496074
          29   -0.838283   -0.836437 0.000483181
          30    -0.83592    -0.83642 0.000467115
           1   -0.824731   -0.824731           0
           2    -0.82168   -0.823205  0.00152533
           3   -0.823285   -0.823232 0.000881055
           4   -0.826213   -0.823977 0.000971417
           5   -0.828421   -0.824866  0.00116454
           6   -0.825216   -0.824924  0.00095263
           7   -0.821936   -0.824498 0.000911306
           8   -0.823925   -0.824426 0.000792448
           9    -0.82352   -0.824325 0.000706087
          10   -0.825419   -0.824435 0.000640937
          11   -0.827547   -0.824718 0.000645095
          12   -0.825941    -0.82482 0.000597653
          13   -0.828272   -0.825085 0.000610545
          14   -0.828496   -0.825329 0.000615525
          15   -0.824896     -0.8253 0.000573748
          16   -0.821253   -0.825047 0.000593298
          17   -0.824112   -0.824992 0.000560014
          18   -0.826512   -0.825076 0.000534697
          19   -0.821968   -0.824913 0.000531574
          20   -0.827232   -0.825029 0.000517456
          21   -0.822939   -0.824929 0.000502161
          22   -0.826384   -0.824995 0.000483336
          23   -0.828512   -0.825148 0.000486494
          24   -0.828395   -0.825284 0.000485026
          25   -0.828747   -0.825422 0.000485407
          26   -0.826235   -0.825453  0.00046741
          27   -0.828192   -0.825555 0.000461061
          28   -0.825024   -0.825536 0.000444694
          29   -0.826336   -0.825563 0.000429972
          30     -0.8276   -0.825631 0.000420903
           1   -0.817339   -0.817339           0
           2   -0.818235   -0.817787    0.000448
           3   -0.821024   -0.818866  0.00110968
           4   -0.816229   -0.818207  0.00102475
           5   -0.816613   -0.817888 0.000855348
           6   -0.816091   -0.817588 0.000759921
           7    -0.81104   -0.816653  0.00113474
           8   -0.818944   -0.816939  0.00102359
           9   -0.813077    -0.81651 0.000999521
          10   -0.815323   -0.816391 0.000901852
          11   -0.817888   -0.816528 0.000827023
          12   -0.812304   -0.816176 0.000832975
          13   -0.815504   -0.816124 0.000767965
          14   -0.816891   -0.816179 0.000713104
          15   -0.809168   -0.815711 0.000811885
          16   -0.815456   -0.815695 0.000759616
          17   -0.817115   -0.815779 0.000718403
          18   -0.815536   -0.815765 0.000677451
          19   -0.812373   -0.815587 0.000665209
          20   -0.819648    -0.81579 0.000662937
          21    -0.81408   -0.815708 0.000635814
          22   -0.815051   -0.815679 0.000606962
          23   -0.813771   -0.815596 0.000585874
          24   -0.814469   -0.815549 0.000562891
          25   -0.815845   -0.815561 0.000540037
          26   -0.818288   -0.815665 0.000529349
          27   -0.811285   -0.815503 0.000534576
          28   -0.815248   -0.815494 0.000515211
          29   -0.819285   -0.815625  0.00051403
          30   -0.812219   -0.815511 0.000509414
           1   -0.801301   -0.801301           0
           2   -0.803888   -0.802595  0.00129333
           3   -0.803568   -0.802919 0.000814147
           4   -0.803744   -0.803125  0.00061151
           5   -0.808261   -0.804153  0.00113115
           6   -0.805275    -0.80434 0.000942328
           7   -0.801963      -0.804 0.000865778
           8   -0.807136   -0.804392 0.000846074
           9   -0.804469   -0.804401 0.000746217
          10    -0.80984   -0.804945 0.000861013
          11   -0.805419   -0.804988 0.000780007
          12   -0.805904   -0.805064 0.000716129
          13   -0.807803   -0.805275 0.000691609
          14   -0.800069   -0.804903 0.000740428
          15   -0.804725   -0.804891 0.000689402
          16   -0.805024   -0.804899  0.00064493
          17   -0.802395   -0.804752 0.000623465
          18     -0.8056   -0.804799 0.000589693
          19     -0.8052    -0.80482 0.000558193
          20   -0.805984   -0.804878 0.000532736
          21   -0.806224   -0.804942 0.000510768
          22   -0.806501   -0.805013 0.000492126
          23    -0.80688   -0.805094 0.000477195
          24   -0.805077   -0.805094  0.00045688
          25   -0.806245    -0.80514 0.000440638
          26   -0.804533   -0.805117 0.000423994
          27   -0.806357   -0.805162 0.000410568
          28   -0.800837   -0.805008 0.000424719
          29   -0.803072   -0.804941 0.000415214
          30   -0.805787   -0.804969 0.000402124
           1   -0.795253   -0.795253           0
           2   -0.791307    -0.79328  0.00197333
           3    -0.79216   -0.792907  0.00119891
           4     -0.7928    -0.79288 0.000848179
           5   -0.798901   -0.794084  0.00137182
           6   -0.791957    -0.79373  0.00117485
           7   -0.794389   -0.793824 0.000997387
           8   -0.790155   -0.793365 0.000977988
           9   -0.797696   -0.793847  0.00098765
          10   -0.789883    -0.79345 0.000968237
          11   -0.794747   -0.793568 0.000883699
          12   -0.788085   -0.793111 0.000927102
          13   -0.794224   -0.793197 0.000857096
          14   -0.791157   -0.793051 0.000806776
          15     -0.7988   -0.793434 0.000843205
          16   -0.790885   -0.793275 0.000804674
          17   -0.795264   -0.793392 0.000764861
          18   -0.793536     -0.7934 0.000721162
          19   -0.788907   -0.793164 0.000721982
          20   -0.793285    -0.79317  0.00068496
          21   -0.793088   -0.793166 0.000651538
          22   -0.793685   -0.793189 0.000621666
          23   -0.794875   -0.793263 0.000598525
          24    -0.79448   -0.793313 0.000575285
          25   -0.796544   -0.793443 0.000566724
          26   -0.794064   -0.793466 0.000545015
          27   -0.795019   -0.793524 0.000527582
          28   -0.792949   -0.793503 0.000508805
          29   -0.795877   -0.793585 0.000497724
          30   -0.791131   -0.793503 0.000487759
           1   -0.777509   -0.777509           0
           2   -0.782661   -0.780085    0.002576
           3   -0.781659    -0.78061  0.00157701
           4   -0.781205   -0.780759  0.00112501
           5   -0.782512   -0.781109 0.000939339
           6   -0.781936   -0.781247 0.000779244
           7   -0.782363   -0.781406 0.000677589
           8   -0.781851   -0.781462  0.00058943
           9   -0.779397   -0.781233 0.000568199
          10   -0.782475   -0.781357  0.00052317
          11   -0.780688   -0.781296 0.000477115
          12   -0.782176   -0.781369 0.000441675
          13   -0.780517   -0.781304 0.000411534
          14   -0.785995   -0.781639 0.000507378
          15   -0.779573   -0.781501 0.000492006
          16   -0.787296   -0.781863 0.000585648
          17   -0.781125    -0.78182 0.000551831
          18   -0.780507   -0.781747 0.000525362
          19   -0.784955   -0.781916 0.000524838
          20   -0.779595     -0.7818 0.000511251
          21    -0.78584   -0.781992 0.000522972
          22   -0.784187   -0.782092 0.000508514
          23   -0.780123   -0.782006 0.000493388
          24   -0.783125   -0.782053 0.000474679
          25   -0.781973    -0.78205 0.000455307
          26   -0.777344   -0.781869 0.000473408
          27   -0.781243   -0.781846 0.000456126
          28    -0.77936   -0.781757 0.000448409
          29   -0.789547   -0.782025 0.000509273
          30   -0.784837   -0.782119 0.000500853
           1   -0.767824   -0.767824           0
           2   -0.771099   -0.769461  0.00163733
           3   -0.769744   -0.769556 0.000949999
           4   -0.770528   -0.769799 0.000714389
           5   -0.771536   -0.770146  0.00065341
           6   -0.772704   -0.770572 0.000682913
           7   -0.770027   -0.770494  0.00058241
           8   -0.771819    -0.77066 0.000530847
           9   -0.772693   -0.770886 0.000519826
          10   -0.772677   -0.771065 0.000498264
          11   -0.772485   -0.771194 0.000468826
          12   -0.774336   -0.771456 0.000501711
          13   -0.774304   -0.771675 0.000510865
          14   -0.774459   -0.771874 0.000513062
          15   -0.768987   -0.771681 0.000514961
          16   -0.775637   -0.771929 0.000541448
          17   -0.771312   -0.771892 0.000509894
          18   -0.774272   -0.772025 0.000498579
          19   -0.769504   -0.771892 0.000489912
          20   -0.772347   -0.771915 0.000465327
          21   -0.770021   -0.771825 0.000451704
          22   -0.770363   -0.771758 0.000435778
          23   -0.773483   -0.771833 0.000423098
          24   -0.773227   -0.771891 0.000409226
          25   -0.773168   -0.771942 0.000395825
          26   -0.772496   -0.771963 0.000380892
          27   -0.770837   -0.771922  0.00036888
          28   -0.771563   -0.771909 0.000355693
          29    -0.76992    -0.77184 0.000349994
          30   -0.773429   -0.771893 0.000342249
           1   -0.762272   -0.762272           0
           2   -0.758309   -0.760291  0.00198133
           3   -0.761019   -0.760533  0.00116938
           4   -0.764443   -0.761511   0.0012802
           5   -0.763456     -0.7619  0.00106523
           6   -0.758261   -0.761293  0.00106028
           7   -0.765611    -0.76191  0.00108784
           8   -0.759952   -0.761665 0.000973372
           9   -0.762107   -0.761714 0.000859833
          10   -0.761963   -0.761739 0.000769459
          11   -0.758112   -0.761409 0.000770163
          12   -0.765797   -0.761775 0.000792462
          13   -0.762597   -0.761838 0.000731698
          14   -0.761264   -0.761797 0.000678662
          15   -0.756571   -0.761449 0.000721516
          16   -0.761845   -0.761474 0.000675371
          17   -0.763045   -0.761566 0.000641101
          18   -0.758155   -0.761377 0.000633453
          19   -0.766763    -0.76166 0.000662861
          20   -0.763557   -0.761755  0.00063596
          21   -0.760827   -0.761711 0.000606531
          22   -0.760544   -0.761658 0.000580731
          23   -0.760981   -0.761628 0.000555687
          24     -0.7596   -0.761544   0.0005387
          25   -0.755627   -0.761307 0.000568332
          26   -0.762992   -0.761372 0.000549868
          27    -0.76088   -0.761354 0.000529424
          28   -0.764789   -0.761476 0.000524714
          29   -0.761659   -0.761483 0.000506336
          30   -0.763653   -0.761555  0.00049449
           1   -0.752688   -0.752688           0
           2   -0.750517   -0.751603  0.00108533
           3   -0.752027   -0.751744 0.000642359
           4   -0.752411   -0.751911 0.000483829
           5    -0.75296   -0.752121 0.000429532
           6    -0.75216   -0.752127 0.000350773
           7   -0.751792   -0.752079 0.000300298
           8   -0.752187   -0.752093 0.000260412
           9   -0.752304   -0.752116 0.000230859
          10   -0.753173   -0.752222 0.000231977
          11   -0.753333   -0.752323 0.000232892
          12   -0.749771    -0.75211 0.000300723
          13    -0.74872   -0.751849 0.000380172
          14   -0.752293   -0.751881 0.000353396
          15   -0.750896   -0.751815 0.000335486
          16   -0.753787   -0.751939 0.000337135
          17   -0.751584   -0.751918  0.00031737
          18   -0.751584   -0.751899 0.000299793
          19    -0.75024   -0.751812 0.000296718
          20   -0.746395   -0.751541 0.000390646
          21   -0.748363    -0.75139 0.000401221
          22   -0.752672   -0.751448 0.000386964
          23   -0.755744   -0.751635 0.000414256
          24   -0.753552   -0.751715 0.000404584
          25   -0.749675   -0.751633  0.00039655
          26   -0.754891   -0.751758 0.000401066
          27   -0.750757   -0.751721 0.000387703
          28   -0.752144   -0.751736 0.000373905
          29   -0.752784   -0.751773 0.000362585
          30   -0.749029   -0.751681 0.000362028
           1   -0.739792   -0.739792           0
           2   -0.741131   -0.740461 0.000669333
           3   -0.741008   -0.740644 0.000427248
           4   -0.737616   -0.739887 0.000814955
           5   -0.741344   -0.740178 0.000695301
           6   -0.737349   -0.739707 0.000737954
           7   -0.743173   -0.740202 0.000796394
           8   -0.739536   -0.740119 0.000694702
           9   -0.742352   -0.740367 0.000661016
          10   -0.739472   -0.740277 0.000597964
          11   -0.737488   -0.740024 0.000597369
          12   -0.738235   -0.739875 0.000565335
          13   -0.741749   -0.740019 0.000539656
          14   -0.742635   -0.740206 0.000533418
          15   -0.740437   -0.740221 0.000496825
          16   -0.743152   -0.740404 0.000499535
          17   -0.741803   -0.740487 0.000476386
          18   -0.736235    -0.74025 0.000507471
          19   -0.741061   -0.740293 0.000481913
          20   -0.743504   -0.740454 0.000484553
          21   -0.737957   -0.740335 0.000475984
          22   -0.739397   -0.740292 0.000455829
          23   -0.746091   -0.740544 0.000503261
          24   -0.740421   -0.740539 0.000481863
          25   -0.744693   -0.740705  0.00049115
          26   -0.739141   -0.740645   0.0004757
          27   -0.736651   -0.740497 0.000481057
          28   -0.741307   -0.740526 0.000464459
          29   -0.740149   -0.740513 0.000448345
          30   -0.741525   -0.740547 0.000434455
           1   -0.729813   -0.729813           0
           2   -0.728597   -0.729205    0.000608
           3   -0.730405   -0.729605 0.000532185
           4   -0.728619   -0.729359  0.00044995
           5   -0.733717    -0.73023 0.000938825
           6   -0.732725   -0.730646 0.000872068
           7   -0.732331   -0.730887  0.00077532
           8   -0.727995   -0.730525 0.000762588
           9   -0.732448   -0.730739 0.000705654
          10   -0.732496   -0.730915 0.000655156
          11   -0.731483   -0.730966 0.000594856
          12   -0.733168    -0.73115 0.000573185
          13   -0.734389   -0.731399 0.000583177
          14   -0.729253   -0.731246 0.000561248
          15   -0.732384   -0.731322 0.000527975
          16   -0.732352   -0.731386 0.000498057
          17   -0.727451   -0.731155 0.000521981
          18   -0.732075   -0.731206 0.000494777
          19   -0.730171   -0.731151 0.000471171
          20   -0.732379   -0.731213 0.000451186
          21   -0.733525   -0.731323  0.00044307
          22   -0.731797   -0.731344 0.000423001
          23   -0.732267   -0.731384 0.000406176
          24   -0.733376   -0.731467  0.00039764
          25     -0.7296   -0.731393 0.000388648
          26   -0.729456   -0.731318 0.000380758
          27   -0.732747   -0.731371 0.000370185
          28   -0.733632   -0.731452 0.000365744
          29   -0.725552   -0.731248 0.000407347
          30   -0.731115   -0.731244  0.00039356
           1   -0.716283   -0.716283           0
           2   -0.720549   -0.718416  0.00213333
           3   -0.719157   -0.718663  0.00125622
           4   -0.720325   -0.719079 0.000980682
           5   -0.722181   -0.719699 0.000980869
           6   -0.721493   -0.719998 0.000854878
           7   -0.718421   -0.719773 0.000756808
           8   -0.722987   -0.720175 0.000768728
           9   -0.719691   -0.720121 0.000680084
          10   -0.720523   -0.720161 0.000609611
          11   -0.716987   -0.719872 0.000622364
          12   -0.719045   -0.719804 0.000572304
          13   -0.719029   -0.719744 0.000529801
          14   -0.724149   -0.720059 0.000582757
          15   -0.722347   -0.720211 0.000563553
          16   -0.720997    -0.72026  0.00052944
          17   -0.717392   -0.720092 0.000525165
          18   -0.719749   -0.720073 0.000495495
          19   -0.718155   -0.719972 0.000479438
          20   -0.720736    -0.72001 0.000456438
          21   -0.717237   -0.719878 0.000453789
          22   -0.719531   -0.719862 0.000432959
          23   -0.715733   -0.719683 0.000450973
          24   -0.718267   -0.719624 0.000435786
          25   -0.723803   -0.719791 0.000450178
          26   -0.718997    -0.71976 0.000433592
          27   -0.720005   -0.719769 0.000417323
          28   -0.720784   -0.719806 0.000403772
          29   -0.719488   -0.719795 0.000389754
          30   -0.720645   -0.719823 0.000377605
           1   -0.711339   -0.711339           0
           2   -0.715616   -0.713477  0.00213867
           3   -0.711744     -0.7129  0.00136325
           4   -0.710805   -0.712376  0.00109697
           5   -0.711408   -0.712182 0.000871484
           6   -0.711637   -0.712092  0.00071734
           7   -0.711408   -0.711994 0.000614076
           8    -0.71224   -0.712025 0.000532695
           9   -0.708656    -0.71165 0.000600669
          10   -0.713024   -0.711788 0.000554537
          11   -0.708235   -0.711465 0.000596601
          12   -0.712075   -0.711516 0.000546986
          13   -0.708368   -0.711273 0.000558378
          14   -0.709579   -0.711152 0.000530942
          15   -0.710016   -0.711077 0.000500052
          16   -0.710069   -0.711014 0.000471974
          17   -0.709424    -0.71092 0.000453096
          18   -0.711429   -0.710948 0.000428119
          19   -0.711808   -0.710994 0.000407479
          20   -0.710229   -0.710955 0.000388453
          21   -0.714507   -0.711125 0.000406351
          22   -0.707509    -0.71096 0.000420849
          23   -0.710571   -0.710943 0.000402492
          24   -0.713776   -0.711061 0.000403027
          25   -0.709365   -0.710993 0.000392477
          26   -0.710421   -0.710971 0.000377722
          27   -0.714096   -0.711087 0.000381441
          28   -0.708699   -0.711002 0.000377335
          29   -0.710651    -0.71099 0.000364292
          30   -0.710272   -0.710966 0.000352752
           1   -0.699813   -0.699813           0
           2   -0.700912   -0.700363 0.000549333
           3   -0.702496   -0.701074 0.000778632
           4   -0.698464   -0.700421 0.000853708
           5   -0.702768   -0.700891 0.000810903
           6   -0.696384    -0.70014  0.00100127
           7   -0.698261   -0.699871 0.000887748
           8   -0.701696   -0.700099 0.000801935
           9   -0.700987   -0.700198  0.00071408
          10   -0.702704   -0.700449 0.000686099
          11   -0.699829   -0.700392 0.000623148
          12   -0.706437   -0.700896 0.000759846
          13    -0.69992   -0.700821 0.000702977
          14   -0.699984   -0.700761  0.00065357
          15   -0.699493   -0.700677 0.000614283
          16   -0.701733   -0.700743 0.000578392
          17   -0.703152   -0.700884 0.000561486
          18   -0.702677   -0.700984 0.000538664
          19   -0.703899   -0.701137 0.000532117
          20   -0.706149   -0.701388 0.000563588
          21   -0.699403   -0.701293 0.000544352
          22   -0.700384   -0.701252 0.000520663
          23   -0.698944   -0.701152 0.000507531
          24   -0.698965   -0.701061  0.00049439
          25   -0.697845   -0.700932 0.000491334
          26   -0.699947   -0.700894 0.000473577
          27   -0.705109    -0.70105   0.0004817
          28   -0.699088    -0.70098 0.000469439
          29   -0.701461   -0.700997 0.000453266
          30   -0.700485    -0.70098 0.000438228
           1   -0.692331   -0.692331           0
           2   -0.694075   -0.693203    0.000872
           3   -0.691045   -0.692484 0.000877828
           4   -0.691797   -0.692312 0.000643989
           5    -0.69248   -0.692346 0.000499962
           6   -0.689957   -0.691948 0.000570159
           7   -0.693312   -0.692142 0.000519803
           8   -0.693509   -0.692313 0.000481496
           9   -0.691248   -0.692195 0.000440829
          10     -0.6928   -0.692255 0.000398905
          11   -0.693067   -0.692329 0.000368282
          12   -0.691136    -0.69223  0.00035059
          13   -0.691376   -0.692164 0.000329115
          14   -0.690752   -0.692063 0.000320962
          15   -0.693525   -0.692161 0.000314296
          16   -0.690645   -0.692066 0.000308876
          17   -0.690645   -0.691982 0.000301934
          18   -0.692608   -0.692017  0.00028678
          19   -0.690453   -0.691935 0.000283479
          20   -0.690395   -0.691858 0.000279741
          21   -0.690112   -0.691775 0.000278772
          22   -0.693621   -0.691859 0.000278737
          23   -0.688597   -0.691717 0.000301736
          24   -0.689077   -0.691607 0.000309117
          25   -0.691381   -0.691598 0.000296632
          26   -0.694176   -0.691697 0.000301752
          27   -0.691232    -0.69168 0.000290871
          28   -0.691947   -0.691689 0.000280453
          29   -0.691333   -0.691677 0.000270888
          30   -0.694565   -0.691773  0.00027885
           1   -0.681888   -0.681888           0
           2    -0.68432   -0.683104    0.001216
           3   -0.683403   -0.683204 0.000709082
           4     -0.6824   -0.683003 0.000540143
           5   -0.680987   -0.682599 0.000581053
           6   -0.682053   -0.682508 0.000483081
           7   -0.678405   -0.681922 0.000714334
           8   -0.679227   -0.681585 0.000704444
           9   -0.680896   -0.681509 0.000625965
          10   -0.685035   -0.681861 0.000661655
          11   -0.682325   -0.681904 0.000599974
          12   -0.681168   -0.681842 0.000551118
          13   -0.681829   -0.681841 0.000506956
          14   -0.684075   -0.682001 0.000495721
          15   -0.682597   -0.682041 0.000463202
          16    -0.68432   -0.682183 0.000456106
          17    -0.68288   -0.682224 0.000430395
          18   -0.681632   -0.682191 0.000407111
          19   -0.687568   -0.682474  0.00047789
          20   -0.681051   -0.682403 0.000458918
          21    -0.68032   -0.682304 0.000447646
          22   -0.687408   -0.682536 0.000485797
          23   -0.682581   -0.682538   0.0004642
          24   -0.682245   -0.682526 0.000444604
          25   -0.682651   -0.682531 0.000426479
          26   -0.683653   -0.682574 0.000412017
          27   -0.684453   -0.682643 0.000402529
          28   -0.685675   -0.682752 0.000402711
          29   -0.680421   -0.682671 0.000396798
          30   -0.678853   -0.682544 0.000403916
           1    -0.67296    -0.67296           0
           2   -0.672672   -0.672816    0.000144
           3   -0.672581   -0.672738 0.000114152
           4   -0.670656   -0.672217 0.000526667
           5   -0.672464   -0.672267 0.000410926
           6   -0.672912   -0.672374 0.000352338
           7   -0.673755   -0.672571  0.00035716
           8   -0.672592   -0.672574  0.00030932
           9   -0.669627   -0.672247 0.000426217
          10   -0.674528   -0.672475 0.000444275
          11   -0.672405   -0.672468 0.000401911
          12   -0.672992   -0.672512 0.000369479
          13   -0.674267   -0.672647 0.000365692
          14   -0.673696   -0.672722 0.000346758
          15   -0.673589    -0.67278 0.000327952
          16   -0.668331   -0.672502 0.000414041
          17    -0.67328   -0.672547 0.000391609
          18   -0.673317    -0.67259 0.000371682
          19   -0.673659   -0.672646 0.000356045
          20   -0.675317    -0.67278 0.000363215
          21   -0.675771   -0.672922 0.000373687
          22    -0.67352    -0.67295 0.000357331
          23   -0.675061   -0.673041 0.000353571
          24   -0.676272   -0.673176 0.000364299
          25   -0.668379   -0.672984 0.000398648
          26   -0.672603   -0.672969 0.000383289
          27   -0.672176    -0.67294 0.000369989
          28   -0.673077   -0.672945 0.000356564
          29   -0.672091   -0.672915 0.000345308
          30   -0.675957   -0.673017 0.000348668
           1   -0.663045   -0.663045           0
           2   -0.666112   -0.664579  0.00153333
           3   -0.661904   -0.663687  0.00125641
           4   -0.663803   -0.663716 0.000888888
           5   -0.664496   -0.663872 0.000705981
           6   -0.663381    -0.66379 0.000582203
           7   -0.663376   -0.663731 0.000495597
           8   -0.664139   -0.663782 0.000432213
           9   -0.663717   -0.663775 0.000381244
          10   -0.660789   -0.663476  0.00045322
          11   -0.662373   -0.663376 0.000422037
          12   -0.661131   -0.663189 0.000428299
          13   -0.662251   -0.663117 0.000400533
          14   -0.664811   -0.663238 0.000390063
          15   -0.665168   -0.663366 0.000385256
          16   -0.667557   -0.663628 0.000445509
          17   -0.662032   -0.663534 0.000428889
          18   -0.662192    -0.66346 0.000411181
          19   -0.662245   -0.663396 0.000394156
          20   -0.665552   -0.663504 0.000389159
          21   -0.663856   -0.663521 0.000370544
          22   -0.663312   -0.663511 0.000353427
          23   -0.665275   -0.663588 0.000346307
          24   -0.665376   -0.663662 0.000339833
          25   -0.664517   -0.663696 0.000327746
          26   -0.664256   -0.663718 0.000315623
          27   -0.663243     -0.6637 0.000304218
          28   -0.664053   -0.663713 0.000293423
          29   -0.664693   -0.663747 0.000285135
          30   -0.667504   -0.663872 0.000302601
           1   -0.655867   -0.655867           0
           2   -0.656272   -0.656069 0.000202667
           3   -0.653824   -0.655321 0.000757536
           4    -0.65792   -0.655971 0.000842105
           5   -0.656389   -0.656054 0.000657644
           6   -0.655941   -0.656036 0.000537295
           7   -0.654203   -0.655774  0.00052418
           8   -0.656613   -0.655879 0.000465928
           9   -0.656965   -0.655999 0.000428282
          10   -0.657131   -0.656113 0.000399422
          11   -0.653419   -0.655868 0.000436469
          12   -0.654469   -0.655751  0.00041513
          13   -0.655259   -0.655713 0.000383738
          14     -0.6544   -0.655619 0.000367447
          15   -0.657568   -0.655749  0.00036591
          16   -0.652075    -0.65552  0.00041219
          17   -0.657653   -0.655645  0.00040702
          18   -0.654293    -0.65557 0.000391022
          19   -0.655173   -0.655549 0.000370459
          20   -0.651301   -0.655337 0.000410642
          21   -0.655296   -0.655335 0.000390603
          22   -0.655621   -0.655348 0.000372653
          23   -0.652427   -0.655221 0.000378055
          24   -0.655413   -0.655229 0.000362049
          25   -0.653627   -0.655165  0.00035313
          26   -0.655781   -0.655189 0.000340104
          27   -0.654443   -0.655161 0.000328429
          28   -0.657973   -0.655261 0.000332039
          29   -0.652475   -0.655165 0.000334485
          30   -0.651973   -0.655059 0.000340208
           1   -0.647131   -0.647131           0
           2   -0.647323   -0.647227     9.6e-05
           3   -0.647392   -0.647282 7.81616e-05
           4   -0.643611   -0.646364  0.00091944
           5   -0.646325   -0.646356 0.000712237
           6   -0.643259    -0.64584 0.000777637
           7   -0.643712   -0.645536 0.000724126
           8   -0.646827   -0.645697 0.000647532
           9   -0.644464    -0.64556 0.000587281
          10   -0.647333   -0.645738 0.000554397
          11   -0.649413   -0.646072 0.000602606
          12   -0.647301   -0.646174 0.000559563
          13   -0.644171    -0.64602 0.000537302
          14   -0.649483   -0.646267 0.000555537
          15   -0.650277   -0.646535 0.000582182
          16   -0.644421   -0.646403 0.000560371
          17   -0.643915   -0.646256 0.000546344
          18   -0.644987   -0.646186 0.000519905
          19   -0.644464   -0.646095 0.000500061
          20   -0.648032   -0.646192 0.000484183
          21   -0.643691   -0.646073 0.000475703
          22   -0.644389   -0.645996 0.000459976
          23   -0.646112   -0.646001 0.000439551
          24   -0.645232   -0.645969 0.000422057
          25   -0.647995    -0.64605  0.00041285
          26   -0.644597   -0.645994 0.000400571
          27    -0.64776    -0.64606 0.000390956
          28   -0.646709   -0.646083 0.000377448
          29   -0.643936   -0.646009  0.00037165
          30   -0.649563   -0.646127 0.000378083
           1   -0.639381   -0.639381           0
           2   -0.637509   -0.638445    0.000936
           3   -0.640752   -0.639214 0.000939799
           4   -0.637003   -0.638661 0.000864464
           5   -0.637205    -0.63837 0.000730189
           6   -0.638624   -0.638412 0.000597696
           7    -0.63648   -0.638136 0.000575659
           8   -0.637371   -0.638041  0.00050764
           9   -0.639568    -0.63821 0.000478781
          10   -0.638645   -0.638254 0.000430438
          11   -0.639808   -0.638395 0.000414188
          12   -0.637248     -0.6383 0.000389998
          13   -0.641152   -0.638519 0.000420527
          14   -0.638688   -0.638531  0.00038952
          15   -0.637072   -0.638434 0.000375442
          16   -0.638859    -0.63846 0.000352197
          17   -0.636176   -0.638326 0.000357079
          18   -0.637397   -0.638274 0.000340587
          19   -0.636971   -0.638206 0.000329389
          20   -0.637323   -0.638162  0.00031559
          21   -0.640155   -0.638257 0.000314832
          22   -0.639237   -0.638301 0.000303473
          23   -0.636699   -0.638231 0.000298231
          24   -0.638576   -0.638246 0.000285895
          25   -0.639088   -0.638279 0.000276283
          26   -0.638672   -0.638295 0.000265873
          27   -0.635851   -0.638204 0.000271376
          28   -0.638624   -0.638219 0.000261934
          29   -0.640261   -0.638289 0.000262369
          30    -0.63768   -0.638269 0.000254285
           1    -0.62776    -0.62776           0
           2   -0.630027   -0.628893  0.00113333
           3   -0.628885   -0.628891 0.000654336
           4   -0.627237   -0.628477 0.000620421
           5   -0.628901   -0.628562    0.000488
           6   -0.626027    -0.62814 0.000580805
           7   -0.629221   -0.628294 0.000514622
           8   -0.630021    -0.62851 0.000495219
           9   -0.629744   -0.628647 0.000457759
          10   -0.627952   -0.628578 0.000415291
          11   -0.630267   -0.628731 0.000405816
          12   -0.631072   -0.628926 0.000418678
          13   -0.627621   -0.628826 0.000397994
          14   -0.630928   -0.628976  0.00039789
          15   -0.628331   -0.628933 0.000372906
          16   -0.630811    -0.62905 0.000368034
          17   -0.630464   -0.629133 0.000355568
          18   -0.629723   -0.629166 0.000336827
          19   -0.632944   -0.629365 0.000375558
          20   -0.630395   -0.629417 0.000359985
          21   -0.629349   -0.629413 0.000342429
          22   -0.629205   -0.629404  0.00032663
          23   -0.632688   -0.629547 0.000343218
          24   -0.630699   -0.629595 0.000332094
          25   -0.629664   -0.629597 0.000318545
          26   -0.627456   -0.629515 0.000316937
          27   -0.631963   -0.629606 0.000318161
          28   -0.628117   -0.629553 0.000311161
          29   -0.628656   -0.629522 0.000301828
          30   -0.628624   -0.629492 0.000293124
           1   -0.618704   -0.618704           0
           2   -0.620427   -0.619565 0.000861333
           3    -0.61768   -0.618937 0.000801399
           4   -0.620464   -0.619319 0.000683282
           5   -0.625659   -0.620587  0.00137403
           6   -0.618699   -0.620272  0.00116518
           7   -0.622523   -0.620594  0.00103592
           8   -0.622725    -0.62086 0.000935871
           9    -0.62376   -0.621182 0.000886029
          10   -0.620368   -0.621101  0.00079666
          11   -0.619563   -0.620961 0.000734047
          12   -0.623584    -0.62118 0.000704841
          13   -0.620549   -0.621131 0.000650169
          14   -0.623829   -0.621324 0.000632042
          15   -0.620891   -0.621295 0.000589108
          16   -0.620523   -0.621247 0.000553169
          17   -0.623264   -0.621365  0.00053299
          18   -0.618491   -0.621206 0.000527276
          19   -0.622992     -0.6213 0.000507537
          20   -0.622411   -0.621355 0.000484686
          21   -0.621808   -0.621377 0.000461532
          22   -0.618795   -0.621259 0.000455437
          23   -0.624256    -0.62139 0.000454269
          24   -0.620128   -0.621337 0.000438095
          25   -0.618811   -0.621236 0.000432187
          26   -0.623141   -0.621309 0.000421649
          27   -0.620005   -0.621261 0.000408596
          28    -0.61664   -0.621096 0.000426923
          29   -0.623429   -0.621176 0.000419722
          30   -0.620971    -0.62117 0.000405548
           1     -0.6132     -0.6132           0
           2   -0.615136   -0.614168    0.000968
           3   -0.615221   -0.614519 0.000660015
           4   -0.611707   -0.613816 0.000843905
           5   -0.614907   -0.614034 0.000689121
           6   -0.614933   -0.614184 0.000582281
           7   -0.612507   -0.613944 0.000547355
           8   -0.613339   -0.613869 0.000480032
           9   -0.613909   -0.613873 0.000423372
          10   -0.615136   -0.613999 0.000399177
          11   -0.611237   -0.613748   0.0004398
          12   -0.612347   -0.613632 0.000418127
          13   -0.611968   -0.613504  0.00040535
          14   -0.616528    -0.61372 0.000433018
          15   -0.614528   -0.613774 0.000406704
          16   -0.608512   -0.613445 0.000502863
          17   -0.613643   -0.613456 0.000472501
          18   -0.612773   -0.613418 0.000447091
          19   -0.612027   -0.613345 0.000429202
          20   -0.614251    -0.61339 0.000409687
          21   -0.609931   -0.613226 0.000423084
          22   -0.618133   -0.613449 0.000460967
          23   -0.616357   -0.613575 0.000458264
          24   -0.615248   -0.613645 0.000444256
          25   -0.612875   -0.613614 0.000427228
          26   -0.611867   -0.613547 0.000415933
          27   -0.612891   -0.613523 0.000400969
          28   -0.616379   -0.613625 0.000399621
          29   -0.615915   -0.613704 0.000393598
          30   -0.616773   -0.613806 0.000393779
           1   -0.606016   -0.606016           0
           2   -0.606757   -0.606387 0.000370667
           3   -0.602411   -0.605061   0.0013425
           4   -0.605216     -0.6051 0.000950078
           5   -0.607195   -0.605519 0.000846814
           6   -0.604459   -0.605342 0.000713645
           7   -0.606432   -0.605498 0.000622909
           8   -0.603221   -0.605213 0.000609912
           9   -0.608267   -0.605553 0.000635944
          10   -0.605237   -0.605521 0.000569678
          11   -0.604784   -0.605454 0.000519632
          12   -0.607541   -0.605628 0.000505242
          13   -0.607499   -0.605772 0.000486522
          14   -0.607787   -0.605916 0.000472863
          15   -0.603653   -0.605765 0.000465335
          16   -0.607093   -0.605848 0.000443127
          17   -0.605488   -0.605827 0.000416784
          18   -0.603221   -0.605682 0.000418761
          19    -0.60616   -0.605707 0.000396906
          20   -0.603899   -0.605617 0.000387244
          21   -0.608213    -0.60574 0.000388541
          22   -0.604229   -0.605672 0.000376773
          23   -0.606176   -0.605694 0.000360686
          24   -0.603499   -0.605602 0.000357237
          25   -0.604331   -0.605551 0.000346404
          26   -0.604677   -0.605518 0.000334507
          27   -0.603125   -0.605429 0.000333853
          28   -0.605328   -0.605426 0.000321729
          29   -0.605429   -0.605426 0.000310437
          30   -0.603088   -0.605348 0.000309868
           1   -0.595184   -0.595184           0
           2   -0.596672   -0.595928    0.000744
           3   -0.597387   -0.596414 0.000648787
           4    -0.59728   -0.596631 0.000507258
           5   -0.595179    -0.59634 0.000488588
           6   -0.598512   -0.596702 0.000538663
           7   -0.596736   -0.596707 0.000455279
           8   -0.596133   -0.596635 0.000400752
           9   -0.595093   -0.596464 0.000392769
          10   -0.598603   -0.596678 0.000411282
          11   -0.599627   -0.596946 0.000458542
          12    -0.59736    -0.59698  0.00042001
          13   -0.600816   -0.597275 0.000486126
          14   -0.597285   -0.597276 0.000450066
          15   -0.600512   -0.597492 0.000471261
          16   -0.598427    -0.59755 0.000444679
          17   -0.595408   -0.597424 0.000436299
          18    -0.59648   -0.597372 0.000414678
          19   -0.598368   -0.597424 0.000395735
          20   -0.598325   -0.597469 0.000378121
          21   -0.596315   -0.597414 0.000363843
          22   -0.597909   -0.597437  0.00034764
          23   -0.598293   -0.597474 0.000334262
          24   -0.599941   -0.597577 0.000336137
          25    -0.59976   -0.597664 0.000334028
          26   -0.594459   -0.597541 0.000343792
          27   -0.595509   -0.597466 0.000339263
          28   -0.599077   -0.597523  0.00033195
          29   -0.597888   -0.597536 0.000320546
          30   -0.599829   -0.597612 0.000318974
           1   -0.591957   -0.591957           0
           2   -0.589307   -0.590632  0.00132533
           3   -0.588528   -0.589931  0.00103796
           4   -0.591024   -0.590204 0.000783196
           5   -0.591056   -0.590374 0.000630138
           6   -0.591088   -0.590493 0.000528073
           7   -0.588101   -0.590152 0.000562099
           8   -0.589456   -0.590065 0.000494497
           9   -0.591088   -0.590178 0.000450684
          10   -0.591344   -0.590295 0.000419619
          11   -0.588555   -0.590137 0.000411211
          12   -0.590656    -0.59018 0.000377869
          13   -0.591253   -0.590263  0.00035726
          14   -0.589803    -0.59023 0.000332386
          15   -0.589083   -0.590153 0.000318743
          16   -0.589664   -0.590123 0.000299721
          17   -0.588645   -0.590036 0.000294645
          18   -0.591344   -0.590108 0.000287145
          19   -0.591979   -0.590207 0.000288898
          20   -0.587552   -0.590074 0.000304527
          21   -0.590464   -0.590093 0.000290257
          22   -0.589813    -0.59008 0.000277041
          23   -0.591381   -0.590137   0.0002707
          24   -0.591141   -0.590178 0.000262535
          25   -0.589797   -0.590163 0.000252276
          26   -0.589739   -0.590147 0.000242928
          27   -0.590128   -0.590146 0.000233759
          28   -0.588256   -0.590079 0.000235154
          29   -0.590261   -0.590085 0.000226987
          30   -0.588949   -0.590047 0.000222534
           1   -0.585632   -0.585632           0
           2   -0.581419   -0.583525  0.00210667
           3    -0.58408    -0.58371  0.00123026
           4   -0.577829    -0.58224  0.00170831
           5   -0.582539     -0.5823   0.0013246
           6   -0.581595   -0.582182  0.00108789
           7   -0.580341   -0.581919  0.00095631
           8   -0.581088   -0.581815 0.000834681
           9    -0.58208   -0.581845 0.000736707
          10   -0.584411   -0.582101 0.000707128
          11       -0.58    -0.58191 0.000667538
          12   -0.584443   -0.582121 0.000644882
          13   -0.583995   -0.582265 0.000610458
          14   -0.584587   -0.582431 0.000588992
          15   -0.582997   -0.582469 0.000549619
          16   -0.585499   -0.582658 0.000547884
          17   -0.585243    -0.58281  0.00053663
          18   -0.585093   -0.582937 0.000521595
          19   -0.583211   -0.582952 0.000493589
          20   -0.584197   -0.583014 0.000472384
          21   -0.584304   -0.583075 0.000453508
          22   -0.581947   -0.583024 0.000435435
          23   -0.584021   -0.583067 0.000418326
          24   -0.583216   -0.583074 0.000400565
          25   -0.584336   -0.583124 0.000387513
          26   -0.581067   -0.583045 0.000380626
          27   -0.584379   -0.583094 0.000369574
          28   -0.582277   -0.583065 0.000357324
          29   -0.583072   -0.583065 0.000344782
          30   -0.584085   -0.583099 0.000334822
           1   -0.577056   -0.577056           0
           2   -0.574363   -0.575709  0.00134667
           3   -0.577296   -0.576238 0.000940334
           4   -0.575291   -0.576001 0.000705854
           5   -0.578123   -0.576426 0.000692055
           6    -0.57896   -0.576848 0.000705489
           7   -0.576144   -0.576747  0.00060467
           8   -0.573691   -0.576365 0.000648241
           9   -0.580869   -0.576866 0.000759789
          10   -0.574763   -0.576655 0.000711375
          11   -0.575317   -0.576534 0.000654861
          12   -0.573861   -0.576311  0.00063794
          13   -0.573072   -0.576062 0.000637526
          14   -0.577573    -0.57617 0.000600026
          15    -0.57576   -0.576143 0.000559261
          16   -0.576837   -0.576186  0.00052494
          17   -0.572005    -0.57594 0.000551018
          18   -0.576651    -0.57598 0.000521002
          19   -0.575019   -0.575929 0.000495407
          20   -0.575893   -0.575927 0.000469988
          21   -0.576112   -0.575936 0.000447134
          22    -0.57976    -0.57611 0.000460398
          23   -0.574352   -0.576033 0.000446515
          24   -0.576859   -0.576068 0.000428886
          25   -0.575451   -0.576043 0.000412113
          26   -0.579312   -0.576169 0.000415428
          27   -0.575893   -0.576159 0.000399876
          28   -0.574112   -0.576086 0.000392201
          29   -0.574699   -0.576038 0.000381445
          30   -0.575973   -0.576036 0.000368517
           1   -0.566987   -0.566987           0
           2   -0.569093    -0.56804  0.00105333
           3   -0.566757   -0.567612 0.000743398
           4   -0.568101   -0.567735 0.000539684
           5   -0.567696   -0.567727 0.000418109
           6   -0.568405    -0.56784 0.000359621
           7   -0.568176   -0.567888 0.000307702
           8   -0.569371   -0.568073  0.00032459
           9   -0.567243   -0.567981 0.000300773
          10   -0.568363   -0.568019 0.000271713
          11   -0.569733   -0.568175 0.000291012
          12    -0.56928   -0.568267 0.000281162
          13   -0.568736   -0.568303 0.000261134
          14   -0.565653   -0.568114 0.000307041
          15   -0.569525   -0.568208 0.000300929
          16   -0.567776   -0.568181 0.000282785
          17   -0.567429   -0.568137 0.000269286
          18   -0.567931   -0.568125 0.000254143
          19   -0.568309   -0.568135  0.00024059
          20   -0.567077   -0.568082  0.00023429
          21    -0.56896   -0.568124 0.000226741
          22   -0.567707   -0.568105  0.00021702
          23   -0.567045   -0.568059 0.000212426
          24   -0.565195    -0.56794 0.000235812
          25   -0.571797   -0.568094 0.000273807
          26   -0.565189   -0.567982 0.000285803
          27   -0.570027   -0.568058 0.000285248
          28   -0.567781   -0.568048 0.000275049
          29   -0.567627   -0.568033 0.000265793
          30   -0.570645   -0.568121 0.000271138
           1    -0.56352    -0.56352           0
           2   -0.562651   -0.563085 0.000434667
           3   -0.560245   -0.562139 0.000979365
           4   -0.562981   -0.562349  0.00072385
           5   -0.556181   -0.561116  0.00135504
           6   -0.558352   -0.560655  0.00119844
           7   -0.561136   -0.560724   0.0010152
           8   -0.560677   -0.560718 0.000879206
           9   -0.561915   -0.560851 0.000786704
          10   -0.562096   -0.560975  0.00071458
          11   -0.561109   -0.560988 0.000646476
          12   -0.563253   -0.561176 0.000619617
          13     -0.5612   -0.561178 0.000569967
          14   -0.558635   -0.560997 0.000558089
          15   -0.560363   -0.560954 0.000521268
          16   -0.560613   -0.560933 0.000488067
          17   -0.560224   -0.560891 0.000460353
          18   -0.561664   -0.560934 0.000436142
          19   -0.560613   -0.560917 0.000412895
          20   -0.561515   -0.560947 0.000392843
          21   -0.561493   -0.560973 0.000374573
          22   -0.561157   -0.560982 0.000357239
          23   -0.560891   -0.560978 0.000341377
          24   -0.559989   -0.560936 0.000329427
          25   -0.562811   -0.561011 0.000324747
          26   -0.560939   -0.561009  0.00031202
          27    -0.55976   -0.560962 0.000303782
          28   -0.563392   -0.561049 0.000305321
          29   -0.560832   -0.561042   0.0002947
          30   -0.561365   -0.561052 0.000284912
           1    -0.55648    -0.55648           0
           2   -0.553984   -0.555232    0.001248
           3    -0.55488   -0.555115 0.000730024
           4   -0.552939   -0.554571 0.000749936
           5     -0.5564   -0.554937 0.000686513
           6   -0.553915   -0.554766 0.000585838
           7   -0.553019   -0.554517 0.000554502
           8   -0.555691   -0.554663 0.000502139
           9   -0.554715   -0.554669 0.000442882
          10   -0.554784   -0.554681 0.000396292
          11   -0.556619   -0.554857 0.000399422
          12   -0.553029   -0.554704 0.000395143
          13   -0.553797   -0.554635 0.000370116
          14   -0.553616   -0.554562 0.000350301
          15   -0.555712   -0.554639 0.000335005
          16   -0.554677   -0.554641 0.000313377
          17   -0.554464   -0.554631 0.000294551
          18   -0.554117   -0.554602 0.000279165
          19   -0.554731   -0.554609 0.000264151
          20   -0.552757   -0.554516 0.000267148
          21   -0.552117   -0.554402 0.000278605
          22   -0.553067   -0.554341 0.000272486
          23   -0.554832   -0.554363 0.000261242
          24   -0.553392   -0.554322 0.000253369
          25   -0.552725   -0.554258 0.000251277
          26   -0.556133    -0.55433  0.00025196
          27   -0.553984   -0.554318 0.000242788
          28   -0.553605   -0.554292 0.000235335
          29   -0.555056   -0.554319 0.000228598
          30   -0.556187   -0.554381 0.000229458
           1   -0.546992   -0.546992           0
           2   -0.550693   -0.548843  0.00185067
           3   -0.547125    -0.54827  0.00121217
           4   -0.548192   -0.548251 0.000857354
           5   -0.547547    -0.54811 0.000678866
           6   -0.549269   -0.548303 0.000587011
           7   -0.548512   -0.548333 0.000497012
           8   -0.545856   -0.548023 0.000530217
           9   -0.547029   -0.547913 0.000480473
          10   -0.547344   -0.547856 0.000433497
          11   -0.546288   -0.547713 0.000417219
          12   -0.548107   -0.547746 0.000382274
          13      -0.548   -0.547766 0.000352183
          14   -0.544752    -0.54755 0.000390709
          15   -0.547931   -0.547576 0.000364612
          16   -0.545173   -0.547426 0.000372654
          17   -0.545872   -0.547334 0.000361782
          18   -0.544544   -0.547179 0.000374664
          19   -0.550437   -0.547351 0.000393702
          20   -0.549013   -0.547434 0.000382638
          21   -0.546933    -0.54741 0.000364741
          22   -0.549243   -0.547493 0.000357604
          23   -0.546864   -0.547466 0.000342796
          24   -0.545648    -0.54739 0.000336831
          25   -0.550368   -0.547509 0.000344334
          26   -0.548688   -0.547555 0.000333917
          27   -0.549397   -0.547623  0.00032848
          28   -0.548389    -0.54765 0.000317712
          29   -0.546469    -0.54761 0.000309254
          30   -0.547685   -0.547612 0.000298778
           1   -0.541701   -0.541701           0
           2   -0.537989   -0.539845    0.001856
           3   -0.542752   -0.540814  0.00144464
           4   -0.541413   -0.540964  0.00103244
           5    -0.54016   -0.540803 0.000815729
           6   -0.543355   -0.541228 0.000790217
           7    -0.54008   -0.541064 0.000687711
           8   -0.541893   -0.541168 0.000604522
           9   -0.540917    -0.54114 0.000533865
          10   -0.541429   -0.541169 0.000478379
          11   -0.544379   -0.541461 0.000521895
          12     -0.5448   -0.541739 0.000551733
          13   -0.542859   -0.541825 0.000514775
          14   -0.541109   -0.541774 0.000479324
          15   -0.541861    -0.54178 0.000446265
          16   -0.541365   -0.541754 0.000418246
          17   -0.539904   -0.541645 0.000407667
          18   -0.541579   -0.541641  0.00038437
          19   -0.545504   -0.541845 0.000416552
          20   -0.538235   -0.541664 0.000434449
          21   -0.544059   -0.541778 0.000428685
          22   -0.539792   -0.541688 0.000418588
          23   -0.543611   -0.541772 0.000408617
          24   -0.536677   -0.541559 0.000445093
          25   -0.541547   -0.541559 0.000426919
          26   -0.543093   -0.541618 0.000414395
          27   -0.542987   -0.541669 0.000401962
          28   -0.540267   -0.541618 0.000390562
          29    -0.54184   -0.541626 0.000376931
          30   -0.542448   -0.541654 0.000365179
           1    -0.53472    -0.53472           0
           2   -0.535163   -0.534941 0.000221333
           3   -0.534987   -0.534956 0.000128677
           4   -0.532741   -0.534403 0.000561203
           5   -0.532699   -0.534062 0.000552371
           6    -0.53648   -0.534465 0.000604844
           7   -0.534485   -0.534468 0.000511195
           8   -0.536544   -0.534727 0.000513169
           9   -0.533237   -0.534562 0.000481903
          10   -0.533365   -0.534442 0.000447325
          11   -0.533723   -0.534377 0.000409873
          12   -0.536192   -0.534528 0.000403584
          13   -0.535973   -0.534639 0.000387534
          14   -0.531771   -0.534434  0.00041317
          15   -0.534971    -0.53447 0.000386299
          16   -0.538197   -0.534703 0.000429932
          17   -0.538565    -0.53493 0.000463372
          18   -0.534619   -0.534913 0.000437214
          19   -0.533781   -0.534853 0.000417829
          20   -0.533707   -0.534796 0.000400512
          21   -0.535536   -0.534831  0.00038259
          22   -0.535088   -0.534843 0.000364971
          23   -0.536789   -0.534928 0.000358863
          24   -0.536907    -0.53501 0.000353343
          25   -0.536112   -0.535054 0.000341769
          26   -0.537141   -0.535134 0.000338032
          27   -0.535835    -0.53516 0.000326304
          28   -0.538043   -0.535263 0.000330857
          29   -0.533563   -0.535205 0.000324585
          30   -0.535072     -0.5352  0.00031361
           1   -0.529904   -0.529904           0
           2   -0.530005   -0.529955 5.06667e-05
           3   -0.529893   -0.529934 3.56886e-05
           4   -0.530203   -0.530001  7.1699e-05
           5   -0.529616   -0.529924 9.49932e-05
           6   -0.526917   -0.529423 0.000507122
           7   -0.529883   -0.529489 0.000433595
           8   -0.527915   -0.529292 0.000423933
           9   -0.526912   -0.529028 0.000457943
          10   -0.527669   -0.528892 0.000431529
          11   -0.528923   -0.528895 0.000390343
          12   -0.524219   -0.528505  0.00052802
          13   -0.527749   -0.528447 0.000489173
          14   -0.527045   -0.528347 0.000463817
          15   -0.527739   -0.528306 0.000433689
          16    -0.52784   -0.528277 0.000406723
          17   -0.531696   -0.528478 0.000431753
          18   -0.527387   -0.528417 0.000411552
          19   -0.527744   -0.528382   0.0003909
          20   -0.527979   -0.528362 0.000371388
          21   -0.530496   -0.528463 0.000367588
          22   -0.525232   -0.528317 0.000380016
          23   -0.532144   -0.528483 0.000399433
          24   -0.528256   -0.528474 0.000382545
          25   -0.530133    -0.52854 0.000372882
          26   -0.531771   -0.528664 0.000379191
          27   -0.529045   -0.528678  0.00036515
          28   -0.530523   -0.528744 0.000357979
          29   -0.529493    -0.52877 0.000346379
          30   -0.529013   -0.528778 0.000334732
           1   -0.520955   -0.520955           0
           2   -0.523952   -0.522453  0.00149867
           3   -0.521925   -0.522277 0.000882974
           4    -0.52272   -0.522388 0.000634089
           5   -0.524128   -0.522736 0.000601951
           6   -0.524043   -0.522954 0.000537579
           7   -0.520715   -0.522634 0.000555644
           8   -0.521904   -0.522543 0.000489775
           9   -0.522389   -0.522526 0.000432277
          10   -0.523205   -0.522594 0.000392569
          11   -0.521387   -0.522484 0.000371658
          12   -0.523829   -0.522596 0.000357322
          13   -0.522917   -0.522621 0.000329616
          14   -0.523339   -0.522672 0.000309444
          15   -0.521664   -0.522605 0.000295811
          16   -0.522651   -0.522608 0.000276721
          17   -0.521579   -0.522547 0.000266889
          18   -0.521915   -0.522512 0.000254066
          19   -0.520283   -0.522395 0.000267436
          20   -0.521781   -0.522364 0.000255559
          21   -0.524816   -0.522481 0.000269673
          22   -0.522336   -0.522474 0.000257208
          23   -0.521429   -0.522429 0.000249934
          24   -0.523365   -0.522468 0.000242454
          25   -0.521632   -0.522434 0.000234945
          26   -0.523253   -0.522466 0.000227915
          27   -0.524256   -0.522532 0.000229114
          28   -0.523392   -0.522563 0.000222905
          29   -0.520864   -0.522504 0.000222917
          30   -0.521509   -0.522471 0.000217897
           1   -0.515856   -0.515856           0
           2   -0.517344     -0.5166    0.000744
           3   -0.517045   -0.516748 0.000454475
           4   -0.513248   -0.515873 0.000932252
           5   -0.516021   -0.515903 0.000722726
           6   -0.516395   -0.515985 0.000595767
           7   -0.515712   -0.515946 0.000505022
           8   -0.516011   -0.515954 0.000437437
           9   -0.515088   -0.515858 0.000397602
          10   -0.515408   -0.515813 0.000358459
          11   -0.514933   -0.515733  0.00033395
          12   -0.515909   -0.515748 0.000305208
          13   -0.516688    -0.51582 0.000289921
          14   -0.518293   -0.515997 0.000321341
          15   -0.516784   -0.516049 0.000303723
          16   -0.514907   -0.515978 0.000292942
          17   -0.517205    -0.51605 0.000284489
          18   -0.515744   -0.516033 0.000268757
          19   -0.517781   -0.516125 0.000270361
          20   -0.514667   -0.516052  0.00026665
          21   -0.517808   -0.516136 0.000267063
          22   -0.514629   -0.516067 0.000263679
          23   -0.514512      -0.516 0.000260869
          24   -0.514315   -0.515929 0.000259441
          25   -0.516128   -0.515937 0.000248974
          26   -0.515568   -0.515923 0.000239628
          27   -0.519227   -0.516045 0.000261034
          28   -0.517115   -0.516084 0.000254421
          29   -0.515877   -0.516077 0.000245594
          30   -0.516533   -0.516092 0.000237755
           1   -0.507925   -0.507925           0
           2   -0.508064   -0.507995 6.93333e-05
           3   -0.510539   -0.508843 0.000848944
           4   -0.511669   -0.509549 0.000927217
           5   -0.507205   -0.509081 0.000857678
           6   -0.511248   -0.509442 0.000787976
           7   -0.509845   -0.509499 0.000668452
           8   -0.510773   -0.509659 0.000600398
           9   -0.512549    -0.50998 0.000619299
          10   -0.511328   -0.510115 0.000570088
          11   -0.511307   -0.510223 0.000526927
          12   -0.511104   -0.510296 0.000486586
          13   -0.513227   -0.510522 0.000501145
          14   -0.511115   -0.510564 0.000465899
          15   -0.510997   -0.510593 0.000434688
          16   -0.514213   -0.510819 0.000465329
          17   -0.508517   -0.510684 0.000457595
          18   -0.510197   -0.510657 0.000432271
          19   -0.507584   -0.510495 0.000439711
          20   -0.508032   -0.510372 0.000434947
          21   -0.509131   -0.510313 0.000417919
          22   -0.509253   -0.510265  0.00040137
          23   -0.509941   -0.510251  0.00038378
          24   -0.510453   -0.510259 0.000367538
          25   -0.511733   -0.510318 0.000357428
          26   -0.509077    -0.51027 0.000346706
          27   -0.511589   -0.510319 0.000337175
          28   -0.509936   -0.510306 0.000325199
          29   -0.511776   -0.510356 0.000317855
          30   -0.513616   -0.510465 0.000325735
           1   -0.503936   -0.503936           0
           2    -0.50592   -0.504928    0.000992
           3   -0.505072   -0.504976 0.000574739
           4   -0.506448   -0.505344 0.000548258
           5   -0.502448   -0.504765 0.000718209
           6   -0.505435   -0.504876 0.000596949
           7   -0.502896   -0.504594 0.000578427
           8    -0.50544   -0.504699 0.000511986
           9   -0.504005   -0.504622 0.000458066
          10    -0.50352   -0.504512 0.000424274
          11   -0.506507   -0.504693 0.000424454
          12   -0.504389   -0.504668 0.000388299
          13   -0.503264    -0.50456 0.000373154
          14   -0.503893   -0.504512  0.00034874
          15   -0.505056   -0.504549 0.000326676
          16   -0.505883   -0.504632 0.000316748
          17   -0.505856   -0.504704 0.000306121
          18   -0.502032   -0.504556 0.000324551
          19   -0.506661   -0.504666 0.000326388
          20   -0.504133    -0.50464 0.000310784
          21   -0.504459   -0.504631  0.00029574
          22   -0.504069   -0.504606 0.000283131
          23   -0.506768     -0.5047 0.000286412
          24   -0.504235    -0.50468 0.000274902
          25   -0.503808   -0.504645 0.000265975
          26   -0.504432   -0.504637 0.000255672
          27    -0.50408   -0.504616 0.000246884
          28   -0.502341   -0.504535 0.000251398
          29   -0.502144   -0.504453 0.000256205
          30   -0.503584   -0.504424 0.000249206
           1   -0.498656   -0.498656           0
           2   -0.498507   -0.498581 7.46667e-05
           3   -0.496965   -0.498043 0.000540389
           4   -0.496976   -0.497776 0.000465963
           5   -0.500352   -0.498291  0.00062905
           6   -0.499888   -0.498557 0.000578472
           7   -0.498293    -0.49852  0.00049035
           8   -0.500283    -0.49874 0.000478435
           9   -0.501872   -0.499088 0.000546935
          10   -0.498896   -0.499069  0.00048957
          11   -0.499877   -0.499142 0.000448891
          12   -0.499664   -0.499186  0.00041208
          13   -0.497696   -0.499071 0.000396002
          14   -0.502219   -0.499296 0.000430069
          15   -0.497296   -0.499163 0.000421991
          16   -0.499232   -0.499167  0.00039476
          17   -0.499147   -0.499166 0.000370814
          18    -0.49736   -0.499065 0.000363716
          19   -0.502176   -0.499229 0.000381006
          20   -0.502203   -0.499378 0.000390836
          21   -0.498965   -0.499358 0.000372278
          22   -0.496747    -0.49924 0.000374277
          23   -0.499296   -0.499242 0.000357643
          24   -0.496176   -0.499114 0.000365471
          25   -0.497301   -0.499042 0.000357969
          26   -0.497707    -0.49899 0.000347738
          27   -0.498112   -0.498958 0.000336188
          28   -0.494912   -0.498813 0.000354722
          29   -0.496763   -0.498743   0.0003495
          30   -0.498032   -0.498719 0.000338479
           1   -0.490032   -0.490032           0
           2   -0.491157   -0.490595 0.000562667
           3   -0.492544   -0.491244 0.000726459
           4   -0.494853   -0.492147  0.00103821
           5   -0.494923   -0.492702 0.000977227
           6   -0.495173   -0.493114 0.000897953
           7   -0.493115   -0.493114 0.000758909
           8   -0.495125   -0.493365 0.000703685
           9   -0.494192   -0.493457 0.000627353
          10    -0.49352   -0.493463 0.000561156
          11   -0.494475   -0.493555 0.000515842
          12   -0.493285   -0.493533 0.000471435
          13   -0.490507     -0.4933 0.000492187
          14   -0.492347   -0.493232 0.000460737
          15   -0.492336   -0.493172 0.000433063
          16   -0.494112   -0.493231 0.000409329
          17   -0.492811   -0.493206 0.000385291
          18   -0.490224   -0.493041 0.000399256
          19   -0.494981   -0.493143 0.000391228
          20   -0.491925   -0.493082  0.00037611
          21   -0.494016   -0.493126 0.000360507
          22   -0.494272   -0.493178 0.000347652
          23   -0.494064   -0.493217 0.000334417
          24   -0.492608   -0.493192 0.000321184
          25   -0.493408     -0.4932  0.00030819
          26   -0.490629   -0.493101 0.000312173
          27   -0.493317   -0.493109 0.000300495
          28   -0.493957    -0.49314 0.000291144
          29   -0.493253   -0.493144 0.000280953
          30    -0.49224   -0.493113 0.000273092
           1   -0.489547   -0.489547           0
           2   -0.490293    -0.48992 0.000373333
           3   -0.489099   -0.489646 0.000348444
           4   -0.488053   -0.489248 0.000468282
           5   -0.487061   -0.488811 0.000568184
           6   -0.489531   -0.488931 0.000479189
           7   -0.491125   -0.489244 0.000512165
           8   -0.487269   -0.488997 0.000507615
           9   -0.488139   -0.488902 0.000457728
          10   -0.489419   -0.488954 0.000412653
          11   -0.488816   -0.488941 0.000373468
          12   -0.489584   -0.488995 0.000345112
          13   -0.489589    -0.48904 0.000320736
          14   -0.490341   -0.489133 0.000311143
          15   -0.488469   -0.489089 0.000293022
          16   -0.487915   -0.489016 0.000283754
          17   -0.487867   -0.488948 0.000274977
          18   -0.489029   -0.488953  0.00025929
          19   -0.488955   -0.488953 0.000245264
          20   -0.488709   -0.488941 0.000232995
          21   -0.488357   -0.488913 0.000223356
          22   -0.488512   -0.488895 0.000213739
          23   -0.488336    -0.48887 0.000205674
          24   -0.488171   -0.488841 0.000199063
          25   -0.484229   -0.488657 0.000265492
          26    -0.49184   -0.488779 0.000282939
          27   -0.486235   -0.488685 0.000288106
          28   -0.490603   -0.488753 0.000285951
          29   -0.487051   -0.488695 0.000282092
          30   -0.488277   -0.488681 0.000272881
           1   -0.482603   -0.482603           0
           2   -0.485365   -0.483984  0.00138133
           3   -0.480256   -0.482741  0.00147657
           4   -0.481808   -0.482508  0.00106984
           5   -0.481541   -0.482315 0.000850952
           6   -0.480181   -0.481959 0.000780491
           7   -0.483024   -0.482111  0.00067695
           8   -0.484507   -0.482411 0.000658296
           9   -0.482672    -0.48244 0.000581288
          10   -0.481781   -0.482374 0.000524072
          11   -0.482757   -0.482409 0.000475321
          12   -0.481952   -0.482371 0.000435572
          13   -0.481797   -0.482327 0.000403088
          14   -0.482896   -0.482367 0.000375397
          15   -0.481963    -0.48234 0.000350515
          16   -0.482149   -0.482328 0.000328094
          17   -0.481371   -0.482272 0.000313297
          18   -0.480864   -0.482194 0.000305561
          19   -0.483909   -0.482284 0.000302807
          20   -0.486048   -0.482472 0.000343425
          21   -0.481648   -0.482433 0.000329012
          22   -0.483627   -0.482487 0.000318358
          23   -0.484725   -0.482585 0.000319386
          24    -0.48016   -0.482484 0.000322044
          25   -0.483269   -0.482515 0.000310489
          26   -0.485675   -0.482637 0.000322113
          27   -0.482096   -0.482616 0.000310599
          28   -0.484411   -0.482681 0.000306083
          29   -0.484005   -0.482726 0.000298852
          30   -0.482379   -0.482715 0.000288951
           1   -0.478763   -0.478763           0
           2   -0.477083   -0.477923     0.00084
           3   -0.479285   -0.478377 0.000664468
           4   -0.472939   -0.477017  0.00143845
           5   -0.479355   -0.477485  0.00120831
           6   -0.478096   -0.477587 0.000991827
           7   -0.478485   -0.477715 0.000848021
           8   -0.478976   -0.477873 0.000751131
           9   -0.476667   -0.477739 0.000675853
          10   -0.476608   -0.477626 0.000614984
          11   -0.476565   -0.477529 0.000564563
          12   -0.476539   -0.477447 0.000521942
          13   -0.476448    -0.47737 0.000486224
          14   -0.478427   -0.477445 0.000456441
          15   -0.477344   -0.477439 0.000424977
          16   -0.476912   -0.477406  0.00039889
          17   -0.478507    -0.47747 0.000380248
          18   -0.478581   -0.477532 0.000363774
          19   -0.477003   -0.477504 0.000345223
          20   -0.477344   -0.477496 0.000327605
          21   -0.477125   -0.477479 0.000312115
          22   -0.478325   -0.477517 0.000300068
          23   -0.476667    -0.47748   0.0002891
          24   -0.477632   -0.477486 0.000276864
          25   -0.479301   -0.477559 0.000275303
          26   -0.476277    -0.47751 0.000269057
          27   -0.478528   -0.477547 0.000261632
          28   -0.478501   -0.477582 0.000254406
          29   -0.476379    -0.47754 0.000248957
          30   -0.478245   -0.477564 0.000241661
           1   -0.472512   -0.472512           0
           2   -0.470533   -0.471523 0.000989333
           3   -0.472011   -0.471685 0.000593903
           4   -0.471947   -0.471751 0.000425004
           5   -0.471723   -0.471745 0.000329255
           6   -0.470688   -0.471569  0.00032142
           7   -0.474203   -0.471945  0.00046407
           8   -0.473296   -0.472114 0.000435928
           9   -0.473589   -0.472278 0.000417942
          10   -0.473739   -0.472424 0.000401345
          11   -0.471531   -0.472343 0.000372003
          12   -0.471664   -0.472286  0.00034427
          13   -0.475541   -0.472537 0.000403713
          14   -0.470443   -0.472387 0.000402581
          15   -0.469456   -0.472192 0.000422663
          16   -0.471461   -0.472146 0.000397991
          17   -0.473365   -0.472218 0.000380666
          18   -0.472768   -0.472248 0.000360195
          19   -0.473125   -0.472294 0.000343823
          20   -0.474864   -0.472423  0.00035057
          21   -0.473696   -0.472484 0.000338924
          22   -0.470837   -0.472409 0.000331702
          23   -0.470981   -0.472347 0.000322971
          24   -0.472747   -0.472363  0.00030967
          25    -0.47216   -0.472355 0.000297136
          26   -0.476453   -0.472513 0.000326102
          27   -0.470928   -0.472454 0.000319235
          28   -0.473339   -0.472486  0.00030924
          29   -0.472699   -0.472493 0.000298477
          30   -0.472704     -0.4725 0.000288441
           1   -0.468709   -0.468709           0
           2   -0.467067   -0.467888 0.000821333
           3   -0.468843   -0.468206 0.000571076
           4   -0.467264   -0.467971 0.000467494
           5   -0.466715   -0.467719 0.000440717
           6   -0.469771   -0.468061 0.000496347
           7   -0.465989   -0.467765 0.000513408
           8   -0.464907   -0.467408 0.000570419
           9    -0.46504   -0.467145 0.000567714
          10   -0.466912   -0.467122 0.000508313
          11   -0.466117    -0.46703 0.000468763
          12   -0.468336   -0.467139 0.000441537
          13   -0.468203   -0.467221 0.000414312
          14   -0.464565   -0.467031 0.000427917
          15   -0.465872   -0.466954 0.000405796
          16    -0.46864   -0.467059 0.000393943
          17   -0.466123   -0.467004 0.000374125
          18   -0.468267   -0.467074 0.000359633
          19   -0.466165   -0.467027 0.000343527
          20   -0.465456   -0.466948 0.000335225
          21   -0.467483   -0.466973 0.000319878
          22   -0.467995    -0.46702 0.000308504
          23   -0.466656   -0.467004  0.00029521
          24   -0.466107   -0.466967 0.000285104
          25    -0.46808   -0.467011 0.000277065
          26   -0.467301   -0.467022 0.000266429
          27    -0.46808   -0.467062 0.000259347
          28   -0.467851    -0.46709 0.000251497
          29   -0.466837   -0.467081 0.000242826
          30   -0.467755   -0.467103 0.000235664
           1   -0.460272   -0.460272           0
           2   -0.461285   -0.460779 0.000506667
           3   -0.459248   -0.460268  0.00058813
           4   -0.461867   -0.460668 0.000576709
           5   -0.461824   -0.460899    0.000503
           6   -0.459915   -0.460735 0.000442265
           7   -0.461808   -0.460888 0.000403986
           8   -0.460725   -0.460868 0.000350455
           9   -0.460437    -0.46082 0.000312755
          10   -0.462357   -0.460974 0.000319189
          11   -0.462965   -0.461155 0.000340785
          12   -0.462965   -0.461306 0.000345745
          13   -0.460379   -0.461234 0.000325937
          14   -0.459899   -0.461139 0.000316485
          15   -0.461013   -0.461131  0.00029475
          16   -0.461413   -0.461148 0.000276279
          17   -0.461088   -0.461145 0.000259543
          18   -0.460176   -0.461091 0.000250549
          19   -0.461947   -0.461136 0.000241237
          20   -0.461765   -0.461167  0.00023101
          21   -0.459835   -0.461104 0.000228717
          22   -0.461851   -0.461138 0.000220698
          23     -0.4608   -0.461123 0.000211396
          24   -0.464181   -0.461251 0.000239165
          25   -0.462795   -0.461312 0.000237568
          26    -0.45944    -0.46124 0.000239339
          27   -0.460523   -0.461214 0.000231833
          28   -0.462731   -0.461268 0.000229875
          29   -0.460149   -0.461229 0.000225136
          30   -0.463125   -0.461293 0.000226497
