           1    0.418584    0.418584           0
           2    0.397332    0.407958    0.010626
           3    0.376569    0.397495    0.012129
           4     0.36468    0.389291   0.0118684
           5    0.319975    0.375428   0.0166344
           6    0.387723    0.377477   0.0137357
           7    0.377343    0.377458   0.0116088
           8    0.344914     0.37339   0.0108454
           9    0.317126    0.367138   0.0114265
          10    0.394326    0.369857   0.0105756
          11    0.290279    0.362623   0.0119936
          12    0.342853    0.360975   0.0110718
          13    0.241632    0.351795   0.0137114
          14    0.378082    0.353673   0.0128324
          15    0.319253    0.351378   0.0121647
          16    0.337994    0.350541   0.0114097
          17    0.346829    0.350323   0.0107198
          18    0.349905      0.3503   0.0101068
          19    0.325628    0.349001  0.00964783
          20    0.313045    0.347204  0.00932762
          21    0.342319    0.346971  0.00887539
          22     0.32631    0.346032   0.0085143
          23    0.381743    0.347584  0.00828253
          24    0.286467    0.345038  0.00832879
          25    0.384307    0.346609  0.00814165
          26    0.311987    0.345277  0.00793477
          27    0.266144    0.342346  0.00817843
          28    0.345311    0.342452  0.00788165
          29    0.249309     0.33924  0.00825542
          30    0.352588    0.339685   0.0079879
           1     0.34333     0.34333           0
           2    0.410498    0.376914   0.0335839
           3    0.339069    0.364299   0.0231322
           4     0.33181    0.356177   0.0182625
           5    0.404762    0.365894    0.017162
           6    0.372185    0.366942   0.0140519
           7    0.346115    0.363967    0.012243
           8    0.381341    0.366139   0.0108229
           9    0.410693    0.371089   0.0107523
          10    0.388496     0.37283  0.00977341
          11    0.380921    0.373565  0.00887093
          12    0.383185    0.374367  0.00813759
          13    0.312186    0.369584  0.00888318
          14    0.323989    0.366327  0.00884558
          15    0.429365     0.37053  0.00924515
          16    0.348987    0.369183  0.00875223
          17    0.382025    0.369939  0.00825592
          18    0.361096    0.369447  0.00779924
          19    0.328404    0.367287   0.0076871
          20    0.316611    0.364753  0.00772027
          21      0.3969    0.366284   0.0075013
          22    0.342493    0.365203   0.0072335
          23    0.380617    0.365873  0.00694426
          24    0.387073    0.366756  0.00670704
          25    0.407926    0.368403   0.0066406
          26    0.343996    0.367464  0.00644878
          27    0.365801    0.367403  0.00620564
          28    0.353871    0.366919   0.0059994
          29    0.431346    0.369141   0.0062005
          30    0.364015     0.36897  0.00599269
           1    0.392926    0.392926           0
           2    0.394368    0.393647 0.000720996
           3    0.372496    0.386597  0.00706248
           4    0.385166    0.386239  0.00500671
           5    0.413715    0.391734  0.00672587
           6    0.373474    0.388691  0.00627856
           7    0.412451    0.392085  0.00629912
           8    0.381786    0.390798  0.00560504
           9    0.387233    0.390402  0.00495903
          10    0.408103    0.392172  0.00477566
          11    0.358027    0.389068  0.00531934
          12    0.367881    0.387302   0.0051669
          13    0.390358    0.387537  0.00475866
          14    0.416704    0.389621  0.00487341
          15    0.401114    0.390387  0.00460115
          16    0.307523    0.385208  0.00673397
          17    0.404148    0.386322  0.00642283
          18    0.403605    0.387282  0.00613115
          19    0.364632     0.38609  0.00592074
          20    0.371197    0.385345  0.00566606
          21    0.400248    0.386055  0.00543602
          22    0.391174    0.386288  0.00518826
          23    0.422039    0.387842  0.00519553
          24     0.38596    0.387764  0.00497496
          25    0.375948    0.387291  0.00479516
          26    0.396834    0.387658  0.00462164
          27    0.393027    0.387857  0.00445162
          28    0.428037    0.389292  0.00452335
          29     0.36478    0.388447  0.00444568
          30    0.383788    0.388291  0.00429774
           1    0.390313    0.390313           0
           2    0.442974    0.416644   0.0263302
           3    0.386941    0.406743   0.0181417
           4    0.433266    0.413374   0.0144405
           5    0.403179    0.411335   0.0113699
           6     0.44828    0.417492   0.0111399
           7    0.386065    0.413003   0.0104306
           8    0.385048    0.409508   0.0096855
           9    0.406337    0.409156  0.00854907
          10    0.447456    0.412986   0.0085521
          11     0.35116    0.407365  0.00956197
          12    0.393439    0.406205  0.00880565
          13     0.42912    0.407968  0.00828961
          14    0.333255    0.402631  0.00934775
          15    0.393158    0.401999  0.00872517
          16    0.396453    0.401653  0.00816901
          17    0.389647    0.400946  0.00770588
          18    0.474395    0.405027  0.00833264
          19    0.398728    0.404695  0.00788885
          20     0.38421    0.403671  0.00755379
          21    0.450709    0.405911  0.00752613
          22    0.441277    0.407519  0.00735375
          23    0.414467    0.407821  0.00703324
          24    0.425108    0.408541  0.00677223
          25    0.397379    0.408095  0.00651102
          26    0.396468    0.407647  0.00627155
          27    0.419641    0.408092  0.00605113
          28    0.442293    0.409313  0.00595758
          29    0.431209    0.410068  0.00579785
          30    0.404851    0.409894  0.00560395
           1    0.394944    0.394944           0
           2    0.398743    0.396844   0.0018994
           3    0.373108    0.388932  0.00798753
           4    0.431135    0.399483   0.0119675
           5    0.388842    0.397355   0.0095111
           6    0.450843    0.406269   0.0118228
           7    0.406647    0.406323  0.00999227
           8    0.426539     0.40885  0.00901498
           9    0.398087    0.407654  0.00803991
          10    0.405492    0.407438  0.00719436
          11    0.435837     0.41002  0.00700096
          12    0.422127    0.411029  0.00647013
          13    0.385872    0.409094  0.00625836
          14    0.420472    0.409906  0.00585084
          15    0.409966     0.40991  0.00544683
          16      0.4779     0.41416  0.00663448
          17    0.407057    0.413742    0.006246
          18    0.466962    0.416699  0.00658936
          19    0.421086     0.41693  0.00623719
          20    0.433502    0.417758  0.00597485
          21    0.408656    0.417325  0.00569972
          22    0.425408    0.417692  0.00544687
          23     0.40723    0.417237  0.00522451
          24    0.407546    0.416833  0.00501836
          25    0.406131    0.416405  0.00483244
          26    0.424825    0.416729  0.00465414
          27    0.444298     0.41775  0.00459338
          28    0.379585    0.416387  0.00463141
          29    0.404466    0.415976  0.00448772
          30    0.450149    0.417115  0.00448269
           1    0.435361    0.435361           0
           2     0.43719    0.436275 0.000914728
           3    0.454495    0.442349  0.00609616
           4     0.45052    0.444392  0.00477022
           5    0.422558    0.440025  0.00572025
           6    0.451814     0.44199  0.00506705
           7    0.464071    0.445144  0.00531878
           8     0.44124    0.444656  0.00463198
           9    0.475718    0.448108  0.00534781
          10    0.373581    0.440655  0.00885561
          11    0.399808    0.436941  0.00882906
          12    0.414591    0.435079  0.00827221
          13    0.479024    0.438459  0.00832638
          14    0.365081    0.433218   0.0093218
          15    0.444861    0.433994  0.00871277
          16    0.390134    0.431253   0.0085987
          17    0.424363    0.430848  0.00808724
          18    0.402212    0.429257  0.00778891
          19    0.485932     0.43224  0.00794853
          20     0.38301    0.429778  0.00793222
          21    0.469353    0.431663  0.00777684
          22    0.429453    0.431562   0.0074156
          23    0.357156    0.428327  0.00778941
          24    0.417823     0.42789  0.00747062
          25    0.424752    0.427764  0.00716667
          26    0.449925    0.428616  0.00693807
          27     0.43916    0.429007  0.00668757
          28    0.415163    0.428512  0.00646324
          29    0.413548    0.427996   0.0062577
          30    0.424491     0.42788  0.00604664
           1    0.415217    0.415217           0
           2    0.422632    0.418925  0.00370749
           3     0.42718    0.421676  0.00348622
           4    0.466063    0.432773   0.0113672
           5    0.435317    0.433282  0.00881971
           6    0.436948    0.433893  0.00722714
           7    0.396839      0.4286  0.00808263
           8    0.429701    0.428737  0.00700112
           9    0.433033    0.429214  0.00619282
          10    0.439744    0.430267  0.00563823
          11    0.421903    0.429507  0.00515634
          12    0.472446    0.433085  0.00591274
          13    0.430807     0.43291  0.00544176
          14    0.436907    0.433196  0.00504617
          15    0.429136    0.432925  0.00470552
          16    0.474984    0.435554  0.00512681
          17    0.447794    0.436274  0.00486933
          18    0.373744      0.4328  0.00575707
          19    0.411109    0.431658  0.00556402
          20    0.449503     0.43255  0.00535337
          21    0.401572    0.431075  0.00530144
          22    0.484537    0.433505  0.00560852
          23    0.423642    0.433076  0.00537626
          24    0.456936    0.434071  0.00524251
          25    0.452576    0.434811  0.00508262
          26    0.445665    0.435228  0.00490104
          27     0.38119    0.433227  0.00512314
          28    0.449405    0.433805  0.00497048
          29    0.423765    0.433458   0.0048085
          30    0.417637    0.432931  0.00467529
           1    0.453792    0.453792           0
           2    0.414454    0.434123   0.0196692
           3     0.38035    0.416199   0.0212189
           4     0.36828    0.404219   0.0191998
           5    0.449083    0.413192   0.0173693
           6    0.422982    0.414824   0.0142755
           7    0.462354    0.421614   0.0138445
           8    0.413725    0.420628   0.0120301
           9    0.443752    0.423197   0.0109163
          10    0.461749    0.427052   0.0104974
          11    0.404861    0.425035  0.00970717
          12    0.424521    0.424992  0.00886149
          13    0.460969    0.427759  0.00860838
          14    0.437327    0.428443  0.00799906
          15    0.433137    0.428756  0.00745329
          16     0.43852    0.429366  0.00699857
          17    0.475303    0.432068   0.0071077
          18    0.472776     0.43433  0.00707253
          19    0.359717    0.430403  0.00775736
          20    0.425302    0.430148  0.00736369
          21    0.440993    0.430664  0.00702328
          22    0.445523     0.43134  0.00673041
          23    0.470433    0.433039  0.00665196
          24    0.390461    0.431265  0.00661124
          25     0.43782    0.431527   0.0063467
          26    0.405971    0.430544  0.00617643
          27    0.416789    0.430035  0.00596507
          28    0.451084    0.430787  0.00579703
          29    0.429554    0.430744  0.00559373
          30    0.466875    0.431949  0.00553663
           1    0.410798    0.410798           0
           2    0.449475    0.430136   0.0193381
           3    0.453191    0.437821    0.013554
           4    0.456566    0.442507   0.0106684
           5    0.440051    0.442016  0.00827831
           6    0.443901     0.44233  0.00676651
           7    0.451769    0.443679  0.00587555
           8    0.422884    0.441079  0.00571382
           9    0.408382    0.437446   0.0062122
          10    0.472691    0.440971  0.00657992
          11    0.427949    0.439787  0.00606834
          12    0.407784     0.43712  0.00614816
          13    0.419243    0.435745  0.00582028
          14    0.419742    0.434602  0.00550843
          15    0.450552    0.435665  0.00523716
          16    0.443541    0.436157  0.00492358
          17    0.460363    0.437581  0.00483911
          18    0.430455    0.437185   0.0045795
          19    0.418504    0.436202  0.00444196
          20    0.445605    0.436672  0.00424016
          21    0.404078     0.43512  0.00432155
          22    0.418266    0.434354  0.00419105
          23    0.430087    0.434169  0.00400898
          24    0.433832    0.434155  0.00383833
          25    0.413318    0.433321  0.00377476
          26    0.415465    0.432634  0.00369112
          27    0.388667    0.431006   0.0039073
          28    0.424195    0.430763  0.00377301
          29    0.427697    0.430657  0.00364212
          30    0.427202    0.430542  0.00352051
           1    0.412967    0.412967           0
           2     0.43232    0.422644  0.00967652
           3    0.413966    0.419751  0.00629119
           4    0.457182    0.429109   0.0103614
           5    0.440943    0.431476  0.00836762
           6    0.418836    0.429369  0.00714952
           7    0.429655     0.42941  0.00604259
           8    0.420302    0.428271  0.00535545
           9    0.440225    0.429599  0.00490627
          10      0.4896    0.435599  0.00743354
          11    0.456147    0.437467  0.00697853
          12    0.415474    0.435635  0.00662891
          13     0.43207     0.43536  0.00610387
          14    0.428479    0.434869  0.00567243
          15     0.44661    0.435652  0.00533844
          16    0.396283    0.433191  0.00556695
          17    0.422328    0.432552  0.00526813
          18     0.41833    0.431762   0.0050293
          19    0.417292       0.431  0.00481781
          20     0.41557    0.430229  0.00463523
          21    0.444161    0.430892  0.00445862
          22    0.466597    0.432515  0.00455039
          23     0.45347    0.433426  0.00444247
          24     0.44699    0.433991  0.00429072
          25    0.449084    0.434595  0.00415956
          26    0.451537    0.435247  0.00404915
          27    0.460184     0.43617  0.00400426
          28    0.426724    0.435833  0.00387333
          29    0.462041    0.436737  0.00384509
          30    0.420727    0.436203  0.00375284
           1    0.437766    0.437766           0
           2    0.429528    0.433647  0.00411925
           3    0.443968    0.437087  0.00418221
           4    0.435572    0.436708  0.00298144
           5    0.470801    0.443527  0.00719897
           6    0.424834    0.440411  0.00665257
           7    0.448123    0.441513  0.00572936
           8    0.432603    0.440399  0.00508524
           9    0.448631    0.441314  0.00457707
          10    0.399265    0.437109  0.00586865
          11     0.47305    0.440376  0.00623337
          12    0.455129    0.441606  0.00582155
          13    0.411058    0.439256  0.00584794
          14     0.44394     0.43959  0.00542447
          15    0.408736    0.437533  0.00545276
          16    0.450314    0.438332  0.00516276
          17    0.437615     0.43829  0.00484976
          18    0.448608    0.438863  0.00460818
          19    0.427333    0.438256  0.00440095
          20    0.429784    0.437833  0.00419654
          21    0.394845    0.435786  0.00448599
          22    0.431397    0.435586  0.00428188
          23    0.419568     0.43489  0.00415032
          24    0.422995    0.434394  0.00400442
          25    0.419076    0.433781  0.00388947
          26    0.445263    0.434223  0.00376288
          27     0.43566    0.434276  0.00362123
          28    0.418367    0.433708  0.00353546
          29    0.440826    0.433953  0.00342019
          30    0.437777    0.434081  0.00330667
           1    0.439334    0.439334           0
           2    0.435872    0.437603  0.00173096
           3    0.434572    0.436593  0.00142098
           4    0.438069    0.436962  0.00107047
           5    0.451718    0.439913  0.00306553
           6    0.420991    0.436759  0.00402618
           7    0.398157    0.431245  0.00647994
           8    0.416716    0.429429  0.00589835
           9    0.420942    0.428486  0.00528663
          10    0.424514    0.428089  0.00474516
          11     0.44208    0.429361  0.00447666
          12    0.413356    0.428027  0.00429875
          13    0.428523    0.428065  0.00395446
          14    0.422933    0.427698  0.00367943
          15    0.441674     0.42863  0.00354981
          16    0.450048    0.429969  0.00358021
          17    0.446212    0.430924  0.00349612
          18    0.432421    0.431007  0.00329722
          19    0.410974    0.429953  0.00329226
          20    0.436813    0.430296   0.0031421
          21    0.456613    0.431549  0.00324084
          22    0.439056     0.43189   0.0031088
          23    0.454338    0.432866  0.00312679
          24    0.460909    0.434035  0.00321361
          25     0.44258    0.434377  0.00310128
          26    0.437992    0.434516  0.00298286
          27    0.444732    0.434894  0.00289509
          28    0.434795    0.434891  0.00278978
          29    0.455348    0.435596  0.00278276
          30    0.441468    0.435792  0.00269552
           1    0.441937    0.441937           0
           2    0.455439    0.448688  0.00675115
           3    0.434413     0.44393  0.00615081
           4    0.464764    0.449138  0.00678569
           5    0.423122    0.443935  0.00739598
           6    0.434724      0.4424  0.00623088
           7    0.433759    0.441165  0.00540879
           8    0.461207    0.443671  0.00531199
           9    0.420518    0.441098  0.00534459
          10    0.420821     0.43907  0.00519264
          11    0.411733    0.436585  0.00531387
          12    0.426411    0.435737  0.00492442
          13    0.445741    0.436507   0.0045947
          14    0.422748    0.435524  0.00436592
          15    0.448106    0.436363   0.0041501
          16    0.434585    0.436252  0.00388365
          17    0.425991    0.435648  0.00369765
          18    0.417729    0.434653  0.00362554
          19    0.445629     0.43523  0.00347774
          20    0.421341    0.434536  0.00337157
          21    0.456005    0.435558  0.00336601
          22    0.452101     0.43631  0.00329627
          23    0.451946     0.43699  0.00322222
          24    0.457753    0.437855  0.00320405
          25    0.434995    0.437741  0.00307534
          26    0.460033    0.438598  0.00307659
          27    0.456215    0.439251   0.0030315
          28    0.406988    0.438098  0.00314025
          29     0.43825    0.438104  0.00303004
          30    0.467453    0.439082  0.00308644
           1    0.430116    0.430116           0
           2    0.440363    0.435239  0.00512356
           3    0.450148    0.440209  0.00578338
           4    0.443505    0.441033  0.00417165
           5    0.431731    0.439173  0.00372867
           6    0.431429    0.437882  0.00330668
           7    0.433326    0.437231  0.00286945
           8    0.463321    0.440492  0.00410008
           9    0.434308    0.439805  0.00368065
          10     0.44202    0.440027  0.00329952
          11     0.45154    0.441073  0.00316274
          12    0.454639    0.442204  0.00310059
          13    0.437344     0.44183  0.00287652
          14     0.43343     0.44123  0.00272989
          15    0.441601    0.441255  0.00254151
          16    0.423858    0.440167  0.00261421
          17     0.42165    0.439078  0.00268637
          18    0.467954    0.440682  0.00299805
          19    0.429187    0.440077  0.00289969
          20    0.425047    0.439326  0.00285169
          21     0.42553    0.438669  0.00279092
          22    0.461559    0.439709  0.00285721
          23    0.460629    0.440619  0.00287768
          24    0.449882    0.441005  0.00278207
          25    0.406981    0.439644  0.00299549
          26    0.464477    0.440599  0.00303232
          27    0.440811    0.440607  0.00291786
          28    0.435139    0.440412  0.00281849
          29    0.437091    0.440297  0.00272198
          30    0.456364    0.440833  0.00268366
           1    0.432116    0.432116           0
           2    0.459217    0.445666   0.0135505
           3    0.449025    0.446786  0.00790308
           4    0.419625    0.439996   0.0087941
           5    0.424328    0.436862  0.00749808
           6    0.436048    0.436726  0.00612365
           7        0.42    0.434337  0.00570042
           8    0.424493    0.433106  0.00508775
           9    0.422812    0.431963  0.00463047
          10    0.418626    0.430629  0.00435105
          11    0.453876    0.432742  0.00446722
          12     0.43791    0.433173  0.00410066
          13    0.441035    0.433778  0.00382024
          14    0.455273    0.435313  0.00385574
          15    0.448201    0.436172   0.0036909
          16    0.436686    0.436204  0.00345267
          17    0.434857    0.436125  0.00324419
          18    0.424027    0.435453  0.00313163
          19    0.435198     0.43544  0.00296225
          20    0.411192    0.434227  0.00306061
          21    0.449897    0.434973  0.00300533
          22     0.43548    0.434996  0.00286556
          23    0.450545    0.435672  0.00282035
          24    0.447582    0.436169   0.0027455
          25     0.45304    0.436844  0.00271849
          26    0.453976    0.437503  0.00269368
          27    0.432549    0.437319  0.00259848
          28     0.41522     0.43653   0.0026254
          29    0.460871    0.437369  0.00266868
          30       0.417     0.43669   0.0026661
           1    0.442964    0.442964           0
           2    0.455539    0.449252  0.00628744
           3    0.446437    0.448314  0.00374932
           4    0.447291    0.448058  0.00266347
           5    0.415315    0.441509  0.00686581
           6    0.444296    0.441974  0.00562511
           7    0.444662    0.442358  0.00476958
           8    0.438436    0.441868  0.00415956
           9    0.442122    0.441896   0.0036685
          10    0.436453    0.441352  0.00332604
          11    0.433899    0.440674  0.00308387
          12    0.425293    0.439392  0.00309325
          13    0.432131    0.438834  0.00289968
          14    0.434158      0.4385  0.00270528
          15    0.427907    0.437794  0.00261562
          16       0.466    0.439556  0.00301563
          17    0.444471    0.439846   0.0028474
          18    0.425881     0.43907  0.00279441
          19    0.440283    0.439134  0.00264402
          20    0.432928    0.438823  0.00252746
          21    0.417328      0.4378  0.00261292
          22    0.440838    0.437938  0.00249515
          23     0.46682    0.439194  0.00269468
          24    0.449092    0.439606  0.00261271
          25    0.442411    0.439718  0.00250854
          26    0.426545    0.439212  0.00246281
          27    0.436057    0.439095  0.00237272
          28    0.431587    0.438827  0.00230208
          29    0.444661    0.439028  0.00223037
          30    0.445491    0.439243  0.00216549
           1    0.450108    0.450108           0
           2    0.436321    0.443215   0.0068933
           3    0.436258    0.440896  0.00460614
           4    0.432965    0.438913    0.003813
           5    0.439678    0.439066  0.00295751
           6    0.435748    0.438513  0.00247732
           7    0.431854    0.437562  0.00229967
           8    0.423471      0.4358  0.00265874
           9    0.456828    0.438137   0.0033101
          10    0.468624    0.441185  0.00424971
          11    0.429648    0.440137  0.00398454
          12    0.437684    0.439932  0.00364311
          13    0.428071     0.43902  0.00347317
          14     0.41571    0.437355  0.00362102
          15    0.434032    0.437133  0.00337826
          16    0.439489    0.437281   0.0031635
          17    0.442695    0.437599  0.00298861
          18    0.438637    0.437657  0.00281827
          19    0.433531     0.43744  0.00267465
          20    0.425352    0.436835  0.00260838
          21    0.450824    0.437501  0.00256893
          22    0.430326    0.437175    0.002471
          23    0.427959    0.436774  0.00239488
          24    0.409589    0.435642  0.00255746
          25     0.42842    0.435353  0.00246997
          26    0.438778    0.435485  0.00237673
          27    0.422908    0.435019  0.00233396
          28     0.44585    0.435406  0.00228208
          29    0.430878    0.435249  0.00220751
          30     0.44214    0.435479    0.002145
           1    0.431172    0.431172           0
           2     0.43276    0.431966 0.000793868
           3     0.42406     0.42933  0.00267493
           4    0.435692    0.430921   0.0024713
           5    0.457501    0.436237   0.0056501
           6    0.437784    0.436495  0.00462049
           7    0.432195     0.43588  0.00395305
           8    0.423084    0.434281  0.00377868
           9    0.413229    0.431942  0.00407145
          10    0.449146    0.433662  0.00402756
          11    0.426687    0.433028  0.00369784
          12    0.441048    0.433696  0.00344117
          13    0.435326    0.433822   0.0031679
          14    0.432307    0.433714   0.0029349
          15    0.450705    0.434846  0.00295775
          16    0.438355    0.435066   0.0027754
          17    0.421853    0.434288  0.00272043
          18    0.414688      0.4332  0.00278642
          19    0.421457    0.432582  0.00270717
          20    0.434092    0.432657  0.00256936
          21    0.430644    0.432561  0.00244583
          22    0.429061    0.432402  0.00233743
          23    0.433048     0.43243  0.00223366
          24    0.440581     0.43277  0.00216537
          25     0.43209    0.432743  0.00207713
          26    0.449528    0.433388  0.00209747
          27    0.450835    0.434034  0.00211921
          28    0.438061    0.434178  0.00204718
          29    0.425511    0.433879  0.00199781
          30    0.425049    0.433585  0.00195238
           1    0.437787    0.437787           0
           2    0.445043    0.441415  0.00362772
           3    0.415452    0.432761  0.00890434
           4    0.422603    0.430221  0.00678911
           5    0.416531    0.427483  0.00592893
           6    0.436576    0.428999  0.00507262
           7    0.435907    0.429986  0.00439928
           8    0.453377     0.43291  0.00480256
           9    0.443524    0.434089   0.0043966
          10    0.436078    0.434288  0.00393747
          11    0.426002    0.433535  0.00364035
          12    0.416535    0.432118  0.00361251
          13    0.431214    0.432048  0.00332375
          14    0.409748    0.430456  0.00346502
          15    0.418442    0.429655  0.00332369
          16    0.420751    0.429098  0.00315844
          17    0.427117    0.428982  0.00296913
          18    0.408073     0.42782  0.00303076
          19     0.40902    0.426831  0.00303277
          20    0.436739    0.427326  0.00291948
          21    0.428843    0.427398  0.00277792
          22    0.416784    0.426916  0.00269222
          23    0.439289    0.427454  0.00262815
          24    0.422095     0.42723  0.00252615
          25    0.433956    0.427499  0.00243789
          26    0.428297     0.42753  0.00234245
          27      0.4371    0.427885  0.00228172
          28    0.426798    0.427846  0.00219906
          29    0.426522      0.4278  0.00212237
          30    0.425181    0.427713  0.00205226
           1    0.418521    0.418521           0
           2    0.430208    0.424364  0.00584338
           3    0.410688    0.419806  0.00567144
           4    0.408169    0.416896   0.0049544
           5    0.435971    0.420711  0.00541119
           6    0.409325    0.418813  0.00480854
           7     0.41872      0.4188  0.00406398
           8    0.415628    0.418404  0.00354177
           9    0.424689    0.419102  0.00320067
          10    0.445558    0.421748  0.00389805
          11    0.432168    0.422695  0.00365097
          12     0.43344     0.42359  0.00345104
          13    0.417958    0.423157  0.00320392
          14    0.427172    0.423444  0.00298009
          15    0.431227    0.423963  0.00282242
          16    0.418686    0.423633  0.00266065
          17    0.408143    0.422722  0.00266015
          18     0.42806    0.423018  0.00252549
          19    0.416429    0.422672  0.00241392
          20    0.419064    0.422491  0.00229714
          21    0.430956    0.422894  0.00222188
          22    0.435841    0.423483   0.0021987
          23    0.407041    0.422768  0.00221923
          24    0.440793    0.423519  0.00225358
          25    0.441166    0.424225   0.0022739
          26     0.41658    0.423931  0.00220439
          27    0.430577    0.424177  0.00213541
          28    0.412756    0.423769  0.00209776
          29    0.425609    0.423833  0.00202513
          30    0.430545    0.424056  0.00196921
           1    0.413481    0.413481           0
           2    0.421041    0.417261  0.00378026
           3    0.411575    0.415365  0.00289064
           4    0.420752    0.416712  0.00244769
           5    0.411136    0.415597  0.00219962
           6    0.425278     0.41721  0.00241436
           7    0.419845    0.417587  0.00207491
           8    0.414101    0.417151  0.00184899
           9    0.423181    0.417821  0.00176293
          10    0.418453    0.417884  0.00157807
          11    0.436216    0.419551  0.00219431
          12     0.40521    0.418356  0.00233251
          13    0.404804    0.417313  0.00238543
          14    0.405787     0.41649  0.00235696
          15    0.412447     0.41622   0.0022107
          16    0.416854     0.41626   0.0020683
          17    0.428358    0.416972  0.00206906
          18    0.405035    0.416308  0.00206036
          19    0.425575    0.416796    0.002009
          20    0.405661    0.416239  0.00198557
          21    0.416584    0.416256  0.00188872
          22    0.433735     0.41705  0.00196829
          23    0.427813    0.417518  0.00193811
          24    0.406712    0.417068  0.00190945
          25    0.406254    0.416635  0.00188186
          26    0.430763    0.417179  0.00188792
          27    0.417689    0.417198  0.00181675
          28    0.422106    0.417373  0.00175942
          29    0.410124    0.417123  0.00171597
          30    0.420389    0.417232  0.00166136
           1    0.420193    0.420193           0
           2    0.419534    0.419864 0.000329382
           3    0.411184     0.41697  0.00289956
           4    0.405498    0.414102   0.0035255
           5    0.419465    0.415175  0.00293392
           6    0.437092    0.418828  0.00436831
           7    0.418475    0.418778  0.00369224
           8    0.409639    0.417635  0.00339549
           9    0.412487    0.417063  0.00304868
          10    0.403037    0.415661  0.00306643
          11    0.409881    0.415135  0.00282302
          12    0.411362    0.414821  0.00259616
          13    0.426063    0.415685  0.00253989
          14    0.419342    0.415947  0.00236595
          15    0.420336    0.416239  0.00222193
          16    0.421144    0.416546  0.00210091
          17    0.423773    0.416971  0.00201873
          18    0.413783    0.416794   0.0019115
          19     0.40596    0.416224  0.00189588
          20    0.434234    0.417124  0.00201142
          21    0.413389    0.416946   0.0019215
          22    0.425197    0.417321  0.00187007
          23    0.405489    0.416807  0.00185949
          24    0.419703    0.416928  0.00178441
          25      0.4254    0.417266  0.00174478
          26    0.418023    0.417296  0.00167658
          27    0.419728    0.417386  0.00161581
          28    0.429913    0.417833  0.00162003
          29    0.421112    0.417946  0.00156725
          30     0.42631    0.418225  0.00153956
           1    0.417609    0.417609           0
           2     0.42031     0.41896  0.00135068
           3    0.426117    0.421346  0.00251016
           4    0.405008    0.417261  0.00445343
           5    0.418893    0.417588  0.00346502
           6    0.421027    0.418161  0.00288666
           7    0.417986    0.418136   0.0024398
           8    0.405527     0.41656  0.00263603
           9    0.421733    0.417135  0.00239477
          10    0.401925    0.415614  0.00262703
          11    0.411984    0.415284  0.00239904
          12    0.410968    0.414924  0.00221935
          13    0.416321    0.415031  0.00204433
          14    0.419995    0.415386   0.0019256
          15    0.406253    0.414777  0.00189321
          16    0.404486    0.414134  0.00188412
          17    0.401084    0.413366  0.00192914
          18     0.40411    0.412852  0.00189011
          19    0.415141    0.412973  0.00179192
          20    0.413765    0.413012  0.00170042
          21    0.395788    0.412192  0.00181349
          22    0.404417    0.411839  0.00176484
          23     0.42482    0.412403  0.00177831
          24    0.396918    0.411758  0.00182076
          25    0.393169    0.411014   0.0018981
          26    0.408425    0.410915  0.00182635
          27    0.407824      0.4108  0.00176113
          28    0.403331    0.410533  0.00171791
          29     0.40926    0.410489  0.00165819
          30    0.408014    0.410407  0.00160409
           1    0.399637    0.399637           0
           2    0.402082     0.40086  0.00122273
           3    0.414404    0.405374  0.00456973
           4    0.406128    0.405563  0.00323677
           5     0.38669    0.401788  0.00453129
           6    0.406286    0.402538  0.00377495
           7    0.388659    0.400555  0.00375628
           8    0.411339    0.401903  0.00352126
           9    0.411461    0.402965  0.00328204
          10    0.398192    0.402488   0.0029741
          11    0.387539    0.401129  0.00301394
          12    0.413839    0.402188  0.00294815
          13    0.404223    0.402345  0.00271642
          14    0.406634    0.402651  0.00253351
          15    0.402152    0.402618   0.0023588
          16    0.395762    0.402189  0.00224767
          17    0.396417     0.40185  0.00213845
          18    0.414073    0.402529  0.00212743
          19    0.409038    0.402871   0.0020413
          20    0.396583    0.402557  0.00196191
          21    0.410361    0.402929   0.0019028
          22    0.413362    0.403403  0.00187521
          23    0.420184    0.404132  0.00193468
          24    0.394807    0.403744  0.00189263
          25    0.406572    0.403857  0.00181887
          26    0.402076    0.403789  0.00174885
          27    0.407296    0.403918  0.00168784
          28    0.390299    0.403432  0.00169762
          29    0.409632    0.403646  0.00165193
          30    0.405584     0.40371  0.00159723
           1    0.396793    0.396793           0
           2    0.394742    0.395768  0.00102541
           3    0.394972    0.395503 0.000648686
           4    0.400322    0.396707  0.00128916
           5    0.382816    0.393929  0.00295228
           6    0.395721    0.394228  0.00242894
           7    0.401105     0.39521  0.00227581
           8    0.383772     0.39378  0.00243486
           9    0.402403    0.394738  0.00235136
          10    0.388467    0.394111  0.00219464
          11    0.402878    0.394908  0.00213912
          12    0.384914    0.394075  0.00212292
          13    0.388369    0.393636  0.00200153
          14    0.402753    0.394288  0.00196415
          15     0.39495    0.394332  0.00182905
          16    0.397358    0.394521  0.00172135
          17    0.392781    0.394419  0.00162016
          18    0.396127    0.394514  0.00153045
          19    0.382026    0.393856  0.00158988
          20    0.406757    0.394501  0.00164042
          21    0.404172    0.394962  0.00162688
          22     0.39531    0.394978  0.00155125
          23    0.399327    0.395167  0.00149429
          24    0.391916    0.395031  0.00143707
          25    0.408756     0.39558  0.00148369
          26    0.403529    0.395886   0.0014579
          27    0.406462    0.396278  0.00145652
          28    0.395823    0.396261  0.00140363
          29    0.385646    0.395895  0.00140295
          30    0.389801    0.395692  0.00137052
           1    0.384555    0.384555           0
           2    0.390299    0.387427  0.00287208
           3    0.388062    0.387639  0.00167166
           4    0.379189    0.385526  0.00242059
           5    0.394615    0.387344   0.0026114
           6    0.405185    0.390318  0.00365898
           7     0.39067    0.390368  0.00309282
           8    0.390163    0.390342  0.00267858
           9     0.38702    0.389973  0.00239096
          10    0.397395    0.390715  0.00226368
          11    0.372611     0.38907  0.00262706
          12     0.38888    0.389054  0.00239822
          13    0.383421     0.38862   0.0022482
          14     0.38751    0.388541  0.00208294
          15    0.397807    0.389159  0.00203513
          16    0.385376    0.388922  0.00191831
          17    0.385797    0.388739   0.0018113
          18    0.379998    0.388253   0.0017754
          19    0.390834    0.388389  0.00168485
          20    0.389613     0.38845  0.00159956
          21    0.390338     0.38854  0.00152414
          22    0.398413    0.388989  0.00152093
          23     0.38377    0.388762   0.0014709
          24    0.395731    0.389052  0.00143791
          25    0.388546    0.389032  0.00137934
          26    0.403818    0.389601  0.00144209
          27    0.390153    0.389621  0.00138781
          28    0.384293    0.389431  0.00135079
          29    0.391819    0.389513  0.00130598
          30    0.396928     0.38976  0.00128568
           1     0.38174     0.38174           0
           2    0.396793    0.389267  0.00752621
           3    0.393887    0.390807   0.0046101
           4    0.388097    0.390129  0.00332948
           5    0.371854    0.386474  0.00447331
           6    0.394741    0.387852  0.00390368
           7    0.375473    0.386084  0.00374325
           8    0.385771    0.386044  0.00324198
           9     0.38806    0.386268  0.00286792
          10    0.390386     0.38668  0.00259798
          11    0.380442    0.386113  0.00241742
          12    0.380127    0.385614  0.00226248
          13    0.389646    0.385924  0.00210416
          14    0.381032    0.385575  0.00197917
          15    0.379828    0.385192  0.00188191
          16    0.378563    0.384777  0.00180846
          17    0.381705    0.384597  0.00170834
          18    0.401643    0.385544  0.00186841
          19    0.388119    0.385679  0.00177253
          20    0.395153    0.386153    0.001747
          21    0.372267    0.385492  0.00178845
          22    0.378857     0.38519  0.00173169
          23    0.376126    0.384796  0.00170097
          24    0.381193    0.384646  0.00163546
          25    0.399141    0.385226   0.0016724
          26    0.388492    0.385351  0.00161169
          27    0.376407     0.38502  0.00158583
          28    0.372193    0.384562  0.00159534
          29    0.386347    0.384624  0.00154057
          30    0.384911    0.384633  0.00148837
           1    0.383882    0.383882           0
           2    0.372928    0.378405  0.00547719
           3    0.384646    0.380486  0.00378515
           4    0.377364    0.379705  0.00278794
           5    0.382759    0.380316  0.00224426
           6    0.383681    0.380877  0.00191634
           7    0.393108    0.382624  0.00238243
           8    0.383506    0.382734  0.00206618
           9     0.37858    0.382273  0.00187976
          10    0.367169    0.380762   0.0022601
          11    0.384102    0.381066  0.00206675
          12    0.378717     0.38087  0.00189681
          13    0.368091    0.379887  0.00200266
          14    0.374911    0.379532  0.00188786
          15    0.389872    0.380221  0.00188785
          16    0.369369    0.379543  0.00189169
          17    0.377033    0.379395  0.00178305
          18    0.387031    0.379819  0.00173378
          19     0.36658    0.379123  0.00178189
          20    0.365126    0.378423  0.00182959
          21    0.379938    0.378495  0.00174178
          22    0.372471    0.378221  0.00168315
          23    0.381211    0.378351  0.00161355
          24    0.367677    0.377906   0.0016076
          25    0.385223    0.378199  0.00156948
          26    0.371851    0.377955  0.00152755
          27    0.376229    0.377891  0.00147128
          28    0.386569    0.378201  0.00145124
          29    0.390439    0.378623  0.00146251
          30    0.377951      0.3786  0.00141309
           1    0.373269    0.373269           0
           2    0.363767    0.368518    0.004751
           3    0.375568    0.370868  0.00361211
           4    0.362911    0.368879  0.00323739
           5    0.370766    0.369256  0.00253592
           6     0.36932    0.369267   0.0020706
           7    0.380223    0.370832  0.00234777
           8    0.382187    0.372251  0.00247962
           9    0.364328    0.371371  0.00235739
          10    0.376038    0.371838  0.00215956
          11    0.373294     0.37197  0.00195787
          12    0.388412     0.37334  0.00225204
          13    0.370417    0.373115  0.00208375
          14    0.383809    0.373879  0.00207488
          15    0.378803    0.374207   0.0019593
          16    0.375708    0.374301  0.00183515
          17     0.38146    0.374722  0.00177452
          18     0.37247    0.374597   0.0016777
          19    0.360604    0.373861  0.00174952
          20    0.371828    0.373759  0.00166285
          21    0.370841     0.37362  0.00158778
          22    0.379176    0.373873   0.0015348
          23    0.376154    0.373972  0.00146991
          24    0.382506    0.374327  0.00145156
          25    0.368423    0.374091  0.00141218
          26    0.368174    0.373864  0.00137574
          27    0.378734    0.374044  0.00133603
          28    0.372067    0.373973  0.00128937
          29    0.364364    0.373642  0.00128748
          30     0.35668    0.373077   0.0013663
           1    0.362627    0.362627           0
           2     0.36411    0.363368 0.000741391
           3    0.366809    0.364515  0.00122414
           4    0.360459    0.363501  0.00133319
           5    0.361661    0.363133  0.00109631
           6    0.371433    0.364517  0.00164761
           7    0.365779    0.364697  0.00140413
           8     0.36326    0.364517   0.0012292
           9    0.364574    0.364524  0.00108407
          10    0.376957    0.365767   0.0015767
          11    0.372194    0.366351  0.00154123
          12    0.365286    0.366263  0.00140974
          13    0.369197    0.366488  0.00131627
          14    0.374782    0.367081    0.001355
          15    0.355574    0.366314  0.00147639
          16    0.362243    0.366059  0.00140427
          17    0.353874    0.365342  0.00150124
          18     0.36252    0.365186  0.00142404
          19    0.369464    0.365411   0.0013657
          20      0.3557    0.364925   0.0013836
          21    0.371999    0.365262  0.00135849
          22    0.358543    0.364957  0.00133078
          23    0.366878     0.36504  0.00127435
          24    0.371506     0.36531  0.00124949
          25    0.365309     0.36531  0.00119847
          26    0.355134    0.364918  0.00121615
          27     0.35904    0.364701  0.00119032
          28    0.357621    0.364448  0.00117456
          29    0.367667    0.364559  0.00113876
          30    0.371468    0.364789  0.00112399
           1    0.366009    0.366009           0
           2    0.360283    0.363146  0.00286255
           3    0.358366    0.361553  0.00229568
           4    0.363289    0.361987  0.00168036
           5      0.3555     0.36069  0.00183769
           6    0.356962    0.360068  0.00162398
           7    0.355687    0.359442  0.00150849
           8    0.353162    0.358657  0.00152413
           9     0.35834    0.358622  0.00134462
          10    0.368873    0.359647  0.00158023
          11    0.357919     0.35949  0.00143798
          12    0.362899    0.359774  0.00134307
          13     0.35236    0.359204  0.00136073
          14    0.356151    0.358986  0.00127853
          15    0.355852    0.358777  0.00120844
          16    0.373284    0.359684   0.0014491
          17    0.358186    0.359595  0.00136404
          18    0.357987    0.359506  0.00128913
          19    0.348599    0.358932  0.00134775
          20    0.354219    0.358696  0.00130013
          21    0.350183    0.358291  0.00130142
          22     0.36889    0.358773   0.0013311
          23    0.348853    0.358341  0.00134304
          24    0.350846    0.358029  0.00132324
          25    0.364314    0.358281  0.00129387
          26     0.35552    0.358174  0.00124763
          27    0.346328    0.357736  0.00127819
          28    0.349525    0.357442  0.00126612
          29    0.364583    0.357689  0.00124625
          30    0.360435     0.35778  0.00120747
           1    0.352015    0.352015           0
           2    0.356286    0.354151  0.00213559
           3    0.362017    0.356773  0.00289748
           4    0.353162     0.35587  0.00223886
           5    0.354961    0.355688  0.00174372
           6    0.345249    0.353948  0.00224813
           7    0.354788    0.354068  0.00190379
           8    0.353946    0.354053   0.0016488
           9    0.350171    0.353622  0.00151674
          10     0.34858    0.353117  0.00144727
          11    0.350624    0.352891  0.00132858
          12    0.346101    0.352325  0.00133831
          13    0.353647    0.352427  0.00123526
          14    0.346661    0.352015  0.00121551
          15    0.353625    0.352122  0.00113666
          16    0.358318    0.352509  0.00113158
          17    0.348047    0.352247  0.00109487
          18    0.360509    0.352706  0.00112969
          19    0.343937    0.352244  0.00116399
          20    0.346617    0.351963  0.00113954
          21    0.357969    0.352249  0.00112101
          22    0.364877    0.352823  0.00121322
          23    0.350862    0.352738   0.0011624
          24    0.349617    0.352608  0.00112049
          25    0.340136    0.352109  0.00118486
          26    0.343174    0.351765  0.00118912
          27    0.347175    0.351595  0.00115679
          28    0.344206    0.351331  0.00114553
          29    0.360169    0.351636  0.00114656
          30    0.355454    0.351763  0.00111497
           1    0.340081    0.340081           0
           2     0.34669    0.343386  0.00330412
           3    0.341433    0.342735  0.00201556
           4    0.349733    0.344485  0.00225665
           5     0.33202    0.341992  0.00304464
           6    0.346599    0.342759  0.00260182
           7    0.336684    0.341892  0.00236401
           8    0.348084    0.342666  0.00218873
           9    0.348015     0.34326  0.00201971
          10     0.35234    0.344168  0.00202186
          11    0.349744    0.344675   0.0018978
          12    0.341953    0.344448  0.00174724
          13     0.34607    0.344573  0.00161206
          14    0.338345    0.344128  0.00155737
          15    0.339471    0.343818   0.0014827
          16    0.338382    0.343478  0.00142795
          17    0.341587    0.343367  0.00134593
          18    0.348323    0.343642  0.00129848
          19    0.354276    0.344202  0.00134975
          20    0.349473    0.344465  0.00130733
          21    0.339895    0.344248  0.00126242
          22    0.339324    0.344024  0.00122429
          23    0.341819    0.343928  0.00117377
          24    0.343427    0.343907    0.001124
          25    0.344138    0.343916  0.00107814
          26    0.342147    0.343848  0.00103808
          27    0.344778    0.343883 0.000999482
          28    0.344672    0.343911 0.000963537
          29    0.350443    0.344136 0.000956619
          30    0.343778    0.344124 0.000924258
           1     0.33792     0.33792           0
           2    0.332724    0.335322  0.00259823
           3    0.330357    0.333667  0.00223371
           4    0.329971    0.332743  0.00182985
           5    0.329932    0.332181  0.00152484
           6     0.33654    0.332907  0.00144156
           7    0.330579    0.332575  0.00126293
           8    0.341525    0.333693  0.00156462
           9    0.337974    0.334169  0.00145954
          10    0.347697    0.335522  0.00187996
          11    0.346436    0.336514  0.00196878
          12    0.336792    0.336537  0.00179739
          13    0.331963    0.336185  0.00169038
          14    0.341673    0.336577  0.00161333
          15    0.333215    0.336353  0.00151857
          16    0.342098    0.336712  0.00146517
          17    0.345486    0.337228  0.00146987
          18    0.342501    0.337521  0.00141643
          19    0.343915    0.337858  0.00138143
          20    0.340935    0.338012  0.00131954
          21     0.34092     0.33815  0.00126274
          22    0.337477     0.33812  0.00120437
          23    0.337572    0.338096  0.00115106
          24    0.346938    0.338464  0.00116201
          25    0.338928    0.338483  0.00111472
          26    0.333944    0.338308  0.00108512
          27    0.333139    0.338117  0.00106156
          28    0.325337     0.33766  0.00112016
          29    0.333652    0.337522  0.00108964
          30    0.333622    0.337392  0.00106069
           1    0.328865    0.328865           0
           2    0.340384    0.334625  0.00575917
           3    0.318326    0.329192  0.00636969
           4    0.337754    0.331332  0.00498687
           5    0.330743    0.331214  0.00386461
           6    0.330358    0.331072  0.00315867
           7    0.327377    0.330544  0.00272124
           8    0.327341    0.330143  0.00239044
           9    0.333367    0.330502  0.00213838
          10    0.325833    0.330035  0.00196879
          11    0.333701    0.330368  0.00181175
          12    0.329829    0.330323  0.00165451
          13    0.337012    0.330838  0.00160656
          14    0.332918    0.330986  0.00149479
          15    0.333922    0.331182  0.00140527
          16    0.331268    0.331187  0.00131452
          17    0.318354    0.330432  0.00144726
          18    0.331202    0.330475  0.00136516
          19    0.327255    0.330306  0.00130238
          20    0.333816    0.330481  0.00124795
          21    0.335365    0.330714  0.00120961
          22    0.335397    0.330927   0.0011728
          23    0.325141    0.330675  0.00114853
          24    0.329993    0.330647      0.0011
          25    0.327586    0.330524  0.00106216
          26    0.326083    0.330353  0.00103469
          27    0.323361    0.330094  0.00102877
          28    0.329336    0.330067 0.000991713
          29    0.332489    0.330151  0.00096054
          30    0.330689    0.330169 0.000928144
           1     0.31862     0.31862           0
           2     0.31906     0.31884 0.000220089
           3     0.32211     0.31993  0.00109745
           4    0.321446    0.320309 0.000863584
           5    0.320074    0.320262 0.000670574
           6    0.328476    0.321631  0.00147441
           7    0.320189    0.321425  0.00126302
           8    0.320736    0.321339   0.0010972
           9    0.326392      0.3219  0.00111874
          10    0.326063    0.322317  0.00108376
          11    0.330332    0.323045  0.00122147
          12    0.317033    0.322544  0.00122245
          13    0.324016    0.322657  0.00113018
          14    0.322435    0.322641  0.00104646
          15     0.32635    0.322889  0.00100509
          16    0.319994    0.322708 0.000957419
          17    0.332549    0.323287  0.00106955
          18    0.330249    0.323674  0.00108002
          19    0.330027    0.324008  0.00107494
          20    0.329631    0.324289  0.00105782
          21    0.321184    0.324141  0.00101699
          22    0.333391    0.324562  0.00105688
          23     0.33198    0.324884  0.00106014
          24    0.329242    0.325066  0.00103112
          25    0.322644    0.324969 0.000993749
          26    0.310098    0.324397  0.00111296
          27    0.328865    0.324562  0.00108366
          28    0.324781     0.32457  0.00104427
          29    0.327188     0.32466  0.00101165
          30    0.319931    0.324503  0.00098998
           1     0.32645     0.32645           0
           2    0.329481    0.327966  0.00151524
           3    0.311913    0.322615    0.005422
           4    0.312531    0.320094  0.00458845
           5    0.324595    0.320994  0.00366645
           6     0.31479     0.31996  0.00316719
           7    0.322203     0.32028  0.00269587
           8    0.309159     0.31889  0.00271723
           9    0.317067    0.318688  0.00240492
          10    0.318335    0.318653  0.00215131
          11    0.311804     0.31803  0.00204309
          12     0.31917    0.318125   0.0018675
          13    0.320221    0.318286   0.0017254
          14    0.317766    0.318249  0.00159784
          15    0.322017      0.3185  0.00150857
          16    0.327229    0.319046  0.00151293
          17    0.313271    0.318706  0.00146118
          18    0.323098     0.31895  0.00139905
          19     0.32381    0.319206  0.00134786
          20     0.32135    0.319313  0.00128318
          21    0.316613    0.319184   0.0012273
          22    0.318534    0.319155  0.00117056
          23    0.320108    0.319196  0.00111927
          24    0.314232     0.31899   0.0010914
          25    0.315401    0.318846  0.00105663
          26    0.312892    0.318617  0.00104068
          27    0.320605    0.318691   0.0010041
          28     0.32329    0.318855 0.000981418
          29    0.318001    0.318825 0.000947429
          30    0.330815    0.319225 0.000998746
           1    0.308715    0.308715           0
           2    0.314186     0.31145  0.00273574
           3    0.314379    0.312427  0.00185688
           4    0.301876    0.309789  0.00294642
           5    0.306598    0.309151  0.00236985
           6    0.314979    0.310122  0.00216507
           7    0.310373    0.310158  0.00183017
           8    0.310674    0.310222  0.00158629
           9    0.318219    0.311111  0.00165727
          10    0.311515    0.311151  0.00148285
          11    0.309074    0.310962  0.00135452
          12    0.309424    0.310834  0.00124313
          13    0.315071     0.31116  0.00118905
          14     0.32177    0.311918   0.0013365
          15    0.313364    0.312014  0.00124794
          16    0.317738    0.312372  0.00122093
          17    0.311921    0.312346  0.00114717
          18     0.30435    0.311901  0.00116923
          19    0.312023    0.311908    0.001106
          20    0.304956     0.31156  0.00110533
          21    0.317484    0.311842  0.00108856
          22    0.310584    0.311785  0.00103948
          23    0.303351    0.311418  0.00105879
          24    0.309452    0.311336  0.00101702
          25    0.311455    0.311341 0.000975504
          26    0.324395    0.311843  0.00106324
          27    0.317539    0.312054  0.00104463
          28    0.312847    0.312083  0.00100702
          29    0.312599      0.3121 0.000971843
          30    0.313269    0.312139 0.000939697
           1    0.310595    0.310595           0
           2     0.30854    0.309568  0.00102784
           3    0.304765    0.307967  0.00170741
           4    0.300206    0.306026  0.00228524
           5    0.304922    0.305806  0.00178386
           6    0.305311    0.305723  0.00145885
           7    0.298281     0.30466  0.00162799
           8    0.300685    0.304163  0.00149486
           9    0.303949    0.304139  0.00131855
          10     0.30762    0.304487  0.00122965
          11     0.30261    0.304317  0.00112527
          12    0.303574    0.304255  0.00102909
          13    0.303602    0.304205 0.000947957
          14    0.307928    0.304471 0.000917043
          15    0.303906    0.304433  0.00085455
          16    0.306725    0.304576 0.000812093
          17    0.299931    0.304303 0.000810298
          18    0.306033    0.304399 0.000769977
          19    0.311114    0.304753 0.000809546
          20    0.304617    0.304746 0.000768033
          21    0.300434     0.30454 0.000758851
          22    0.302307    0.304439 0.000730625
          23    0.310134    0.304687 0.000740749
          24    0.304349    0.304672 0.000709353
          25    0.308284    0.304817 0.000695557
          26    0.307008    0.304901  0.00067356
          27    0.303737    0.304858 0.000649565
          28    0.309057    0.305008 0.000643649
          29    0.306952    0.305075 0.000624665
          30    0.300259    0.304915 0.000624471
           1     0.30439     0.30439           0
           2    0.303101    0.303745 0.000644216
           3    0.302018     0.30317 0.000685442
           4    0.295092     0.30115  0.00207684
           5    0.300969    0.301114  0.00160913
           6    0.296491    0.300343  0.00152312
           7    0.302122    0.300598  0.00131212
           8    0.294153    0.299792   0.0013929
           9    0.296883    0.299469  0.00127024
          10    0.293711    0.298893  0.00127369
          11    0.303729    0.299333  0.00123311
          12    0.301124    0.299482  0.00113553
          13    0.296372    0.299243  0.00107159
          14    0.295328    0.298963  0.00103074
          15    0.301225    0.299114 0.000971347
          16    0.307775    0.299655  0.00105763
          17    0.305041    0.299972  0.00104277
          18    0.304419    0.300219   0.0010137
          19    0.306516     0.30055  0.00101451
          20    0.297648    0.300405 0.000973335
          21    0.303512    0.300553  0.00093757
          22    0.302589    0.300646 0.000898716
          23    0.296109    0.300449 0.000881116
          24    0.301082    0.300475 0.000844017
          25     0.29661     0.30032  0.00082418
          26    0.298259    0.300241 0.000795804
          27       0.307    0.300491  0.00080564
          28    0.298039    0.300404 0.000781259
          29    0.293008    0.300149 0.000795803
          30    0.294539    0.299962 0.000791233
           1    0.299597    0.299597           0
           2    0.300077    0.299837 0.000240002
           3     0.28709    0.295588   0.0042515
           4    0.297026    0.295948  0.00302768
           5     0.29612    0.295982  0.00234548
           6    0.294277    0.295698  0.00193604
           7    0.290685    0.294982  0.00178608
           8    0.291686     0.29457  0.00160072
           9    0.294185    0.294527  0.00141235
          10    0.290014    0.294076  0.00134145
          11    0.294025    0.294071  0.00121339
          12    0.298228    0.294418  0.00116057
          13    0.297288    0.294638  0.00109017
          14    0.289253    0.294254  0.00108011
          15    0.296433    0.294399  0.00101597
          16    0.296639    0.294539 0.000960609
          17    0.283104    0.293866  0.00112548
          18     0.30212    0.294325  0.00115594
          19    0.297143    0.294473  0.00110343
          20    0.283285    0.293914   0.0011869
          21    0.298435    0.294129  0.00114932
          22    0.283602    0.293651  0.00119575
          23    0.292708     0.29361  0.00114332
          24    0.297062    0.293753  0.00110405
          25    0.294399    0.293779  0.00105929
          26    0.289449    0.293613  0.00103127
          27    0.294827    0.293658 0.000993355
          28    0.285571    0.293369  0.00099984
          29    0.298291    0.293539 0.000979563
          30    0.290933    0.293452 0.000950324
           1    0.286406    0.286406           0
           2    0.287326    0.286866 0.000460173
           3    0.284321    0.286018 0.000889105
           4      0.2798    0.284463  0.00167679
           5    0.288425    0.285256  0.00152141
           6    0.283611    0.284982  0.00127211
           7    0.280728    0.284374  0.00123499
           8     0.28553    0.284518  0.00107926
           9    0.277518    0.283741  0.00122923
          10    0.293864    0.284753  0.00149455
          11    0.286571    0.284918  0.00136193
          12    0.284604    0.284892  0.00124354
          13    0.286712    0.285032  0.00115243
          14    0.295341    0.285768  0.00129638
          15    0.288146    0.285927  0.00121723
          16    0.282364    0.285704  0.00116018
          17    0.293176    0.286144  0.00117509
          18    0.293231    0.286537  0.00117578
          19    0.289646    0.286701  0.00112414
          20    0.290514    0.286892  0.00108336
          21    0.293592    0.287211  0.00107875
          22    0.284321    0.287079   0.0010369
          23    0.284398    0.286963 0.000997631
          24    0.282569     0.28678 0.000972546
          25     0.29305    0.287031 0.000965967
          26    0.291907    0.287218 0.000946836
          27    0.281542    0.287008 0.000935029
          28    0.286287    0.286982 0.000901384
          29    0.289318    0.287063 0.000873468
          30    0.283377     0.28694 0.000852746
           1    0.282813    0.282813           0
           2    0.280261    0.281537  0.00127598
           3    0.286821    0.283298  0.00190923
           4    0.282303    0.283049  0.00137277
           5    0.282081    0.282856  0.00108083
           6    0.278913    0.282199  0.00110027
           7    0.283592    0.282398 0.000950961
           8    0.282055    0.282355 0.000824672
           9    0.277995     0.28187 0.000873834
          10     0.28628    0.282311 0.000897409
          11    0.286386    0.282682 0.000892248
          12    0.278343     0.28232 0.000891168
          13    0.284301    0.282473 0.000833789
          14    0.273343     0.28182  0.00101053
          15    0.280253    0.281716 0.000946531
          16    0.285661    0.281963 0.000919081
          17    0.279093    0.281794 0.000879675
          18    0.277867    0.281576 0.000857578
          19    0.278059     0.28139 0.000832038
          20    0.279483    0.281295 0.000795081
          21    0.289759    0.281698 0.000856967
          22    0.273216    0.281313 0.000903485
          23     0.28379     0.28142 0.000870005
          24    0.286784    0.281644 0.000862421
          25    0.280364    0.281593 0.000828788
          26    0.277852    0.281449 0.000809168
          27    0.284134    0.281548 0.000784948
          28    0.274133    0.281283 0.000801415
          29    0.297749    0.281851 0.000959352
          30    0.286816    0.282017 0.000941481
           1    0.277255    0.277255           0
           2    0.280476    0.278865  0.00161066
           3    0.275525    0.277752  0.00145064
           4    0.276895    0.277538  0.00104788
           5    0.277107    0.277452 0.000816235
           6    0.270776    0.276339  0.00129693
           7    0.276257    0.276327  0.00109617
           8    0.274485    0.276097 0.000976843
           9     0.26914    0.275324  0.00115745
          10    0.272772    0.275069  0.00106625
          11    0.278873    0.275415  0.00102458
          12    0.277102    0.275555 0.000945822
          13    0.271748    0.275262 0.000918005
          14    0.277088    0.275393 0.000859857
          15     0.28058    0.275739    0.000872
          16    0.278253    0.275896 0.000830688
          17    0.270382    0.275571 0.000845008
          18    0.272959    0.275426  0.00080979
          19     0.27944    0.275638 0.000794584
          20    0.277785    0.275745 0.000761416
          21    0.271783    0.275556 0.000748417
          22    0.278251    0.275679 0.000724026
          23     0.27422    0.275615 0.000694731
          24    0.272637    0.275491 0.000676634
          25    0.275917    0.275508 0.000649228
          26    0.276609    0.275551 0.000625194
          27    0.272773    0.275448 0.000610326
          28    0.278803    0.275568 0.000600209
          29    0.272846    0.275474 0.000586695
          30    0.281405    0.275671 0.000600299
           1    0.275591    0.275591           0
           2    0.269393    0.272492  0.00309911
           3    0.274705     0.27323  0.00193529
           4    0.268776    0.272116  0.00176418
           5    0.270147    0.271722  0.00142216
           6    0.266127     0.27079  0.00148934
           7    0.269048    0.270541  0.00128308
           8    0.269071    0.270357  0.00112628
           9    0.271971    0.270537  0.00100934
          10    0.277352    0.271218  0.00113116
          11     0.27566    0.271622  0.00109997
          12    0.275584    0.271952  0.00105703
          13    0.270815    0.271865 0.000976254
          14    0.271304    0.271825 0.000904722
          15    0.261258     0.27112  0.00109803
          16    0.269047    0.270991  0.00103525
          17    0.271051    0.270994 0.000972457
          18    0.265641    0.270697 0.000963872
          19    0.268341    0.270573 0.000920123
          20    0.274525     0.27077    0.000895
          21    0.271653    0.270812 0.000852352
          22    0.271111    0.270826 0.000812799
          23    0.272912    0.270917 0.000781932
          24     0.26533    0.270684 0.000783991
          25      0.2672    0.270545 0.000764784
          26    0.268291    0.270458 0.000739873
          27     0.27226    0.270525 0.000715065
          28    0.271051    0.270543  0.00068931
          29    0.265789    0.270379 0.000685022
          30    0.271116    0.270404 0.000662249
           1    0.265322    0.265322           0
           2    0.260762    0.263042  0.00227995
           3    0.266907     0.26433  0.00184168
           4    0.266937    0.264982  0.00145614
           5    0.267109    0.265407  0.00120545
           6    0.264213    0.265208  0.00100417
           7    0.256931    0.264026  0.00145555
           8    0.269279    0.264682  0.00142131
           9    0.261156    0.264291  0.00131329
          10    0.267933    0.264655  0.00122983
          11    0.265079    0.264693  0.00111309
          12    0.261841    0.264456  0.00104355
          13    0.265945     0.26457 0.000966736
          14    0.266095    0.264679 0.000901627
          15    0.266931    0.264829 0.000852693
          16    0.264558    0.264812 0.000797802
          17    0.264246    0.264779 0.000750144
          18    0.267477    0.264929  0.00072295
          19    0.270576    0.265226 0.000745633
          20     0.26658    0.265294 0.000710602
          21    0.265213     0.26529 0.000675928
          22    0.264154    0.265238 0.000646538
          23    0.260767    0.265044 0.000647652
          24    0.266694    0.265113 0.000623881
          25    0.268822    0.265261 0.000616523
          26     0.26961    0.265428 0.000615496
          27    0.267141    0.265492 0.000595648
          28    0.262387    0.265381 0.000584595
          29    0.265334    0.265379 0.000564079
          30    0.266204    0.265407 0.000545645
           1     0.25963     0.25963           0
           2    0.256208    0.257919  0.00171094
           3    0.252966    0.256268  0.00192402
           4    0.265782    0.258646  0.00274012
           5    0.255275    0.257972  0.00222702
           6    0.259249    0.258185  0.00183077
           7    0.260623    0.258533  0.00158601
           8    0.259131    0.258608  0.00137556
           9    0.261568    0.258937  0.00125691
          10    0.255073     0.25855  0.00118876
          11    0.257568    0.258461  0.00107897
          12    0.257916    0.258416 0.000986011
          13     0.25308    0.258005 0.000995542
          14    0.266278    0.258596  0.00109484
          15    0.252167    0.258167  0.00110569
          16     0.26064    0.258322  0.00104575
          17      0.2625    0.258568  0.00101259
          18    0.262728    0.258799 0.000982262
          19    0.262265    0.258981 0.000946864
          20    0.260151     0.25904 0.000900175
          21    0.261002    0.259133 0.000861323
          22    0.257809    0.259073 0.000823441
          23     0.25848    0.259047 0.000787248
          24    0.264989    0.259295 0.000793348
          25    0.255936     0.25916 0.000772719
          26    0.262818    0.259301 0.000755613
          27    0.266481    0.259567 0.000774195
          28    0.261981    0.259653 0.000750999
          29    0.262982    0.259768 0.000733676
          30    0.264447    0.259924 0.000725753
           1    0.255199    0.255199           0
           2    0.256461     0.25583 0.000631101
           3    0.258312    0.256657 0.000904057
           4    0.263094    0.258267  0.00173155
           5    0.254521    0.257518  0.00153624
           6    0.251605    0.256532  0.00159517
           7    0.249755    0.255564  0.00165977
           8    0.247902    0.254606  0.00172726
           9    0.252699    0.254394  0.00153798
          10    0.256668    0.254622  0.00139427
          11    0.249051    0.254115  0.00135903
          12     0.24975    0.253751  0.00129286
          13    0.255798    0.253909  0.00119964
          14     0.25634    0.254083  0.00112415
          15    0.252291    0.253963  0.00105332
          16    0.255471    0.254057 0.000989783
          17    0.253017    0.253996 0.000931751
          18    0.253191    0.253951 0.000879601
          19    0.256588     0.25409 0.000843513
          20      0.2508    0.253926 0.000816959
          21    0.250174    0.253747 0.000797356
          22     0.25308    0.253717 0.000760854
          23    0.259071     0.25395 0.000763378
          24    0.253069    0.253913 0.000731799
          25    0.248207    0.253685 0.000738095
          26    0.257854    0.253845 0.000727045
          27    0.250828    0.253733 0.000708466
          28    0.250271     0.25361 0.000693805
          29    0.258436    0.253776 0.000689831
          30    0.254921    0.253814 0.000667531
           1    0.251682    0.251682           0
           2     0.25074    0.251211 0.000471431
           3    0.252616    0.251679 0.000541736
           4    0.250693    0.251433 0.000455614
           5    0.255382    0.252223 0.000865113
           6    0.247443    0.251426  0.00106461
           7    0.249254    0.251116 0.000951774
           8    0.247756    0.250696 0.000925087
           9    0.252029    0.250844 0.000829186
          10     0.25324    0.251084 0.000779402
          11    0.251101    0.251085 0.000704998
          12    0.245837    0.250648  0.00077809
          13    0.243925    0.250131 0.000883003
          14    0.248254    0.249997 0.000828419
          15     0.25066    0.250041 0.000772485
          16    0.249267    0.249993 0.000724209
          17    0.253404    0.250193 0.000709264
          18     0.25152    0.250267 0.000672751
          19    0.246828    0.250086 0.000661602
          20    0.252271    0.250195 0.000637086
          21    0.250078     0.25019 0.000606015
          22     0.24734     0.25006 0.000592153
          23    0.252201    0.250153 0.000573427
          24    0.247144    0.250028 0.000563153
          25    0.250724    0.250056 0.000540876
          26    0.248325    0.249989 0.000523902
          27    0.252488    0.250082 0.000512551
          28    0.253221    0.250194  0.00050647
          29    0.247207    0.250091 0.000499431
          30    0.249678    0.250077 0.000482692
           1    0.244281    0.244281           0
           2    0.243603    0.243942 0.000338642
           3    0.240061    0.242648  0.00130832
           4    0.241999    0.242486 0.000939247
           5    0.239701    0.241929 0.000916308
           6    0.247771    0.242903   0.0012279
           7    0.244022    0.243063  0.00105001
           8     0.24564    0.243385 0.000964731
           9     0.24392    0.243444 0.000852892
          10    0.243923    0.243492 0.000764347
          11    0.242436    0.243396  0.00069802
          12    0.247068    0.243702  0.00070686
          13    0.246734    0.243935 0.000690777
          14    0.239886    0.243646 0.000701902
          15    0.243956    0.243667 0.000653761
          16    0.244608    0.243726 0.000614361
          17    0.247502    0.243948 0.000618368
          18    0.236162    0.243515 0.000725945
          19    0.247793     0.24374  0.00072265
          20     0.24686    0.243896 0.000703082
          21     0.25294    0.244327 0.000795421
          22    0.238361    0.244056 0.000805424
          23    0.238964    0.243834 0.000800822
          24    0.246758    0.243956 0.000776348
          25    0.243083    0.243921 0.000745467
          26    0.241272    0.243819 0.000723433
          27    0.252573    0.244144 0.000767925
          28    0.238116    0.243928 0.000770665
          29    0.248219    0.244076 0.000758195
          30    0.245849    0.244135 0.000734866
           1    0.234397    0.234397           0
           2    0.235614    0.235005 0.000608531
           3    0.241396    0.237136  0.00215905
           4    0.235556    0.236741  0.00157693
           5    0.236655    0.236723   0.0012216
           6    0.237955    0.236929  0.00101833
           7    0.239943    0.237359 0.000962347
           8    0.240136    0.237706 0.000902822
           9    0.236471    0.237569 0.000807969
          10    0.242009    0.238013 0.000848182
          11     0.23765     0.23798 0.000767917
          12    0.238458     0.23802  0.00070214
          13    0.240461    0.238208 0.000672614
          14    0.234901    0.237972 0.000666003
          15     0.23696    0.237904  0.00062367
          16     0.24441    0.238311 0.000711112
          17    0.240464    0.238437 0.000679873
          18    0.240059    0.238527 0.000647287
          19     0.23778    0.238488 0.000613535
          20    0.242231    0.238675 0.000611389
          21    0.237942     0.23864 0.000582593
          22    0.233426    0.238403 0.000603934
          23    0.234171    0.238219 0.000605701
          24    0.242376    0.238393 0.000605227
          25    0.237031    0.238338 0.000583064
          26    0.244485    0.238574 0.000608035
          27    0.238917    0.238587 0.000585219
          28    0.236464    0.238511 0.000569007
          29    0.242466    0.238648  0.00056572
          30    0.240395    0.238706 0.000549632
           1    0.225833    0.225833           0
           2    0.237356    0.231595  0.00576158
           3    0.236314    0.233168  0.00367969
           4    0.229619    0.232281  0.00274908
           5     0.22993     0.23181  0.00218071
           6    0.231759    0.231802  0.00178056
           7    0.234988    0.232257  0.00157217
           8    0.235815    0.232702  0.00143234
           9    0.235412    0.233003  0.00129859
          10    0.231991    0.232902   0.0011659
          11    0.229223    0.232567  0.00110636
          12    0.233188    0.232619  0.00101129
          13     0.23572    0.232858  0.00096035
          14    0.232013    0.232797 0.000891155
          15    0.232318    0.232765 0.000830235
          16     0.23786    0.233084 0.000839362
          17    0.235229     0.23321 0.000798482
          18    0.235912     0.23336 0.000767636
          19    0.233623    0.233374 0.000726243
          20    0.237425    0.233576 0.000718138
          21    0.234045    0.233599 0.000683451
          22    0.232604    0.233554  0.00065321
          23    0.236563    0.233684 0.000637727
          24    0.230452     0.23355 0.000625257
          25    0.234253    0.233578 0.000600386
          26    0.232578    0.233539 0.000578113
          27    0.233274     0.23353 0.000556376
          28    0.232261    0.233484 0.000538048
          29    0.233357     0.23348 0.000519181
          30    0.238165    0.233636 0.000525324
           1    0.230316    0.230316           0
           2    0.231212    0.230764 0.000448295
           3    0.224742    0.228757   0.0020239
           4    0.226493    0.228191  0.00153899
           5    0.230196    0.228592  0.00125773
           6    0.227936    0.228482  0.00103273
           7    0.227604    0.228357  0.00088179
           8    0.226589    0.228136 0.000794998
           9    0.232055    0.228571 0.000825368
          10    0.231292    0.228843 0.000786767
          11    0.229526    0.228905 0.000714358
          12      0.2287    0.228888 0.000652341
          13    0.231082    0.229057 0.000623335
          14    0.225356    0.228793 0.000634759
          15    0.232906    0.229067 0.000651452
          16    0.229978    0.229124 0.000612031
          17    0.233963    0.229409 0.000641515
          18    0.227044    0.229277 0.000618926
          19    0.229465    0.229287 0.000585529
          20    0.224441    0.229045  0.00060603
          21    0.231229    0.229149 0.000585759
          22    0.232719    0.229311 0.000581598
          23     0.23338    0.229488  0.00058322
          24    0.231411    0.229568 0.000564108
          25    0.228817    0.229538 0.000541907
          26    0.230327    0.229568 0.000521532
          27     0.22107    0.229254 0.000592386
          28    0.226556    0.229157 0.000578912
          29    0.232406    0.229269 0.000569719
          30    0.230929    0.229325 0.000553175
           1    0.226003    0.226003           0
           2    0.228431    0.227217  0.00121381
           3    0.225664    0.226699 0.000871124
           4    0.227183     0.22682 0.000627755
           5    0.224049    0.226266 0.000737333
           6    0.226148    0.226246  0.00060235
           7     0.22254    0.225717 0.000734489
           8     0.22878      0.2261  0.00074242
           9    0.227723     0.22628 0.000679133
          10    0.224868    0.226139 0.000623625
          11    0.224413    0.225982 0.000585519
          12    0.223655    0.225788 0.000568588
          13    0.223824    0.225637 0.000544414
          14    0.223112    0.225457 0.000535322
          15    0.226519    0.225528 0.000503366
          16    0.225944    0.225554 0.000471576
          17    0.229516    0.225787 0.000500558
          18    0.222169    0.225586  0.00051295
          19    0.228752    0.225752 0.000513017
          20    0.225301     0.22573 0.000487214
          21    0.219551    0.225436  0.00054894
          22    0.222675     0.22531 0.000538226
          23    0.219848    0.225073 0.000566475
          24     0.22183    0.224937 0.000558936
          25    0.223045    0.224862 0.000541432
          26    0.225035    0.224868 0.000520234
          27    0.227917    0.224981 0.000513173
          28     0.22748    0.225071 0.000502492
          29    0.224191     0.22504 0.000485802
          30    0.226974    0.225105 0.000473736
           1    0.221631    0.221631           0
           2    0.215934    0.218782  0.00284825
           3    0.220441    0.219335  0.00173485
           4    0.223506    0.220378  0.00160993
           5    0.221206    0.220543  0.00125802
           6    0.220236    0.220492  0.00102844
           7    0.224228    0.221026  0.00101999
           8    0.222576     0.22122 0.000904337
           9    0.217665    0.220825 0.000889989
          10    0.224806    0.221223 0.000890046
          11    0.219741    0.221088 0.000816274
          12    0.218877    0.220904 0.000767602
          13    0.217935    0.220676   0.0007421
          14     0.22035    0.220652 0.000687444
          15    0.222237    0.220758 0.000648632
          16    0.221451    0.220801 0.000608282
          17    0.218896    0.220689 0.000582273
          18    0.219592    0.220628 0.000552348
          19    0.220807    0.220638 0.000522553
          20    0.219465    0.220579 0.000499193
          21    0.222462    0.220669 0.000483224
          22     0.22561    0.220893 0.000512576
          23     0.22172    0.220929   0.0004911
          24    0.216091    0.220728 0.000511583
          25    0.220649    0.220724 0.000490703
          26    0.222161     0.22078 0.000474678
          27     0.22496    0.220935 0.000482292
          28    0.218223    0.220838 0.000474731
          29    0.223327    0.220924 0.000466044
          30     0.22348    0.221009 0.000458236
           1    0.218783    0.218783           0
           2    0.216825    0.217804 0.000979156
           3    0.217628    0.217745 0.000568364
           4     0.22048    0.218429 0.000793029
           5    0.209953    0.216734  0.00180315
           6    0.216093    0.216627  0.00147612
           7    0.219848    0.217087  0.00132972
           8    0.218479    0.217261  0.00116463
           9    0.211079    0.216574  0.00123563
          10    0.216172    0.216534  0.00110592
          11     0.21821    0.216686  0.00101187
          12    0.216795    0.216695  0.00092375
          13    0.215556    0.216608 0.000854238
          14    0.217224    0.216652 0.000792093
          15    0.214411    0.216502 0.000752374
          16    0.219444    0.216686 0.000727392
          17    0.218556    0.216796 0.000692064
          18    0.217719    0.216847 0.000654493
          19    0.217046    0.216858 0.000619177
          20    0.214316    0.216731 0.000600993
          21    0.216441    0.216717 0.000571826
          22    0.217957    0.216773 0.000548119
          23    0.214419    0.216671 0.000533657
          24    0.215586    0.216626 0.000512933
          25    0.216366    0.216615 0.000492097
          26    0.216375    0.216606 0.000472882
          27    0.214284     0.21652 0.000463089
          28     0.21609    0.216505 0.000446508
          29    0.216351    0.216499 0.000430869
          30    0.218219    0.216557 0.000420187
           1    0.212046    0.212046           0
           2     0.20764    0.209843  0.00220304
           3    0.213226    0.210971   0.0016999
           4    0.209742    0.210663  0.00124061
           5    0.206824    0.209896  0.00123014
           6    0.207104     0.20943  0.00110691
           7    0.209968    0.209507 0.000938661
           8    0.207722    0.209284 0.000842987
           9    0.213152    0.209714 0.000858717
          10    0.211859    0.209928 0.000797465
          11    0.211703     0.21009 0.000739165
          12    0.207655    0.209887 0.000704611
          13    0.212556    0.210092 0.000679889
          14    0.218418    0.210687 0.000865943
          15    0.215667    0.211019 0.000871855
          16    0.214499    0.211236 0.000844046
          17    0.210246    0.211178  0.00079498
          18    0.210203    0.211124  0.00075147
          19    0.208075    0.210963 0.000728707
          20    0.213453    0.211088 0.000702431
          21    0.210826    0.211075 0.000668262
          22    0.216484    0.211321  0.00068295
          23    0.210861    0.211301 0.000652887
          24    0.215035    0.211457  0.00064416
          25    0.213067    0.211521 0.000621205
          26    0.210051    0.211465 0.000599508
          27    0.211003    0.211448  0.00057713
          28    0.215203    0.211582 0.000572082
          29    0.214281    0.211675 0.000559797
          30    0.213929     0.21175 0.000546009
           1    0.208314    0.208314           0
           2    0.206988    0.207651  0.00066309
           3    0.210009    0.208437 0.000874247
           4    0.207731    0.208261 0.000642884
           5     0.21434    0.209476  0.00131382
           6    0.208677    0.209343  0.00108097
           7    0.208465    0.209218 0.000922155
           8     0.20535    0.208734 0.000933548
           9    0.211086    0.208996 0.000863798
          10    0.205151    0.208611  0.00086296
          11    0.212839    0.208996 0.000870062
          12     0.21066    0.209134 0.000806278
          13    0.206334    0.208919 0.000772318
          14    0.213552     0.20925 0.000787894
          15    0.207675    0.209145  0.00074096
          16    0.210877    0.209253 0.000701513
          17    0.207867    0.209172 0.000663981
          18     0.20787    0.209099 0.000630168
          19    0.207707    0.209026 0.000600567
          20    0.208597    0.209005 0.000570152
          21    0.211251    0.209112 0.000552778
          22    0.204014     0.20888 0.000575741
          23    0.205744    0.208743 0.000566782
          24    0.210562    0.208819 0.000547917
          25    0.205991    0.208706 0.000537583
          26    0.211003    0.208794 0.000523996
          27    0.206141    0.208696 0.000513704
          28    0.207706    0.208661 0.000496279
          29    0.208354     0.20865 0.000478978
          30    0.208765    0.208654 0.000462752
           1    0.205723    0.205723           0
           2    0.206472    0.206098 0.000374133
           3    0.199876    0.204024  0.00208494
           4    0.205956    0.204507  0.00155137
           5    0.201105    0.203826   0.0013809
           6    0.212805    0.205323   0.0018736
           7    0.202686    0.204946  0.00162766
           8    0.205365    0.204998  0.00141057
           9    0.202745    0.204748  0.00126896
          10    0.199527    0.204226  0.00124932
          11    0.205686    0.204359  0.00113782
          12    0.205457     0.20445  0.00104271
          13    0.203619    0.204386 0.000961284
          14    0.203341    0.204312 0.000893103
          15    0.205201    0.204371 0.000833544
          16    0.206142    0.204482 0.000787524
          17    0.202706    0.204377 0.000747083
          18    0.204314    0.204374 0.000704365
          19    0.205446     0.20443 0.000668651
          20    0.208672    0.204642 0.000668859
          21    0.201584    0.204497 0.000652661
          22    0.205155    0.204526 0.000623007
          23    0.204426    0.204522  0.00059532
          24    0.201898    0.204413  0.00058037
          25     0.20048    0.204255 0.000578475
          26    0.201919    0.204166 0.000562998
          27    0.206489    0.204252 0.000548538
          28    0.206461    0.204331  0.00053444
          29    0.204941    0.204352  0.00051611
          30    0.205503     0.20439 0.000500084
           1    0.202619    0.202619           0
           2    0.197023    0.199821  0.00279822
           3    0.200995    0.200212  0.00166227
           4    0.199286    0.199981  0.00119798
           5    0.200284    0.200041 0.000929937
           6     0.20441    0.200769  0.00105202
           7    0.197482      0.2003  0.00100555
           8    0.204068    0.200771 0.000990026
           9     0.19621    0.200264   0.0010095
          10    0.196873    0.199925 0.000964521
          11    0.201411     0.20006 0.000882836
          12    0.199556    0.200018  0.00080701
          13    0.202086    0.200177 0.000759198
          14    0.198355    0.200047 0.000714824
          15    0.197122    0.199852 0.000693441
          16    0.202085    0.199992 0.000663496
          17    0.198164    0.199884  0.00063245
          18    0.204151    0.200121 0.000641673
          19     0.19772    0.199995 0.000619982
          20    0.203664    0.200178 0.000616112
          21    0.200199    0.200179  0.00058604
          22    0.202187     0.20027 0.000566171
          23    0.198864    0.200209 0.000544439
          24    0.200696     0.20023 0.000521655
          25    0.200911    0.200257 0.000501096
          26    0.200742    0.200275   0.0004818
          27    0.196952    0.200152 0.000479678
          28     0.19804    0.200077 0.000468343
          29    0.196016    0.199937 0.000473103
          30    0.203928     0.20007 0.000476029
           1    0.195391    0.195391           0
           2     0.19719    0.196291  0.00089947
           3    0.193582    0.195388  0.00104147
           4    0.194332    0.195124 0.000782265
           5    0.196212    0.195342 0.000643813
           6    0.196109    0.195469  0.00054102
           7    0.198028    0.195835  0.00058542
           8    0.197607    0.196057 0.000553249
           9    0.196198    0.196072 0.000488171
          10    0.195565    0.196021 0.000439567
          11    0.193599    0.195801 0.000454501
          12    0.195882    0.195808 0.000414955
          13    0.203497    0.196399 0.000703925
          14    0.200016    0.196658 0.000701034
          15    0.194747     0.19653 0.000664941
          16    0.196972    0.196558 0.000622609
          17    0.193225    0.196362 0.000616824
          18    0.200122    0.196571 0.000617931
          19     0.19887    0.196692 0.000596898
          20    0.196644    0.196689 0.000566272
          21    0.194832    0.196601 0.000545849
          22    0.194059    0.196485 0.000533124
          23    0.197963     0.19655  0.00051345
          24    0.194803    0.196477  0.00049695
          25    0.190198    0.196226 0.000538771
          26    0.200028    0.196372 0.000537897
          27    0.197882    0.196428 0.000520604
          28    0.195013    0.196377 0.000504203
          29    0.197528    0.196417 0.000488121
          30    0.195534    0.196388 0.000472487
