           1     66.6026     66.6026           0
           2     69.9609     68.2817     1.67914
           3     70.2505      68.938      1.1707
           4     72.3653     69.7948     1.19139
           5     79.0776     71.6514     2.07327
           6     67.0704     70.8879     1.85703
           7     72.3498     71.0967     1.58331
           8     76.9149      71.824     1.55212
           9     82.0264     72.9576     1.77729
          10      76.771     73.3389     1.63476
          11     82.5569     74.1769     1.69964
          12     75.7416     74.3073     1.55702
          13     87.6036     75.3301     1.75996
          14     70.9837     75.0197     1.65872
          15     81.5198      75.453     1.60383
          16     75.1195     75.4322     1.50039
          17     77.9829     75.5822     1.41734
          18     76.2045     75.6168     1.33673
          19     80.4197     75.8696     1.28944
          20     79.4702     76.0496     1.23645
          21     75.2598      76.012      1.1767
          22     79.8089     76.1846     1.13513
          23     80.0831     76.3541     1.09782
          24     84.3597     76.6876     1.10274
          25     70.2417     76.4298     1.08869
          26     78.2249     76.4988     1.04825
          27      85.478     76.8314     1.06209
          28     75.3132     76.7772     1.02489
          29     86.9451     77.1278     1.04924
          30     78.2765     77.1661     1.01438
           1     69.9578     69.9578           0
           2     63.6236     66.7907      3.1671
           3     71.6058     68.3958     2.43303
           4     69.0957     68.5707     1.72929
           5     65.9496     68.0465     1.43843
           6     69.5145     68.2912     1.19969
           7      73.169      68.988     1.23029
           8     68.6428     68.9449     1.06633
           9     55.7881      67.483     1.73823
          10     64.7454     67.2092     1.57863
          11     65.0789     67.0156       1.441
          12      58.847     66.3349     1.48114
          13     78.0257     67.2341     1.63248
          14     73.1829     67.6591     1.56998
          15     61.7183      67.263     1.51428
          16     64.2219     67.0729     1.42918
          17     67.3183     67.0874     1.34256
          18     69.7675     67.2363      1.2745
          19     76.0497     67.7001     1.29172
          20     74.6269     68.0465     1.27343
          21     60.1892     67.6723     1.26775
          22      73.926     67.9566     1.24173
          23     64.6407     67.8124     1.19524
          24      64.081     67.6569     1.15487
          25     60.4313     67.3679     1.14479
          26      75.053     67.6635     1.13891
          27     66.5632     67.6227     1.09667
          28     63.1457     67.4628     1.06881
          29     61.8742     67.2701     1.04914
          30     69.8852     67.3573     1.01731
           1     63.5778     63.5778           0
           2     61.1972     62.3875     1.19032
           3     65.6069     63.4607     1.27432
           4     60.8395     62.8054     1.11416
           5     61.8665     62.6176    0.883216
           6     66.8442      63.322     1.00811
           7     54.6196     62.0788     1.50713
           8     61.2331     61.9731     1.30949
           9     64.0433     62.2031     1.17755
          10     56.9614      61.679     1.17646
          11     68.9282      62.338     1.25168
          12     64.3388     62.5047     1.15473
          13     60.4168     62.3441     1.07427
          14     55.8559     61.8807     1.09726
          15     62.2803     61.9073     1.02184
          16     73.3972     62.6254     1.19555
          17     60.3064      62.489     1.13127
          18     64.0493     62.5757     1.07009
          19     56.7923     62.2713     1.05698
          20     68.1114     62.5633     1.04439
          21     60.2624     62.4537    0.999441
          22     56.3528     62.1764    0.992461
          23     54.1166      61.826       1.011
          24     57.8797     61.6616    0.981829
          25     62.1427     61.6808    0.941933
          26        70.8     62.0316     0.97057
          27     54.3679     61.7477    0.976111
          28     58.6998     61.6389    0.946882
          29     65.3047     61.7653    0.922351
          30     51.3288     61.4174    0.956576
           1     50.4957     50.4957           0
           2     54.6303      52.563      2.0673
           3     52.8373     52.6544     1.19705
           4     50.6702     52.1584    0.981082
           5     57.1464      53.156     1.25408
           6     51.0287     52.8014      1.0836
           7     39.9999     50.9726     2.04528
           8     62.0841     52.3616     2.25089
           9     53.7624     52.5172     1.99119
          10     50.3091     52.2964     1.79461
          11      47.882     51.8951     1.67216
          12     45.6687     51.3762     1.61224
          13     47.1482      51.051     1.51829
          14     65.9157     52.1127      1.7616
          15     45.8229     51.6934     1.69272
          16     53.6994     51.8188     1.58835
          17     37.8414     50.9966     1.70354
          18     44.9098     50.6584     1.64133
          19     46.5463      50.442     1.56755
          20     52.3276     50.5363      1.4901
          21     57.9085     50.8873     1.46019
          22     51.5547     50.9177     1.39257
          23     48.0498      50.793     1.33648
          24     53.9222     50.9234      1.2862
          25     45.6878      50.714     1.25133
          26     48.0619     50.6119     1.20656
          27      55.313     50.7861       1.174
          28     51.2018     50.8009     1.13139
          29     52.8332      50.871     1.09393
          30      54.167     50.9809     1.06253
           1     41.4917     41.4917           0
           2     43.5347     42.5132     1.02149
           3     46.9665     43.9976     1.59729
           4     51.4623     45.8638     2.18134
           5      36.967     44.0844     2.45379
           6     42.7583     43.8634     2.01566
           7     46.7233     44.2719     1.75185
           8     50.1634     45.0084     1.68644
           9     48.8569      45.436     1.54755
          10     44.3303     45.3254     1.38858
          11     48.8149     45.6426     1.29546
          12      44.199     45.5223     1.18869
          13      42.066     45.2565      1.1253
          14     50.0866     45.6015     1.09746
          15     37.6569     45.0718     1.15081
          16      43.658     44.9835      1.0801
          17     45.5485     45.0167     1.01512
          18     45.3899     45.0375    0.957291
          19     45.2219     45.0472    0.905558
          20     47.6009     45.1748    0.868526
          21     41.0985     44.9807    0.848631
          22     38.4538     44.6841    0.861813
          23     50.7289     44.9469    0.864414
          24     38.1267     44.6627    0.875042
          25      43.511     44.6166    0.840574
          26     44.6108     44.6164    0.807598
          27     47.3459     44.7175    0.783659
          28     44.3088     44.7029    0.755294
          29     42.4832     44.6264    0.732793
          30     48.9971     44.7721    0.722781
           1     37.1266     37.1266           0
           2     35.6574      36.392    0.734601
           3     35.9045     36.2295    0.454192
           4     42.9615     37.9125     1.71335
           5     41.1529     38.5606     1.47694
           6     42.6599     39.2438     1.38601
           7     40.7476     39.4586     1.19092
           8     41.8242     39.7543     1.07292
           9     41.1066     39.9046    0.958082
          10      35.234     39.4375    0.975951
          11     41.3259     39.6092    0.899318
          12     34.0058     39.1422    0.944468
          13      41.441     39.3191    0.886596
          14     31.6398     38.7705    0.987236
          15     41.7065     38.9663    0.939678
          16     35.5327     38.7517    0.904806
          17     34.7056     38.5137    0.882613
          18     30.5805     38.0729    0.941644
          19     43.1872     38.3421    0.930489
          20     30.9357     37.9718     0.95727
          21     41.5219     38.1408    0.926106
          22     32.6771     37.8925    0.917268
          23     28.3473     37.4775    0.969766
          24     34.1436     37.3386    0.938814
          25     34.3006      37.217    0.908642
          26     40.4643     37.3419    0.881883
          27      37.513     37.3483    0.848616
          28      40.556     37.4628    0.825733
          29     35.8795     37.4082    0.798619
          30     42.1993     37.5679    0.787895
           1     31.6568     31.6568           0
           2     32.5419     32.0993    0.442552
           3     30.9777     31.7255    0.452849
           4     36.1831     32.8399      1.1595
           5     38.3465     33.9412     1.42111
           6     34.2654     33.9952     1.16159
           7     28.9757     33.2781     1.21572
           8     35.0066     33.4942     1.07479
           9     33.9912     33.5494     0.94948
          10     37.4572     33.9402    0.934833
          11     31.8824     33.7531    0.866034
          12      32.988     33.6894    0.793144
          13     35.9499     33.8633    0.750021
          14     30.1435     33.5976    0.743482
          15     28.4484     33.2543    0.772594
          16     37.9236     33.5461    0.779394
          17     35.4535     33.6583     0.74066
          18     27.9924     33.3435    0.765967
          19     33.4967     33.3516    0.724577
          20      34.717     33.4199    0.690776
          21     26.5562      33.093    0.733862
          22     31.6684     33.0283      0.7027
          23     34.4127     33.0885    0.674145
          24     32.6531     33.0703      0.6457
          25     33.5271     33.0886    0.619603
          26     32.8421     33.0791    0.595371
          27     28.4727     32.9085    0.597759
          28     35.5036     33.0012    0.583424
          29     38.7555     33.1996    0.596893
          30     31.0351     33.1275     0.58115
           1     30.1177     30.1177           0
           2     27.2672     28.6924     1.42524
           3     24.0149     27.1332     1.76299
           4     24.6873     26.5218     1.38852
           5     29.2104     27.0595     1.20247
           6      30.969     27.7111     1.17836
           7     31.8027     28.2956     1.15476
           8     32.3552      28.803     1.12143
           9     32.7899      29.246     1.08368
          10     28.7527     29.1967    0.970531
          11     26.0686     28.9123    0.922787
          12     29.5384     28.9645       0.844
          13     28.1721     28.9036    0.778756
          14     29.5906     28.9526    0.722656
          15     31.4567     29.1196    0.693159
          16     30.6772     29.2169    0.655658
          17     34.2377     29.5123    0.683037
          18     30.9264     29.5908    0.648748
          19     24.2515     29.3098    0.674939
          20      27.185     29.2036    0.649057
          21      30.211     29.2515    0.619237
          22     26.9197     29.1455    0.599858
          23       31.58     29.2514    0.582875
          24     28.6768     29.2275    0.558574
          25     31.1281     29.3035    0.541132
          26     29.0792     29.2949    0.519975
          27     28.0967     29.2505     0.50231
          28     25.3394     29.1108     0.50379
          29     27.6784     29.0614     0.48861
          30     31.4871     29.1423    0.478917
           1     26.4147     26.4147           0
           2     25.0876     25.7512    0.663512
           3     24.8096     25.4373    0.495238
           4      25.876      25.547    0.366958
           5     25.2699     25.4915    0.289597
           6     25.3872     25.4742    0.237094
           7     29.7518     26.0852    0.643102
           8     23.9013     25.8123    0.620249
           9     23.2777     25.5306    0.615246
          10     27.7793     25.7555    0.594463
          11     20.6803     25.2941    0.708523
          12     23.8449     25.1734    0.657969
          13     25.4088     25.1915    0.605514
          14     22.7902     25.0199     0.58625
          15       24.23     24.9673    0.548304
          16     26.6681     25.0736    0.523791
          17     30.8869     25.4156    0.599181
          18     24.8525     25.3843    0.565779
          19      22.327     25.2234     0.55884
          20     24.5886     25.1916    0.531111
          21     20.7749     24.9813    0.547218
          22     26.3942     25.0455     0.52569
          23       24.51     25.0222    0.502854
          24     24.3846     24.9957    0.482178
          25     22.6221     24.9007    0.472133
          26     23.8811     24.8615    0.455303
          27     20.1777      24.688     0.47121
          28     21.3555      24.569    0.469409
          29     23.4312     24.5298    0.454629
          30     25.8449     24.5736    0.441396
           1     19.9335     19.9335           0
           2     22.0054     20.9694     1.03592
           3     19.2048     20.3812    0.838865
           4     24.3669     21.3776      1.1596
           5     22.3288     21.5679    0.918147
           6     23.1395     21.8298    0.794109
           7     18.3718     21.3358    0.833348
           8     21.3435     21.3368    0.721701
           9     24.6848     21.7088    0.737222
          10     24.7483     22.0127    0.726072
          11     23.0584     22.1078    0.663601
          12     18.6647     21.8209    0.670298
          13     23.6321     21.9602     0.63213
          14     20.5508     21.8595    0.593834
          15       23.52     21.9702    0.563803
          16     19.2869     21.8025    0.553412
          17      22.536     21.8457    0.521628
          18     21.4324     21.8227    0.492331
          19     20.0858     21.7313    0.474585
          20     21.5284     21.7211    0.450346
          21      22.932     21.7788    0.432227
          22      25.766       21.96    0.450203
          23     22.0575     21.9643    0.430205
          24     19.4115     21.8579    0.425402
          25     25.5966     22.0075    0.434573
          26     23.2861     22.0566     0.42041
          27     22.2713     22.0646    0.404618
          28     21.0293     22.0276    0.391649
          29     19.1981       21.93    0.390295
          30     21.3202     21.9097    0.377608
           1     18.2335     18.2335           0
           2     16.5996     17.4166    0.816914
           3     19.8318     18.2216    0.933068
           4      20.392     18.7642     0.85423
           5     19.2606     18.8635    0.669088
           6     17.6929     18.6684    0.580099
           7     16.2337     18.3206    0.601118
           8     20.1466     18.5488    0.568425
           9     21.4718     18.8736    0.597316
          10     18.4285     18.8291    0.536106
          11     21.0528     19.0313    0.525377
          12     21.7532     19.2581    0.530535
          13     19.7125     19.2931    0.489271
          14     19.1045     19.2796    0.453178
          15     19.7106     19.3083    0.422863
          16     19.7262     19.3344    0.396413
          17     17.3196     19.2159    0.390772
          18     19.3631     19.2241    0.368514
          19     20.1552     19.2731    0.352007
          20     20.2787     19.3234    0.337708
          21       18.92     19.3042    0.321798
          22     20.3406     19.3513    0.310418
          23     18.8483     19.3294     0.29742
          24      18.903     19.3116    0.285312
          25     16.8933     19.2149    0.290255
          26     19.5152     19.2265    0.279107
          27     20.4759     19.2727    0.272528
          28     16.0925     19.1592    0.286124
          29     18.5197     19.1371    0.276961
          30     20.5308     19.1836    0.271573
           1     17.4921     17.4921           0
           2     17.8364     17.6643    0.172143
           3     17.2638     17.5308    0.166431
           4     19.4763     18.0172    0.500425
           5     16.0245     17.6186    0.555949
           6     14.5009      17.099    0.689975
           7     16.2859     16.9828    0.594591
           8     16.5594     16.9299    0.517644
           9      15.527      16.774      0.4824
          10     16.5183     16.7485    0.432229
          11     16.3159     16.7091    0.392939
          12     16.3152     16.6763    0.360201
          13     17.9005     16.7705    0.344458
          14     16.5656     16.7558    0.319242
          15     17.6204     16.8135    0.302736
          16     17.5802     16.8614     0.28721
          17     17.3798     16.8919    0.271505
          18     17.4542     16.9231    0.257876
          19     14.9321     16.8183    0.265484
          20     17.1379     16.8343    0.252366
          21     18.5328     16.9152    0.253308
          22     17.4382      16.939    0.242687
          23     16.8294     16.9342    0.231944
          24      14.946     16.8514    0.237018
          25     17.1444     16.8631    0.227642
          26     17.9404     16.9045    0.222601
          27     18.2735     16.9552    0.220117
          28     17.7107     16.9822    0.213819
          29     18.2279     17.0252    0.210739
          30      17.897     17.0542    0.205657
           1     16.2619     16.2619           0
           2     15.1572     15.7096     0.55232
           3     15.9517     15.7903    0.328942
           4     16.9791     16.0875      0.3774
           5     14.2598     15.7219    0.468062
           6     13.7118     15.3869    0.508233
           7     14.0877     15.2013    0.467918
           8     16.1407     15.3187    0.421899
           9     15.3234     15.3193     0.37208
          10     15.8032     15.3676    0.336299
          11      15.508     15.3804    0.304461
          12     12.9172     15.1751    0.345518
          13     14.1642     15.0974    0.327205
          14     14.8779     15.0817    0.303338
          15     15.4733     15.1078    0.283596
          16     15.2636     15.1175    0.265459
          17     12.6872     14.9746     0.28743
          18     15.6742     15.0135    0.273765
          19      15.366      15.032     0.25962
          20     14.8554     15.0232    0.246455
          21     14.5743     15.0018    0.235398
          22     15.6461     15.0311    0.226346
          23     15.4474     15.0492    0.217037
          24     15.9521     15.0868    0.211175
          25     13.7487     15.0333    0.209505
          26      15.667     15.0577    0.202757
          27     13.9197     15.0155    0.199603
          28     14.4812     14.9964    0.193286
          29     17.8908     15.0962    0.211528
          30      15.209        15.1     0.20439
           1     13.1237     13.1237           0
           2     11.5969     12.3603    0.763429
           3     12.1541     12.2916     0.44609
           4     14.0123     12.7218    0.533446
           5     13.2026     12.8179    0.424246
           6     11.5806     12.6117    0.403135
           7     13.2954     12.7094    0.354436
           8     13.5151     12.8101    0.323052
           9      14.877     13.0397     0.36594
          10     14.3361     13.1694    0.352044
          11     14.1522     13.2587    0.330732
          12     13.8405     13.3072    0.305784
          13     12.4202      13.239    0.289437
          14     12.8327       13.21    0.269534
          15     13.4689     13.2272    0.251515
          16     13.8714     13.2675    0.238691
          17     12.5736     13.2267    0.227896
          18     15.3093     13.3424    0.244035
          19     11.7097     13.2564    0.246309
          20      12.228      13.205    0.239261
          21     13.2603     13.2076    0.227597
          22     12.9621     13.1965    0.217292
          23     14.1349     13.2373    0.211601
          24     13.8222     13.2617    0.204053
          25     12.7602     13.2416    0.196746
          26     12.6092     13.2173    0.190586
          27     12.9425     13.2071    0.183674
          28     12.6971     13.1889    0.177928
          29     14.2997     13.2272    0.175904
          30     14.0525     13.2547    0.172151
           1      11.603      11.603           0
           2      11.828     11.7155    0.112543
           3     11.5478     11.6596   0.0857164
           4     11.6919     11.6677   0.0611455
           5     12.8889     11.9119    0.248791
           6      11.444     11.8339    0.217592
           7     12.2635     11.8953     0.19387
           8      11.504     11.8464    0.174875
           9     11.3707     11.7935    0.163032
          10     10.5018     11.6644    0.194803
          11     13.3292     11.8157    0.232284
          12     12.8363     11.9008    0.228467
          13     11.5317     11.8724    0.212068
          14      12.342     11.9059    0.199181
          15     12.1935     11.9251    0.186417
          16     11.4841     11.8975    0.176541
          17     11.4148     11.8691    0.168246
          18     12.4649     11.9022     0.16204
          19     12.9091     11.9552    0.162176
          20     12.3893     11.9769    0.155378
          21     12.0811     11.9819    0.147877
          22     11.5296     11.9613    0.142486
          23     12.2817     11.9753    0.136861
          24     12.0452     11.9782    0.131067
          25     13.4792     12.0382    0.139317
          26     13.3671     12.0893    0.143278
          27     12.4282     12.1019    0.138439
          28     11.5285     12.0814    0.134966
          29     13.0561      12.115    0.134496
          30      11.661     12.0999    0.130814
           1      12.408      12.408           0
           2     12.2933     12.3506   0.0573166
           3     12.3385     12.3466   0.0333394
           4     11.8459     12.2214    0.127368
           5     10.8604     11.9492     0.28953
           6     11.5455     11.8819    0.245791
           7     11.3304     11.8031    0.222172
           8     11.8246     11.8058    0.192425
           9     10.4003     11.6497    0.230622
          10       11.75     11.6597    0.206518
          11     10.7748     11.5792    0.203387
          12     10.6527      11.502     0.20108
          13     11.2475     11.4825       0.186
          14     11.7517     11.5017    0.173273
          15     9.96696     11.3994     0.19102
          16     12.0773     11.4417    0.183638
          17     11.5874     11.4503    0.172711
          18     9.73467      11.355    0.188678
          19     10.9994     11.3363    0.179449
          20     12.3621     11.3876      0.1778
          21     10.4493     11.3429    0.174924
          22     10.4724     11.3033    0.171412
          23     11.8665     11.3278     0.16561
          24     11.2398     11.3241    0.158602
          25     11.2609     11.3216    0.152147
          26      11.413     11.3251     0.14622
          27     10.5646      11.297    0.143492
          28     11.2174     11.2941    0.138302
          29     12.2452     11.3269    0.137419
          30     10.5622     11.3014    0.135184
           1     11.4653     11.4653           0
           2     9.94469      10.705    0.760311
           3     10.7944     10.7348    0.439975
           4     10.3086     10.6282    0.328845
           5     10.1106     10.5247    0.274955
           6     10.1709     10.4658    0.232117
           7     10.1007     10.4136    0.202989
           8     9.83414     10.3412    0.190131
           9     10.2011     10.3256      0.1684
          10     11.3343     10.4265    0.181275
          11     10.4956     10.4328     0.16409
          12     11.0159     10.4814     0.15748
          13     10.7695     10.5035    0.146546
          14     9.00578     10.3965     0.17278
          15      10.623     10.4116    0.161556
          16     10.3327     10.4067    0.151203
          17     9.50132     10.3535    0.151687
          18     10.7809     10.3772     0.14497
          19     10.3405     10.3753    0.137142
          20     9.98087     10.3555     0.13159
          21     11.1388     10.3928    0.130606
          22     11.0154     10.4211    0.127703
          23     10.1418      10.409    0.122627
          24     10.5811     10.4162    0.117625
          25     10.0504     10.4015    0.113767
          26     10.6656     10.4117    0.109775
          27     9.93212     10.3939    0.107114
          28     10.3371     10.3919    0.103237
          29     10.3035     10.3889   0.0996605
          30     11.0604     10.4112   0.0988494
           1     9.72853     9.72853           0
           2     9.26722     9.49788    0.230654
           3     9.24778     9.41451     0.15711
           4     9.71243     9.48899    0.133749
           5     10.1984     9.63087    0.175682
           6     9.24291     9.56621    0.157344
           7     9.59009     9.56962    0.133024
           8     8.90865       9.487    0.141767
           9     9.61964     9.50174    0.125892
          10     9.13065     9.46463    0.118559
          11     9.76355     9.49181     0.11063
          12     8.70932      9.4266    0.120213
          13     10.0953     9.47804    0.121958
          14     9.30648     9.46578    0.113574
          15     10.4974     9.53456    0.126133
          16     8.87757      9.4935    0.124927
          17     9.62511     9.50124    0.117604
          18      8.9993     9.47335    0.114331
          19     8.39756     9.41673    0.122072
          20     9.31003      9.4114     0.11593
          21     9.40601     9.41114    0.110272
          22     9.02515      9.3936    0.106594
          23     9.81355     9.41185    0.103478
          24     9.44363     9.41318   0.0990813
          25     10.2108     9.44508    0.100248
          26     9.63209     9.45228   0.0965834
          27     9.59471     9.45755    0.093087
          28     9.79092     9.46946   0.0904876
          29     10.1104     9.49156   0.0900656
          30     9.38393     9.48797   0.0870856
           1     8.33379     8.33379           0
           2       8.899      8.6164    0.282608
           3      8.3094     8.51406    0.192598
           4     8.79389     8.58402    0.153104
           5      8.2364      8.5145     0.13747
           6     8.10125     8.44562     0.13169
           7     9.04557     8.53133    0.140474
           8     8.65219     8.54644    0.122589
           9     8.85653     8.58089    0.113471
          10     7.89997      8.5128    0.122217
          11     8.45949     8.50795    0.110655
          12     8.02393     8.46762     0.10877
          13     9.06488     8.51356    0.110097
          14     8.75318     8.53068    0.103357
          15     8.25074     8.51201   0.0980136
          16      9.3271     8.56296    0.104886
          17     7.96974     8.52806     0.10452
          18     7.91324      8.4939    0.104294
          19     8.53503     8.49607   0.0986761
          20     8.73626     8.50808   0.0943796
          21     8.46103     8.50584   0.0898009
          22     8.69864      8.5146   0.0860691
          23      8.1423     8.49842   0.0838198
          24     8.89488     8.51493   0.0819339
          25     8.93183     8.53161    0.080338
          26     8.50682     8.53066   0.0771921
          27     8.54527      8.5312   0.0742801
          28     8.10715     8.51605   0.0731628
          29     9.09755     8.53611   0.0733873
          30     9.32196      8.5623   0.0755833
           1     7.44538     7.44538           0
           2     8.47501     7.96019    0.514812
           3     7.92758     7.94932    0.297425
           4     7.01709     7.71626    0.313923
           5     8.18267     7.80954    0.260442
           6     7.99105     7.83979    0.214791
           7     7.32774     7.76664    0.195715
           8     7.94885     7.78942    0.171018
           9     7.96421     7.80884    0.152069
          10     8.42832     7.87079    0.149457
          11     8.58511     7.93573    0.149977
          12     8.09343     7.94887    0.137539
          13     8.16755     7.96569    0.127631
          14     8.60016     8.01101    0.126556
          15     7.74758     7.99345    0.119119
          16     8.48833     8.02438    0.115639
          17     8.05395     8.02612    0.108637
          18     7.94267     8.02148    0.102529
          19     7.64127     8.00147   0.0990259
          20     8.15435     8.00911   0.0942547
          21     7.85837     8.00194    0.089941
          22     8.47015     8.02322   0.0883568
          23      8.1994     8.03088   0.0847746
          24     8.49223      8.0501   0.0834108
          25     8.16901     8.05486   0.0801461
          26     8.20174     8.06051   0.0772089
          27     7.86791     8.05337   0.0746359
          28     7.90279       8.048   0.0721218
          29     7.71646     8.03656   0.0705232
          30     8.79513     8.06185   0.0726726
           1     7.07583     7.07583           0
           2     7.22881     7.15232   0.0764907
           3     7.35094     7.21853    0.079585
           4     8.22095     7.46913    0.256847
           5     7.30399     7.43611    0.201676
           6     7.06465      7.3742    0.175921
           7     7.81899     7.43774     0.16169
           8     7.12766     7.39898    0.145293
           9     7.51609     7.41199    0.128795
          10     7.06973     7.37777    0.120175
          11     7.91422     7.42653    0.119141
          12     7.53212     7.43533    0.109115
          13     7.67718     7.45394    0.102081
          14     7.30749     7.44348   0.0950859
          15     7.22434     7.42887   0.0897176
          16     6.83107      7.3915   0.0918643
          17     7.50874      7.3984   0.0865666
          18     6.82978     7.36681   0.0875161
          19     7.49478     7.37355   0.0830554
          20     7.44272       7.377   0.0788692
          21     7.50812     7.38325   0.0752789
          22     7.31516     7.38015   0.0718423
          23     7.19806     7.37224   0.0691027
          24     7.03656     7.35825   0.0676231
          25     7.04873     7.34587   0.0660328
          26     7.56289     7.35422    0.063989
          27     7.49971      7.3596   0.0618088
          28     7.79083       7.375   0.0615194
          29     7.16259     7.36768   0.0598103
          30     7.89846     7.38537   0.0604303
           1     7.45318     7.45318           0
           2     6.76388     7.10853    0.344648
           3     6.95997     7.05901    0.205052
           4     6.95278     7.03245    0.147406
           5     7.23684     7.07333    0.121277
           6     7.51643     7.14718    0.123528
           7     7.30976     7.17041    0.106952
           8     6.55703     7.09373     0.12024
           9     6.93263     7.07583    0.107542
          10     6.39647      7.0079     0.11776
          11     6.95186      7.0028     0.10664
          12     6.59048     6.96844    0.103235
          13     6.66873     6.94539   0.0977204
          14     6.92415     6.94387   0.0904843
          15     7.39748     6.97411      0.0895
          16     7.02338     6.97719   0.0837762
          17     7.17977     6.98911   0.0795912
          18     6.55775     6.96514    0.078773
          19     6.46329     6.93873   0.0790549
          20     6.22944     6.90327   0.0829606
          21     6.98186     6.90701   0.0789999
          22     7.09918     6.91574   0.0758283
          23     6.88901     6.91458   0.0724658
          24     7.08294      6.9216   0.0697344
          25     7.02315     6.92566   0.0670101
          26     6.89504     6.92448    0.064392
          27     6.99784      6.9272   0.0620208
          28     6.75737     6.92113   0.0600717
          29     7.25302     6.93258   0.0590823
          30     6.24571     6.90968   0.0614996
           1     6.07914     6.07914           0
           2     6.62531     6.35222    0.273087
           3     6.83365      6.5127     0.22497
           4     6.54083     6.51973    0.159233
           5     5.92301     6.40039    0.171627
           6     6.45705     6.40983    0.140451
           7     6.57345      6.4332    0.120982
           8     6.18041     6.40161    0.109435
           9     6.56359      6.4196   0.0981765
          10     6.20429     6.39807    0.090413
          11     6.22822     6.38263   0.0832265
          12     6.09174     6.35839   0.0797485
          13     6.05619     6.33514   0.0769531
          14     6.81863     6.36968   0.0791735
          15      6.0573     6.34885    0.076592
          16     6.29098     6.34524   0.0717365
          17     6.53674      6.3565   0.0683198
          18     6.20758     6.34823   0.0649417
          19     6.45684     6.35394   0.0616941
          20     6.14548     6.34352   0.0594491
          21     6.06238     6.33013   0.0581105
          22     6.50317       6.338   0.0559617
          23     6.60447     6.34958    0.054714
          24     6.29481      6.3473   0.0524343
          25     6.46203     6.35189   0.0505022
          26     6.49535     6.35741   0.0488336
          27     5.90633      6.3407   0.0498717
          28     6.27404     6.33832   0.0481165
          29     5.99022     6.32632   0.0479543
          30     6.66058     6.33746   0.0476493
           1     5.89903     5.89903           0
           2     5.87314     5.88608   0.0129439
           3     6.07363      5.9486   0.0629617
           4     5.39349     5.80982    0.145743
           5     6.32583     5.91303    0.152955
           6     6.09444     5.94326    0.128495
           7     6.23086     5.98435     0.11611
           8     5.45332     5.91797    0.120488
           9     6.03744     5.93124    0.107086
          10     6.18739     5.95686   0.0991466
          11     5.95095     5.95632   0.0896831
          12     6.11194     5.96929   0.0828899
          13     6.15945     5.98392   0.0776381
          14     5.68648     5.96267    0.074953
          15     5.50633     5.93225   0.0761212
          16     6.36302     5.95917   0.0761249
          17     5.38207     5.92522   0.0791557
          18     5.97814     5.92816   0.0746866
          19     5.81723     5.92232   0.0708873
          20     5.99434     5.92593    0.067346
          21     5.88315     5.92389   0.0640912
          22     5.86507     5.92122    0.061167
          23     6.55867     5.94893   0.0646853
          24     5.79922     5.94269   0.0622448
          25     6.13124     5.95023   0.0601776
          26     5.93875     5.94979   0.0578185
          27     6.31327     5.96326   0.0572414
          28      6.1204     5.96887   0.0554439
          29     5.11795     5.93953   0.0610163
          30     5.95094     5.93991   0.0589486
           1     5.17164     5.17164           0
           2     5.41801     5.29482    0.123183
           3     5.73666      5.4421    0.163552
           4     6.16759     5.62348    0.215106
           5      5.6214     5.62306    0.166621
           6     5.82324     5.65642    0.140077
           7     5.48745     5.63229    0.120822
           8     5.72501     5.64388    0.105275
           9     5.66313     5.64602   0.0928686
          10     5.48609     5.63002   0.0845897
          11     5.47594     5.61602   0.0777858
          12     4.91713     5.55778   0.0918374
          13     5.87918      5.5825   0.0880215
          14     5.66174     5.58816   0.0816884
          15     5.80988     5.60294   0.0774709
          16     6.12513     5.63558   0.0794777
          17      5.2934     5.61545   0.0773221
          18     5.43532     5.60544   0.0735837
          19     5.51506     5.60068   0.0697656
          20     5.32104      5.5867   0.0676462
          21     5.27363     5.57179   0.0660488
          22     5.16349     5.55323    0.065653
          23     5.06443     5.53198   0.0662357
          24     5.31224     5.52283   0.0640734
          25     5.87014     5.53672   0.0630077
          26     5.14109      5.5215    0.062419
          27     5.67007       5.527   0.0603142
          28     5.95921     5.54244   0.0601351
          29     5.43682      5.5388   0.0581386
          30     5.69821     5.54411    0.056418
           1     5.17267     5.17267           0
           2     5.54218     5.35743    0.184754
           3     5.47751     5.39746     0.11393
           4     4.83611     5.25712    0.161817
           5     5.49925     5.30554    0.134372
           6     5.23162     5.29322    0.110404
           7     5.45419     5.31622   0.0961001
           8     5.17969     5.29915   0.0849568
           9     5.09092     5.27601   0.0784159
          10     5.19753     5.26817   0.0705751
          11     4.83159     5.22848   0.0751692
          12     5.35643     5.23914   0.0694434
          13     5.03434     5.22339   0.0657925
          14     5.29795     5.22871   0.0611444
          15     5.34464     5.23644   0.0574446
          16     4.97476     5.22009   0.0561683
          17     5.11882     5.21413   0.0530961
          18      5.3287     5.22049   0.0504626
          19     5.28917     5.22411   0.0478694
          20     5.31567     5.22869   0.0456431
          21     5.41824     5.23771   0.0443437
          22     4.97085     5.22558   0.0439858
          23     5.62378      5.2429    0.045456
          24     5.80019     5.26612   0.0493281
          25     4.86284     5.24999   0.0499881
          26     5.32955     5.25305   0.0481244
          27     5.41529     5.25906    0.046696
          28     5.32807     5.26152   0.0450648
          29     5.37076     5.26529    0.043646
          30     5.33481      5.2676   0.0422297
           1     5.05648     5.05648           0
           2     4.85315     4.95481    0.101665
           3     5.18759     5.03241   0.0972936
           4     4.65992     4.93928    0.115779
           5     4.98987      4.9494   0.0902506
           6     5.01561     4.96044    0.074511
           7      4.8453     4.94399    0.065086
           8     5.05203     4.95749   0.0579616
           9     4.76317      4.9359   0.0554904
          10     5.01898     4.94421   0.0503227
          11     4.91149     4.94123   0.0456157
          12     5.08312     4.95306   0.0432873
          13     4.70815     4.93422   0.0440502
          14     4.70456     4.91781   0.0439582
          15     5.05504     4.92696   0.0419329
          16     4.83206     4.92103   0.0396706
          17     4.64454     4.90477   0.0406587
          18     5.11523     4.91646    0.040077
          19     5.16157     4.92936    0.040044
          20     5.17746     4.94176   0.0399631
          21     4.88146     4.93889   0.0381208
          22     4.81635     4.93332   0.0367711
          23     4.67262     4.92199   0.0369192
          24     4.54619     4.90633   0.0386603
          25     4.93772     4.90759   0.0371029
          26      5.0509      4.9131    0.036071
          27     5.03987     4.91779   0.0350255
          28     4.74661     4.91168   0.0343006
          29     4.87227     4.91032   0.0331246
          30     4.84886     4.90827   0.0320669
           1     4.51638     4.51638           0
           2     4.61023     4.56331   0.0469243
           3     4.53481     4.55381   0.0287086
           4     4.62043     4.57046   0.0262576
           5     4.74057     4.60449   0.0396374
           6     4.45928     4.58028   0.0404117
           7     4.53813     4.57426   0.0346811
           8     4.56229     4.57277   0.0300719
           9      4.7575     4.59329    0.033536
          10      4.7163     4.60559   0.0324196
          11     5.00166      4.6416   0.0464368
          12      4.7937     4.65427   0.0442452
          13      4.2195     4.62083   0.0526779
          14     4.45245      4.6088   0.0502313
          15     4.97736     4.63337   0.0528249
          16       4.417     4.61985   0.0512303
          17     4.71158     4.62525   0.0484241
          18     4.53698     4.62034   0.0459172
          19     4.34245     4.60572   0.0458298
          20     4.61789     4.60632   0.0434822
          21     4.80952       4.616   0.0424766
          22     4.56039     4.61347   0.0405787
          23     4.33235     4.60125   0.0406551
          24     4.75938     4.60784   0.0394781
          25     4.56006     4.60593   0.0379142
          26     4.85239     4.61541     0.03764
          27     4.52775     4.61216   0.0363643
          28     5.04501     4.62762   0.0382999
          29     4.73967     4.63148    0.037157
          30     4.50004      4.6271   0.0361635
           1     4.35141     4.35141           0
           2     4.26166     4.30654   0.0448733
           3     4.37205     4.32837   0.0338835
           4     4.47208      4.3643   0.0431821
           5     4.07356     4.30615   0.0670819
           6     4.31462     4.30756   0.0547903
           7     4.39874     4.32059   0.0481034
           8     4.48916     4.34166   0.0466849
           9      3.9274     4.29563   0.0617561
          10     4.54994     4.32106   0.0608095
          11     4.48258     4.33575   0.0569303
          12     4.39955     4.34106   0.0522413
          13      4.1883     4.32931    0.049471
          14     4.66731     4.35345   0.0517746
          15     4.69967     4.37654   0.0534408
          16     4.39963     4.37798   0.0500101
          17     4.73058     4.39872   0.0513515
          18     4.40098     4.39885   0.0484148
          19     4.52609     4.40554   0.0462829
          20      4.4546     4.40799   0.0439762
          21     4.01959      4.3895   0.0457363
          22     4.91372     4.41333   0.0496934
          23     4.49974     4.41709   0.0476321
          24     4.20532     4.40826   0.0464501
          25     4.36484     4.40652   0.0445872
          26     4.62613     4.41497   0.0436627
          27     4.35824     4.41287    0.042067
          28     4.60659     4.41979   0.0411229
          29     4.34411     4.41718   0.0397653
          30     4.36869     4.41556   0.0384509
           1     4.27529     4.27529           0
           2     4.23432      4.2548   0.0204822
           3     4.33355     4.28105   0.0287888
           4     4.23774     4.27022    0.023058
           5     4.18357     4.25289   0.0248867
           6     4.21049     4.24583   0.0215136
           7     4.12485     4.22854   0.0250852
           8     4.22488     4.22809   0.0217292
           9     4.06068     4.20949   0.0267064
          10     4.17343     4.20588   0.0241575
          11     4.34224     4.21828   0.0251228
          12     4.38736     4.23237   0.0269163
          13      4.1395     4.22522   0.0257693
          14     4.46401     4.24228   0.0293277
          15     4.35981     4.25012   0.0284047
          16     3.77832     4.22063   0.0396922
          17     4.40269     4.23134    0.038792
          18     4.11931     4.22511   0.0370992
          19     4.06613     4.21675   0.0360761
          20      4.3424     4.22303   0.0347967
          21     4.12616     4.21842   0.0334182
          22     4.03322        4.21   0.0329562
          23     4.53925     4.22431   0.0345919
          24     4.38744     4.23111   0.0338094
          25      4.0352     4.22327   0.0333623
          26     3.93781      4.2123   0.0338817
          27     4.09945     4.20812   0.0328695
          28     4.17149     4.20681   0.0317008
          29     3.89294     4.19598   0.0324464
          30      4.5137     4.20658    0.033087
           1     3.63731     3.63731           0
           2     4.09578     3.86655    0.229233
           3     4.18961     3.97423    0.170624
           4     3.81667     3.93484    0.126917
           5     3.95395     3.93866   0.0983837
           6     3.94031     3.93894   0.0803304
           7     3.91361     3.93532   0.0679879
           8     4.14864     3.96198    0.064636
           9     4.08588     3.97575   0.0586422
          10     3.80721      3.9589   0.0550923
          11     3.80148     3.94459   0.0518469
          12     4.12829     3.95989   0.0497436
          13     3.71744     3.94124   0.0494125
          14     3.66364     3.92141   0.0498596
          15     4.05456     3.93029   0.0472579
          16     4.17485     3.94558   0.0467736
          17     3.88711     3.94214   0.0440705
          18     3.80481     3.93451   0.0422447
          19       3.757     3.92516   0.0410371
          20     4.07766     3.93279   0.0396708
          21     3.98029     3.93505   0.0378022
          22      3.8643     3.93184   0.0361862
          23     3.93972     3.93218   0.0345788
          24     3.86889     3.92954   0.0332115
          25     3.90397     3.92852   0.0318718
          26     4.29135     3.94247   0.0336514
          27     4.16777     3.95082   0.0334389
          28     3.93577     3.95028    0.032227
          29      4.0882     3.95504   0.0314574
          30     3.94087     3.95456   0.0303944
           1     3.87018     3.87018           0
           2     3.70681     3.78849   0.0816858
           3     3.98177     3.85292   0.0798424
           4     3.96283      3.8804   0.0627886
           5     3.92621     3.88956   0.0494913
           6      3.6118     3.84327   0.0614491
           7     3.98225     3.86312      0.0556
           8     3.61151     3.83167   0.0575129
           9     3.83919     3.83251   0.0507285
          10     3.69203     3.81846   0.0474978
          11     3.60371     3.79894   0.0471909
          12     3.71509     3.79195   0.0436421
          13     3.82184     3.79425   0.0402107
          14     3.58322     3.77917   0.0401638
          15     3.67157       3.772   0.0380724
          16     3.60136     3.76133   0.0371761
          17     3.89026     3.76892   0.0357349
          18     3.84643     3.77323   0.0339653
          19     3.67672     3.76815    0.032527
          20     3.58117      3.7588   0.0322429
          21     3.82436     3.76192   0.0308277
          22     3.82506     3.76479   0.0295328
          23     3.64039     3.75938   0.0287332
          24     3.59007     3.75233      0.0284
          25     3.79854     3.75417    0.027303
          26      3.5874     3.74776   0.0270047
          27     3.71228     3.74645   0.0260185
          28      4.0422     3.75701   0.0272062
          29     3.69045     3.75471   0.0263514
          30     3.72506     3.75373    0.025477
           1     3.61673     3.61673           0
           2     3.64226     3.62949   0.0127631
           3     3.57394     3.61098   0.0199286
           4     3.63458     3.61688   0.0152777
           5     3.54765     3.60303   0.0182144
           6     3.36106      3.5627   0.0429832
           7     3.71649     3.58467   0.0424541
           8      3.5178     3.57631   0.0377046
           9     3.55939     3.57443   0.0333055
          10     3.66102     3.58309   0.0310221
          11     3.64436     3.58866    0.028608
          12     3.70656     3.59849   0.0279023
          13     3.40641     3.58371   0.0296155
          14     3.67593      3.5903   0.0281988
          15     3.71091     3.59834   0.0274555
          16     3.75595     3.60819   0.0275067
          17     3.47356     3.60027   0.0270245
          18     3.57357     3.59879   0.0255221
          19     3.62296     3.60006   0.0241749
          20     3.55468     3.59779   0.0230463
          21     3.62562     3.59912   0.0219615
          22      3.4818     3.59378   0.0216078
          23     3.57438     3.59294   0.0206642
          24     3.59261     3.59293   0.0197845
          25     3.68396     3.59657   0.0193228
          26     3.72463     3.60149   0.0192071
          27      3.5734     3.60045   0.0185113
          28      3.6504     3.60224   0.0179269
          29     3.56408     3.60092   0.0173477
          30     3.62658     3.60178   0.0167812
           1     3.43801     3.43801           0
           2     3.27862     3.35832   0.0796941
           3     3.25824     3.32496   0.0568321
           4     3.16306     3.28448    0.057036
           5     3.29994     3.28757   0.0442879
           6     3.56004     3.33299   0.0580499
           7     3.34695     3.33498   0.0491017
           8     3.32672     3.33395   0.0425358
           9      3.6455     3.36856   0.0510447
          10     3.36875     3.36858   0.0456558
          11     3.43516     3.37464   0.0417384
          12      3.3708     3.37432   0.0381031
          13     3.51931     3.38547   0.0367816
          14     3.29748     3.37918   0.0346282
          15     3.33494     3.37623   0.0323717
          16     3.56677     3.38814   0.0325385
          17     3.50856     3.39523   0.0313746
          18     3.42351      3.3968    0.029622
          19     3.65068     3.41016   0.0310426
          20     3.38198     3.40875   0.0294833
          21     3.52344     3.41421    0.028571
          22     3.47546       3.417   0.0273833
          23     3.47463      3.4195   0.0262853
          24     3.33385     3.41593   0.0254181
          25     3.46575     3.41793   0.0244615
          26     3.37608     3.41632   0.0235569
          27     3.31644     3.41262   0.0229675
          28     3.59723     3.41921   0.0230932
          29     3.44638     3.42015   0.0223023
          30     3.41256     3.41989   0.0215476
           1     3.22283     3.22283           0
           2     3.32762     3.27523    0.052397
           3     3.25694     3.26913   0.0308592
           4     3.29755     3.27624   0.0229483
           5     3.25598     3.27219   0.0182314
           6      3.1028     3.24396   0.0319149
           7      3.2052     3.23842   0.0275356
           8     3.28128     3.24378    0.024441
           9      3.3105     3.25119   0.0227942
          10     3.20411     3.24648   0.0209244
          11     3.26698     3.24835   0.0190183
          12     3.16626     3.24151   0.0186602
          13     3.15093     3.23454   0.0185251
          14     3.39779      3.2462   0.0207394
          15     3.46554     3.26082   0.0242197
          16     3.40342     3.26973   0.0243455
          17     3.15546     3.26301    0.023836
          18     3.14585      3.2565   0.0233964
          19     3.25845     3.25661    0.022131
          20     3.22966     3.25526   0.0210385
          21     3.19384     3.25233   0.0202242
          22     2.99533     3.24065   0.0225457
          23     3.14568     3.23652   0.0219353
          24     3.33453     3.24061   0.0213948
          25      3.3322     3.24427   0.0208456
          26      3.2154     3.24316   0.0200586
          27     3.30021     3.24527   0.0194167
          28     3.24455     3.24525   0.0187104
          29     3.40763     3.25085   0.0189022
          30     3.31268     3.25291   0.0183772
           1     2.92628     2.92628           0
           2     3.03109     2.97868   0.0524044
           3     3.10375     3.02037   0.0515106
           4      3.0994     3.04013   0.0414365
           5     3.13175     3.05845   0.0369591
           6     3.05394      3.0577   0.0301863
           7     3.31406     3.09432    0.044633
           8     3.09438     3.09433   0.0386533
           9     3.17689      3.1035   0.0353017
          10     3.08057     3.10121    0.031658
          11     3.00189     3.09218   0.0300255
          12     3.18069     3.09956   0.0283844
          13     3.05972     3.09649   0.0262891
          14     3.34964     3.11457   0.0303209
          15       3.018     3.10814   0.0289521
          16     2.87787     3.09374   0.0306687
          17     3.28358     3.10491   0.0308967
          18     3.10585     3.10496   0.0291298
          19     3.29586     3.11501   0.0293287
          20     3.18523     3.11852   0.0280443
          21     3.02743     3.11418   0.0270258
          22     3.17108     3.11677   0.0258975
          23      3.2621     3.12309   0.0255399
          24     3.00252     3.11806   0.0249632
          25     3.03452     3.11472    0.024176
          26     3.04037     3.11186   0.0234029
          27     2.93769     3.10541   0.0234252
          28      3.1153     3.10576   0.0225759
          29       3.249      3.1107   0.0223364
          30     3.12975     3.11134   0.0215884
           1     2.99667     2.99667           0
           2     2.94766     2.97217   0.0245086
           3     2.96529     2.96987   0.0143346
           4     2.89422     2.95096   0.0214588
           5     2.94763     2.95029   0.0166352
           6      3.0195     2.96183   0.0178198
           7     2.84487     2.94512    0.022494
           8     2.93239     2.94353   0.0195452
           9     3.06674     2.95722   0.0220119
          10     3.30321     2.99182   0.0398086
          11     2.99668     2.99226   0.0360109
          12     3.00476      2.9933   0.0328898
          13     2.97513      2.9919   0.0302865
          14     2.97497     2.99069   0.0280659
          15     3.00183     2.99144   0.0261385
          16     2.86808     2.98373   0.0256372
          17      2.8308     2.97473   0.0257073
          18     3.15202     2.98458   0.0261619
          19     2.94243     2.98236   0.0248459
          20     2.95513       2.981   0.0236102
          21     3.02028     2.98287   0.0225356
          22     3.08537     2.98753   0.0219861
          23     2.99607      2.9879   0.0210117
          24     2.93985      2.9859   0.0202166
          25     3.00573     2.98669   0.0194073
          26     2.98314     2.98656   0.0186464
          27     2.82986     2.98075   0.0188578
          28     3.06378     2.98372   0.0184121
          29     3.12788     2.98869   0.0184483
          30     3.11652     2.99295    0.018325
           1      2.8304      2.8304           0
           2     2.89655     2.86347   0.0330723
           3     2.73972     2.82222   0.0454562
           4     2.84453      2.8278   0.0326226
           5     2.77685     2.81761   0.0272465
           6     2.78007     2.81135   0.0231097
           7     2.91039      2.8255   0.0241175
           8     2.91809     2.83708   0.0238786
           9     2.93026     2.84743   0.0234668
          10     2.98808     2.86149    0.025266
          11     2.89534     2.86457   0.0230601
          12     2.87362     2.86533   0.0210644
          13     2.82608     2.86231   0.0196102
          14     2.79287     2.85735   0.0188209
          15     2.88722     2.85934   0.0176341
          16     2.97408     2.86651   0.0179866
          17     2.88025     2.86732   0.0169147
          18     2.81034     2.86415   0.0162584
          19     2.89538      2.8658   0.0154665
          20     2.94305     2.86966   0.0151728
          21     2.91731     2.87193   0.0146095
          22     2.89707     2.87307   0.0139764
          23     2.81639     2.87061   0.0135804
          24     2.77273     2.86653   0.0136267
          25     2.88846     2.86741   0.0130997
          26     2.90975     2.86903   0.0126907
          27     2.96557     2.87261   0.0127243
          28      2.9608     2.87576   0.0126595
          29     3.03873     2.88138   0.0134458
          30     2.86658     2.88089   0.0129993
           1     2.63101     2.63101           0
           2     2.81446     2.72273   0.0917205
           3     2.67223      2.7059   0.0555666
           4     2.71558     2.70832    0.039366
           5     2.76029     2.71871   0.0322154
           6     2.75376     2.72455   0.0269445
           7     2.68338     2.71867   0.0235195
           8     2.86042     2.73639   0.0269967
           9     2.68175     2.73032   0.0245707
          10     2.77249     2.73454   0.0223777
          11     2.72171     2.73337    0.020275
          12     2.60157     2.72239   0.0215222
          13      2.9079     2.73666   0.0244046
          14     2.79328      2.7407   0.0229535
          15     2.83168     2.74677   0.0222125
          16     2.70807     2.74435   0.0209182
          17     2.74857      2.7446   0.0196508
          18     2.77604     2.74634   0.0186091
          19      2.7932     2.74881   0.0177743
          20     2.72626     2.74768   0.0168999
          21     2.73133      2.7469   0.0160938
          22     2.89218     2.75351   0.0167055
          23     2.82912     2.75679   0.0162977
          24      2.8004     2.75861   0.0157092
          25     2.74685     2.75814   0.0150751
          26     2.67453     2.75493   0.0148364
          27     2.73562     2.75421   0.0142942
          28      2.8091     2.75617   0.0139131
          29     2.82137     2.75842   0.0136117
          30     2.84466     2.76129   0.0134607
           1     2.76809     2.76809           0
           2     2.67223     2.72016   0.0479277
           3     2.71577     2.71869   0.0277098
           4     2.69159     2.71192   0.0207321
           5     2.70025     2.70958   0.0162278
           6     2.66648      2.7024   0.0150727
           7     2.57812     2.68465   0.0218517
           8     2.69286     2.68567   0.0189519
           9     2.84752     2.70366   0.0245509
          10     2.59341     2.69263   0.0245709
          11     2.55122     2.67978   0.0256755
          12     2.59107     2.67238   0.0245764
          13     2.54239     2.66238   0.0247196
          14     2.73918     2.66787   0.0235341
          15     2.62189      2.6648   0.0221225
          16     2.78429     2.67227   0.0219999
          17     2.69486      2.6736   0.0207079
          18     2.55155     2.66682   0.0206676
          19      2.7997     2.67381   0.0207629
          20     2.66115     2.67318   0.0197076
          21     2.71929     2.67538   0.0188738
          22     2.73371     2.67803   0.0181897
          23     2.67049      2.6777    0.017384
          24     2.66402     2.67713   0.0166537
          25     2.62728     2.67514   0.0160976
          26     2.68327     2.67545   0.0154692
          27     2.72139     2.67715   0.0149822
          28     2.58845     2.67398   0.0147807
          29      2.6194      2.6721   0.0143856
          30     2.66038     2.67171   0.0139033
           1     2.64009     2.64009           0
           2     2.56757     2.60383   0.0362613
           3     2.33039     2.51269   0.0935195
           4     2.45522     2.49832   0.0676709
           5     2.52488     2.50363   0.0526862
           6     2.42491     2.49051   0.0449741
           7      2.5346     2.49681   0.0385283
           8     2.54207     2.50247   0.0338428
           9     2.47817     2.49977   0.0299684
          10     2.56839     2.50663    0.027669
          11     2.51283     2.50719   0.0250339
          12     2.58757     2.51389   0.0238141
          13     2.69591     2.52789   0.0259981
          14     2.68092     2.53882   0.0264353
          15     2.50848      2.5368   0.0246929
          16       2.497     2.53431   0.0232317
          17     2.46966     2.53051   0.0221512
          18     2.60482     2.53464   0.0212885
          19     2.49074     2.53233    0.020269
          20     2.60878     2.53615   0.0196052
          21     2.45784     2.53242   0.0190174
          22     2.48919     2.53046   0.0182386
          23     2.43044     2.52611   0.0179619
          24     2.60018     2.52919    0.017472
          25     2.61695      2.5327   0.0171222
          26     2.44566     2.52936   0.0167877
          27     2.60871     2.53229   0.0164191
          28      2.6081       2.535   0.0160518
          29     2.47699       2.533   0.0156171
          30     2.58798     2.53483   0.0151984
           1     2.40009     2.40009           0
           2     2.39204     2.39607  0.00402361
           3     2.62732     2.47315   0.0771189
           4     2.30342     2.43072   0.0690957
           5     2.58671     2.46192     0.06195
           6     2.52361      2.4722   0.0516164
           7     2.41557     2.46411   0.0443676
           8     2.45238     2.46264   0.0384514
           9     2.36223     2.45148   0.0356993
          10     2.37827     2.44416    0.032759
          11     2.37338     2.43773   0.0303223
          12     2.44161     2.43805   0.0276822
          13     2.39351     2.43463   0.0256934
          14     2.47785     2.43771    0.023987
          15     2.34305      2.4314   0.0232054
          16     2.35736     2.42677   0.0221944
          17     2.47161     2.42941   0.0210142
          18       2.541     2.43561   0.0207596
          19     2.50259     2.43914   0.0199505
          20     2.36451      2.4354    0.019291
          21     2.53648     2.44022   0.0189701
          22     2.37702     2.43735    0.018314
          23      2.4818     2.43928    0.017606
          24     2.36113     2.43602   0.0171681
          25     2.51157     2.43904    0.016742
          26      2.5351     2.44274   0.0165041
          27     2.34129     2.43898   0.0163195
          28     2.35986     2.43616   0.0159777
          29     2.48571     2.43786   0.0155113
          30      2.4517     2.43833   0.0149925
           1     2.40833     2.40833           0
           2      2.3685     2.38841    0.019914
           3     2.30449     2.36044   0.0302453
           4     2.39723     2.36964   0.0232804
           5     2.23339     2.34239    0.032675
           6     2.15046      2.3104   0.0416539
           7     2.39072     2.32187   0.0370266
           8     2.38622     2.32992   0.0330593
           9     2.35841     2.33308    0.029327
          10     2.36157     2.33593   0.0263851
          11     2.36431     2.33851   0.0240053
          12     2.32263     2.33719   0.0219536
          13     2.30759     2.33491   0.0203223
          14     2.32287     2.33405   0.0188345
          15     2.34809     2.33499   0.0175589
          16      2.3676     2.33702   0.0165509
          17      2.2677     2.33295   0.0160728
          18     2.36946     2.33497   0.0152887
          19     2.36007      2.3363   0.0145219
          20     2.33873     2.33642   0.0137772
          21      2.2119     2.33049   0.0143837
          22     2.37827     2.33266   0.0138853
          23     2.42746     2.33678   0.0138934
          24      2.2212     2.33197   0.0141468
          25     2.48177     2.33796   0.0148333
          26     2.34356     2.33817    0.014253
          27     2.37253     2.33945   0.0137738
          28        2.32     2.33875   0.0132909
          29     2.39319     2.34063   0.0129611
          30     2.38783      2.3422   0.0126201
           1     2.15054     2.15054           0
           2     2.24085     2.19569   0.0451589
           3     2.34981     2.24707   0.0576102
           4     2.36151     2.27568   0.0497802
           5     2.30164     2.28087   0.0389077
           6     2.28786     2.28204   0.0317893
           7     2.22953     2.27453   0.0278943
           8     2.16479     2.26082   0.0277806
           9     2.29077     2.26414   0.0247252
          10     2.21433     2.25916    0.022669
          11     2.19665     2.25348   0.0212778
          12     2.36397     2.26269   0.0214958
          13     2.25976     2.26246   0.0197745
          14     2.17203       2.256   0.0194138
          15      2.1971     2.25208   0.0184949
          16     2.21594     2.24982   0.0174473
          17     2.20396     2.24712   0.0166093
          18      2.3355     2.25203   0.0164112
          19     2.33037     2.25615   0.0160616
          20     2.13595     2.25014   0.0163799
          21     2.30269     2.25264     0.01578
          22     2.17521     2.24913   0.0154519
          23      2.0948     2.24242   0.0162179
          24     2.23323     2.24203   0.0155322
          25     2.22466     2.24134   0.0149142
          26     2.15543     2.23803   0.0147051
          27     2.19357     2.23639   0.0142455
          28     2.32454     2.23954   0.0140837
          29     2.14514     2.23628   0.0139738
          30     2.22176      2.2358   0.0135086
           1     2.26035     2.26035           0
           2     2.20645      2.2334   0.0269533
           3     2.18523     2.21734   0.0223602
           4     2.23546     2.22187   0.0164467
           5     2.14594     2.20668   0.0198228
           6      2.1334     2.19447   0.0202771
           7     2.10554     2.18177    0.021333
           8     2.28074     2.19414    0.022235
           9     2.18931      2.1936   0.0196167
          10     2.18199     2.19244   0.0175841
          11     2.28837     2.20116   0.0181395
          12     2.18832     2.20009   0.0165935
          13     2.39458     2.21505    0.021373
          14     2.10211     2.20699   0.0213688
          15     2.11453     2.20082   0.0208262
          16     2.20718     2.20122   0.0194852
          17     2.16373     2.19901   0.0184355
          18     2.18299     2.19812    0.017404
          19     2.19503     2.19796   0.0164633
          20     2.22975     2.19955   0.0156991
          21     2.13477     2.19647   0.0152481
          22     2.08593     2.19144   0.0153822
          23     2.25656     2.19427   0.0149683
          24     2.10079     2.19038    0.014851
          25     2.14896     2.18872   0.0143406
          26     2.17274     2.18811   0.0137917
          27     2.22308      2.1894   0.0133341
          28     2.28343     2.19276   0.0132806
          29     2.13397     2.19073   0.0129739
          30     2.29954     2.19436   0.0130481
           1     2.11372     2.11372           0
           2     2.12028       2.117  0.00328041
           3      2.0283     2.08743    0.029627
           4     2.07539     2.08442   0.0211646
           5     2.01066     2.06967   0.0220546
           6     2.19537     2.09062    0.027626
           7     2.09747      2.0916   0.0233687
           8     2.15343     2.09933   0.0216636
           9     2.08728     2.09799   0.0191524
          10     2.21149     2.10934   0.0205492
          11     2.17587     2.11539   0.0195468
          12      2.0989     2.11401   0.0178965
          13     2.12183     2.11462   0.0164734
          14     2.06283     2.11092   0.0156936
          15     2.18204     2.11566   0.0153601
          16     2.02881     2.11023   0.0153591
          17     2.04439     2.10636   0.0149382
          18     2.09454      2.1057   0.0140992
          19     2.07656     2.10417   0.0134244
          20     2.14357     2.10614   0.0128869
          21     2.16134     2.10877   0.0125366
          22     2.13697     2.11005   0.0120218
          23     2.16185      2.1123   0.0117059
          24     2.06411     2.11029   0.0113861
          25     2.09159     2.10954   0.0109467
          26     2.17373     2.11201   0.0108031
          27     2.17311     2.11428   0.0106387
          28     2.05559     2.11218   0.0104638
          29     2.03552     2.10954   0.0104368
          30     2.09123     2.10893   0.0101014
           1     2.07189     2.07189           0
           2     1.99597     2.03393   0.0379636
           3     2.06832     2.04539   0.0247353
           4     2.02916     2.04133   0.0179552
           5     2.05759     2.04459   0.0142828
           6     2.01933     2.04038   0.0123981
           7     1.96573     2.02971   0.0149499
           8     2.03637     2.03055   0.0129737
           9     2.02069     2.02945    0.011494
          10     2.08847     2.03535   0.0118542
          11     2.02645     2.03454    0.010753
          12     1.99453     2.03121    0.010367
          13     2.06768     2.03401  0.00994044
          14     2.12019     2.04017    0.011072
          15     2.05944     2.04145   0.0103872
          16     2.15206     2.04837   0.0119247
          17     2.02598     2.04705   0.0112784
          18     2.04876     2.04715   0.0106338
          19     2.07588     2.04866   0.0101716
          20     2.04984     2.04872  0.00964983
          21     2.13169     2.05267  0.00999316
          22     2.08217     2.05401  0.00962202
          23      2.1126     2.05656  0.00954055
          24     2.01925       2.055  0.00926569
          25     2.08211     2.05609  0.00895324
          26     2.04889     2.05581  0.00860645
          27     2.11825     2.05812   0.0085984
          28     2.03781      2.0574  0.00831731
          29     2.09297     2.05862  0.00811861
          30     1.95712     2.05524  0.00854195
           1     2.07854     2.07854           0
           2     1.92667     2.00261   0.0759355
           3     1.91223     1.97248   0.0531945
           4     1.88575      1.9508   0.0434158
           5     1.96187     1.95301   0.0337026
           6      1.9435     1.95143   0.0275636
           7     1.94251     1.95015   0.0233303
           8     1.97526     1.95329    0.020447
           9     1.92508     1.95016    0.018303
          10     2.02995     1.95814   0.0182119
          11     1.95286     1.95766   0.0164803
          12     2.00187     1.96134    0.015489
          13     1.91661      1.9579   0.0146575
          14      1.9273     1.95571   0.0137451
          15     1.96842     1.95656    0.012824
          16      2.0249     1.96083   0.0127335
          17      2.0784     1.96775   0.0138164
          18     1.99251     1.96912   0.0130987
          19     1.98188      1.9698   0.0124083
          20     1.97901     1.97026   0.0117805
          21     2.00157     1.97175   0.0113043
          22     1.95556     1.97101   0.0108033
          23     1.95204     1.97019   0.0103558
          24      2.0453     1.97332   0.0103971
          25     1.97231     1.97328  0.00997266
          26     2.04615     1.97608  0.00998297
          27     1.94052     1.97476  0.00969597
          28     1.94443     1.97368  0.00940585
          29     1.95915     1.97318  0.00908954
          30     1.92701     1.97164  0.00891516
           1     1.90076     1.90076           0
           2     1.89088     1.89582  0.00493961
           3     1.87453     1.88872  0.00764663
           4     1.93838     1.90114   0.0135405
           5     1.86844      1.8946   0.0123603
           6     1.83324     1.88437   0.0143675
           7     1.91133     1.88822   0.0127387
           8     1.93356     1.89389   0.0124026
           9     1.90001     1.89457   0.0109592
          10       1.897     1.89481  0.00980523
          11     1.89989     1.89527  0.00888116
          12     1.84746     1.89129  0.00903339
          13     1.88147     1.89053  0.00834376
          14     1.85929      1.8883   0.0080407
          15     1.94942     1.89238  0.00852272
          16     1.83372     1.88871   0.0087749
          17     1.94324     1.89192  0.00884473
          18     1.90432     1.89261  0.00836732
          19     1.90413     1.89321  0.00793788
          20      1.8603     1.89157  0.00770821
          21     1.96174     1.89491  0.00805748
          22     1.89599     1.89496  0.00768266
          23     2.01618     1.90023  0.00903713
          24     1.92618     1.90131   0.0087197
          25      1.8865     1.90072   0.0083846
          26     1.96617     1.90324  0.00843982
          27     1.94024     1.90461  0.00823609
          28     1.84299     1.90241  0.00823592
          29     1.89907     1.90229  0.00794769
          30     1.93386     1.90334  0.00774999
           1     1.90429     1.90429           0
           2      1.7531     1.82869   0.0755942
           3     1.77146     1.80962   0.0476316
           4     1.82427     1.81328   0.0338794
           5     1.85974     1.82257   0.0278396
           6     1.81701     1.82165   0.0227498
           7     1.88891     1.83126   0.0214947
           8     1.88931     1.83851   0.0199796
           9     1.82769     1.83731   0.0176614
          10     1.91586     1.84517   0.0176418
          11     1.86805     1.84725   0.0160927
          12     1.81808     1.84481   0.0148903
          13     1.76702     1.83883   0.0149471
          14     1.92739     1.84516   0.0152156
          15     1.87532     1.84717    0.014307
          16     1.89322     1.85005   0.0136891
          17      1.8082     1.84758   0.0130921
          18     1.79725     1.84479   0.0126561
          19     1.87499     1.84638   0.0120765
          20     1.90836     1.84948   0.0118685
          21     1.94064     1.85382   0.0120952
          22     1.84002     1.85319   0.0115493
          23     1.80184     1.85096   0.0112593
          24     1.88507     1.85238   0.0108733
          25     2.01562     1.85891   0.0123048
          26     1.85643     1.85881   0.0118224
          27     1.83757     1.85803   0.0114033
          28     1.90928     1.85986   0.0111399
          29     1.86326     1.85998   0.0107496
          30     1.87062     1.86033   0.0103911
           1     1.76629     1.76629           0
           2     1.79151      1.7789   0.0126095
           3     1.86787     1.80856   0.0305393
           4     1.78133     1.80175   0.0226421
           5     1.79758     1.80092   0.0175582
           6       1.729     1.78893   0.0186867
           7     1.86203     1.79937   0.0189333
           8     1.80283      1.7998   0.0164024
           9     1.71592     1.79048   0.0172085
          10     1.84483     1.79592    0.016323
          11     1.79138      1.7955   0.0147705
          12     1.76155     1.79268   0.0137773
          13     1.81705     1.79455   0.0128112
          14     1.92498     1.80387   0.0150822
          15       1.774     1.80188   0.0141813
          16     1.86501     1.80582   0.0138399
          17     1.73968     1.80193   0.0135699
          18     1.80963     1.80236    0.012801
          19     1.79825     1.80214   0.0121105
          20     1.78375     1.80122   0.0115257
          21     1.81648     1.80195   0.0109872
          22     1.73137     1.79874   0.0109561
          23     1.72897     1.79571   0.0108997
          24     1.73371     1.79312   0.0107506
          25      1.7884     1.79294   0.0103133
          26     1.78751     1.79273  0.00991092
          27     1.79732      1.7929  0.00953831
          28     1.81981     1.79386  0.00924147
          29     1.81999     1.79476  0.00896253
          30     1.82277     1.79569  0.00870881
           1     1.72347     1.72347           0
           2     1.74025     1.73186   0.0083861
           3     1.78244     1.74872   0.0175418
           4     1.77726     1.75586   0.0143097
           5     1.68721     1.74213   0.0176455
           6     1.71303     1.73728   0.0152019
           7     1.74722      1.7387   0.0129261
           8     1.78998     1.74511   0.0128999
           9     1.72388     1.74275   0.0116185
          10     1.73074     1.74155   0.0104611
          11      1.6908     1.73694    0.010527
          12     1.66813      1.7312   0.0111903
          13     1.74969     1.73262   0.0103913
          14     1.64035     1.72603   0.0116616
          15      1.7331      1.7265   0.0108666
          16     1.71675     1.72589    0.010183
          17     1.76212     1.72803  0.00979971
          18     1.72108     1.72764  0.00924731
          19     1.70742     1.72658  0.00881159
          20      1.7458     1.72754  0.00841448
          21     1.71865     1.72711  0.00801495
          22     1.72817     1.72716  0.00764211
          23     1.76337     1.72874   0.0074701
          24     1.74164     1.72927  0.00717225
          25     1.79231     1.73179  0.00732687
          26     1.75851     1.73282  0.00711402
          27     1.74783     1.73338  0.00686801
          28     1.72316     1.73301  0.00662824
          29     1.74336     1.73337  0.00640553
          30     1.77013      1.7346  0.00630851
           1     1.65719     1.65719           0
           2     1.63527     1.64623   0.0109585
           3     1.63846     1.64364  0.00683693
           4     1.64876     1.64492  0.00500102
           5     1.74428     1.66479   0.0202455
           6     1.73395     1.67632   0.0201523
           7      1.6844     1.67747   0.0170709
           8        1.69     1.67904   0.0148666
           9     1.68511     1.67971   0.0131284
          10     1.73076     1.68482    0.012804
          11     1.57079     1.67445   0.0155433
          12     1.65099      1.6725   0.0143231
          13     1.67009     1.67231   0.0131766
          14      1.6754     1.67253   0.0122012
          15     1.64157     1.67047   0.0115447
          16     1.72481     1.67386   0.0113206
          17     1.72127     1.67665   0.0109934
          18      1.6542      1.6754   0.0104395
          19     1.73717     1.67865   0.0103961
          20     1.65086     1.67727  0.00996007
          21     1.72719     1.67964  0.00976759
          22     1.67751     1.67955  0.00931354
          23     1.70924     1.68084  0.00899255
          24     1.68642     1.68107  0.00861285
          25     1.63332     1.67916  0.00847906
          26     1.75297       1.682  0.00862692
          27     1.64355     1.68057  0.00842251
          28     1.60355     1.67782  0.00856968
          29     1.63131     1.67622  0.00842302
          30     1.67297     1.67611  0.00813813
           1     1.56265     1.56265           0
           2     1.62245     1.59255   0.0299003
           3     1.67671      1.6206   0.0329393
           4     1.69417     1.63899   0.0296777
           5     1.68916     1.64903   0.0250824
           6     1.61192     1.64284   0.0213933
           7     1.62447     1.64022   0.0182701
           8     1.66465     1.64327   0.0161143
           9     1.65011     1.64403   0.0142317
          10     1.62522     1.64215   0.0128675
          11     1.64743     1.64263    0.011649
          12     1.78395     1.65441   0.0158674
          13     1.59902     1.65015    0.015205
          14     1.71627     1.65487   0.0148483
          15     1.61583     1.65227   0.0140659
          16     1.63352      1.6511   0.0132095
          17      1.6312     1.64993   0.0124632
          18     1.62302     1.64843   0.0118451
          19     1.60646     1.64622     0.01142
          20      1.7314     1.65048   0.0116411
          21     1.56684      1.6465   0.0117674
          22      1.7104      1.6494   0.0115896
          23     1.61068     1.64772   0.0112015
          24     1.59542     1.64554   0.0109437
          25     1.64177     1.64539   0.0104979
          26     1.63976     1.64517   0.0100884
          27     1.70284     1.64731   0.0099398
          28     1.60236      1.6457  0.00971185
          29     1.57026      1.6431  0.00972539
          30     1.72721     1.64591  0.00980495
           1     1.53787     1.53787           0
           2     1.52706     1.53246  0.00540396
           3     1.53635     1.53376  0.00337876
           4     1.64709     1.56209   0.0284347
           5     1.58853     1.56738   0.0226513
           6      1.5965     1.57223   0.0191208
           7     1.60165     1.57644   0.0166976
           8      1.6006     1.57946   0.0147727
           9       1.536     1.57463   0.0138943
          10     1.54975     1.57214   0.0126741
          11     1.62208     1.57668   0.0123305
          12     1.53626     1.57331   0.0117492
          13     1.52918     1.56992   0.0113284
          14     1.63788     1.57477    0.011557
          15     1.50919      1.5704   0.0116135
          16     1.57618     1.57076   0.0108694
          17     1.54358     1.56916   0.0103344
          18     1.53942     1.56751  0.00988248
          19     1.57793     1.56806  0.00936397
          20     1.58211     1.56876   0.0089112
          21     1.69012     1.57454   0.0102587
          22      1.6255     1.57686   0.0100519
          23     1.59214     1.57752  0.00962785
          24     1.60156     1.57852  0.00927222
          25     1.55677     1.57765  0.00893604
          26      1.5282     1.57575  0.00879367
          27     1.58741     1.57618  0.00847273
          28     1.54765     1.57516  0.00822787
          29     1.55845     1.57459  0.00795998
          30     1.63697     1.57667  0.00796624
           1     1.52257     1.52257           0
           2     1.57174     1.54715   0.0245874
           3     1.45315     1.51582   0.0343991
           4     1.57822     1.53142   0.0288962
           5     1.53969     1.53307    0.022444
           6     1.49415     1.52659   0.0194397
           7     1.53463     1.52774   0.0164696
           8     1.49948      1.5242    0.014694
           9     1.55407     1.52752    0.013377
          10     1.51836     1.52661   0.0119998
          11     1.57414     1.53093   0.0116829
          12      1.5502     1.53253   0.0107853
          13      1.5735     1.53568   0.0104094
          14     1.55189     1.53684  0.00970645
          15     1.56231     1.53854  0.00919436
          16     1.51413     1.53701  0.00873484
          17     1.50084     1.53489  0.00847634
          18     1.49244     1.53253  0.00833226
          19     1.62074     1.53717   0.0091473
          20     1.53626     1.53712  0.00867801
          21     1.54857     1.53767  0.00827242
          22     1.54219     1.53788  0.00789012
          23     1.51983     1.53709  0.00757997
          24     1.53557     1.53703  0.00725755
          25     1.51171     1.53601  0.00703445
          26     1.56688      1.5372  0.00686198
          27     1.51295      1.5363  0.00666375
          28      1.5987     1.53853  0.00679703
          29     1.52644     1.53812  0.00657171
          30     1.53571     1.53804  0.00634938
           1      1.4657      1.4657           0
           2     1.53384     1.49977   0.0340702
           3     1.56902     1.52285   0.0303264
           4     1.50546      1.5185   0.0218804
           5     1.49628     1.51406   0.0175219
           6     1.39532     1.49427   0.0244202
           7     1.48866     1.49347   0.0206544
           8     1.52931     1.49795   0.0184399
           9     1.50605     1.49885   0.0162874
          10     1.51343     1.50031   0.0146407
          11     1.48569     1.49898   0.0133095
          12     1.51437     1.50026   0.0122174
          13     1.53228     1.50272   0.0115052
          14     1.47057     1.50043   0.0108966
          15     1.47977     1.49905   0.0102372
          16     1.49298     1.49867   0.0095835
          17      1.4548     1.49609   0.0093647
          18     1.48164     1.49529  0.00886552
          19     1.49427     1.49523  0.00838612
          20     1.51263      1.4961  0.00800317
          21     1.48006     1.49534  0.00765079
          22     1.49971     1.49554  0.00729744
          23     1.43859     1.49306  0.00739945
          24     1.52905     1.49456  0.00724136
          25     1.54992     1.49678   0.0072901
          26     1.52488     1.49786  0.00708704
          27     1.52223     1.49876  0.00687902
          28     1.51506     1.49934  0.00665431
          29     1.55381     1.50122  0.00668979
          30     1.49568     1.50104   0.0064656
           1      1.4717      1.4717           0
           2     1.45609     1.46389  0.00780468
           3     1.49496     1.47425   0.0112933
           4     1.42489     1.46191   0.0146972
           5     1.48146     1.46582   0.0120369
           6     1.51746     1.47443   0.0130642
           7     1.45382     1.47148   0.0114271
           8     1.49936     1.47497   0.0104916
           9     1.47154     1.47459  0.00926056
          10     1.44917     1.47204  0.00866396
          11      1.4926     1.47391   0.0080566
          12     1.42876     1.47015  0.00826142
          13     1.48519     1.47131  0.00768696
          14     1.51749     1.47461   0.0078441
          15     1.46595     1.47403  0.00732524
          16     1.54515     1.47847   0.0081677
          17     1.49522     1.47946  0.00773522
          18     1.49127     1.48011  0.00732227
          19     1.40445     1.47613  0.00798942
          20     1.45089     1.47487  0.00768379
          21     1.49618     1.47589  0.00737885
          22     1.45595     1.47498  0.00709358
          23     1.51346     1.47665  0.00698159
          24     1.41162     1.47394  0.00721278
          25     1.51477     1.47558  0.00710836
          26       1.403     1.47278  0.00737785
          27     1.46317     1.47243  0.00710826
          28     1.52967     1.47447  0.00714828
          29     1.46743     1.47423  0.00690166
          30     1.50979     1.47542  0.00677218
           1     1.38381     1.38381           0
           2     1.45037     1.41709     0.03328
           3     1.46278     1.43232    0.024519
           4     1.40966     1.42666   0.0182394
           5     1.41779     1.42488   0.0142391
           6      1.4193     1.42395   0.0116634
           7     1.42163     1.42362  0.00986294
           8     1.42948     1.42435   0.0085729
           9     1.35188      1.4163   0.0110458
          10     1.40361     1.41503   0.0099608
          11      1.4479     1.41802   0.0094926
          12     1.41365     1.41765  0.00867317
          13     1.45972     1.42089  0.00860929
          14     1.41091     1.42018  0.00800245
          15     1.41764     1.42001  0.00745179
          16     1.43162     1.42073  0.00700819
          17     1.42827     1.42118  0.00659795
          18     1.46798     1.42378  0.00674215
          19     1.45635     1.42549   0.0066038
          20     1.46393     1.42741  0.00655303
          21     1.46581     1.42924  0.00649585
          22     1.41786     1.42872  0.00621511
          23     1.43857     1.42915  0.00595416
          24      1.4342     1.42936  0.00570454
          25     1.40298     1.42831  0.00557248
          26     1.44603     1.42899  0.00539707
          27     1.40177     1.42798   0.0052903
          28     1.41717     1.42759  0.00511248
          29      1.4301     1.42768  0.00493379
          30     1.38779     1.42635  0.00494853
           1     1.39358     1.39358           0
           2     1.39455     1.39407 0.000487426
           3      1.4325     1.40688   0.0128143
           4     1.36312     1.39594   0.0142051
           5     1.38502     1.39376   0.0112176
           6     1.37204     1.39014  0.00984841
           7     1.42436     1.39502  0.00965286
           8      1.3887     1.39423  0.00839696
           9     1.37791     1.39242  0.00762418
          10     1.41125      1.3943  0.00707435
          11     1.34619     1.38993  0.00775116
          12      1.4013     1.39088  0.00713895
          13     1.45445     1.39577  0.00818771
          14     1.42209     1.39765  0.00780998
          15     1.42423     1.39942  0.00748352
          16     1.39014     1.39884  0.00702416
          17     1.37376     1.39736  0.00676101
          18      1.4185     1.39854  0.00648164
          19     1.35427     1.39621  0.00655875
          20     1.39477     1.39614  0.00622259
          21     1.41132     1.39686  0.00596284
          22     1.39715     1.39687  0.00568536
          23     1.38356     1.39629  0.00546332
          24     1.44145     1.39818  0.00555883
          25     1.39735     1.39814  0.00533195
          26     1.35625     1.39653  0.00537022
          27     1.39552     1.39649  0.00516763
          28     1.40097     1.39665  0.00498222
          29     1.38667     1.39631  0.00481966
          30      1.3804     1.39578  0.00468634
           1     1.37364     1.37364           0
           2     1.30758     1.34061   0.0330293
           3     1.35316     1.34479   0.0195231
           4     1.37023     1.35115   0.0151995
           5     1.34278     1.34948   0.0118921
           6     1.35501      1.3504  0.00975342
           7     1.38417     1.35522  0.00955091
           8     1.30541       1.349   0.0103535
           9     1.32141     1.34593  0.00963167
          10      1.3829     1.34963  0.00937458
          11     1.40271     1.35445  0.00975663
          12     1.33766     1.35305  0.00901585
          13     1.39573     1.35634  0.00891945
          14     1.35498     1.35624  0.00825837
          15     1.35637     1.35625  0.00768813
          16     1.39958     1.35896  0.00768469
          17     1.36213     1.35914  0.00722091
          18     1.37422     1.35998  0.00685926
          19     1.37689     1.36087  0.00654898
          20     1.35579     1.36062   0.0062181
          21     1.35428     1.36032   0.0059223
          22     1.34901      1.3598  0.00567002
          23     1.36255     1.35992  0.00541921
          24      1.3389     1.35905  0.00526191
          25     1.36504     1.35929  0.00505274
          26     1.38343     1.36021  0.00494251
          27     1.39442     1.36148  0.00492182
          28     1.31968     1.35999  0.00497222
          29     1.34323     1.35941   0.0048324
          30     1.32288     1.35819  0.00482472
