           1   -0.100645   -0.100645           0
           2    0.115267  0.00731067    0.107956
           3   -0.688829   -0.224736    0.240272
           4   -0.374083   -0.262073    0.173952
           5   -0.662645   -0.342187    0.156761
           6    0.258717   -0.242036     0.16252
           7   -0.138611   -0.227261    0.138147
           8  -0.0501387   -0.205121     0.12167
           9     0.71056   -0.103379     0.14787
          10    0.296432  -0.0633976     0.13817
          11   -0.033712  -0.0606989    0.125008
          12    0.774797  0.00892578    0.133679
          13   -0.616704  -0.0391996    0.132049
          14  0.00556533  -0.0360021    0.122295
          15   -0.158768  -0.0441865    0.114145
          16    0.477512  -0.0115803     0.11164
          17    0.399451    0.012598    0.107619
          18  -0.0462427  0.00932904    0.101517
          19   -0.056128  0.00588393    0.096087
          20   -0.546837  -0.0217521   0.0952533
          21    0.295019 -0.00666781    0.091851
          22    0.268107  0.00582194   0.0884627
          23    0.215811   0.0149519   0.0850206
          24   -0.101587   0.0100961   0.0815458
          25   -0.168472  0.00295339   0.0785414
          26   -0.225565 -0.00583579   0.0759703
          27   -0.341067  -0.0182518   0.0741493
          28   -0.110256  -0.0215376   0.0715276
          29    0.437032 -0.00572487   0.0708053
          30   -0.463861  -0.0209961   0.0700884
           1  -0.0418027  -0.0418027           0
           2     0.05816  0.00817867   0.0499813
           3     0.23176   0.0827058   0.0799187
           4   -0.228515  0.00490067    0.096162
           5    0.120965   0.0281136     0.07802
           6   -0.105888     0.00578   0.0675046
           7    0.125771   0.0229215   0.0595713
           8   -0.118248  0.00527533   0.0545247
           9    0.207803   0.0277784   0.0530912
          10   -0.127256   0.0122749   0.0499529
          11   -0.617448  -0.0449726   0.0729307
          12   0.0307707  -0.0386607   0.0668749
          13      0.3678 -0.00739446   0.0690057
          14   -0.355349  -0.0322484   0.0685511
          15 -0.00505067  -0.0304352   0.0638433
          16    0.268032   -0.011781   0.0625656
          17    -0.38308  -0.0336221   0.0626974
          18    0.161765  -0.0227673   0.0601001
          19   -0.505488  -0.0481736   0.0622679
          20    0.104568  -0.0405365   0.0595641
          21    0.151221  -0.0314052   0.0573879
          22    0.148669    -0.02322    0.055326
          23    0.579301  0.00297658   0.0590005
          24  -0.0532773 0.000632667   0.0565373
          25   -0.137656 -0.00489888   0.0545101
          26    0.373125  0.00964051   0.0543523
          27    0.122797   0.0138315   0.0524682
          28   -0.168424  0.00732238   0.0509769
          29    0.463117   0.0230394   0.0516377
          30    0.272357     0.03135   0.0505743
           1   -0.363368   -0.363368           0
           2   -0.321523   -0.342445   0.0209227
           3    0.278125   -0.135588    0.207209
           4   0.0220107  -0.0961887    0.151724
           5    0.475637   0.0181765    0.163986
           6   -0.120501 -0.00493644    0.135875
           7 -0.00384267 -0.00478019    0.114835
           8  -0.0283733 -0.00772933   0.0994938
           9   -0.219219  -0.0312281   0.0908374
          10   -0.056352  -0.0337405   0.0812862
          11    0.647549   0.0281949   0.0961358
          12    -0.10752   0.0168853   0.0884853
          13   -0.157576  0.00346523   0.0824936
          14   -0.221779  -0.0126236   0.0780504
          15   -0.453421  -0.0420101   0.0783785
          16    0.126208  -0.0314965   0.0740664
          17    0.483293 -0.00121475   0.0758777
          18   -0.100139 -0.00671052   0.0717489
          19   -0.164475  -0.0150139   0.0683738
          20    0.093344   -0.009596   0.0650909
          21   -0.202965  -0.0188041   0.0625948
          22   -0.284859  -0.0308975   0.0608947
          23      -0.119   -0.034728   0.0583129
          24   -0.209941  -0.0420286   0.0563056
          25   -0.118384  -0.0450828   0.0540927
          26   -0.204467  -0.0512129   0.0523309
          27    0.027072  -0.0483135   0.0504389
          28   -0.127805  -0.0511525   0.0486869
          29     0.20888  -0.0421858   0.0478262
          30    0.289645  -0.0311248     0.04751
           1    0.128576    0.128576           0
           2   -0.258691  -0.0650573    0.193633
           3    0.138912  0.00293244    0.130846
           4    0.183955    0.048188    0.102997
           5   -0.293336  -0.0201168    0.105026
           6   -0.259128   -0.059952   0.0945545
           7  -0.0655147  -0.0607467   0.0799171
           8   -0.239133   -0.083045   0.0727136
           9   -0.417259    -0.12018   0.0741034
          10   -0.170728   -0.125235   0.0664726
          11   -0.179888   -0.130203   0.0603316
          12   0.0730293   -0.113267   0.0576202
          13    0.310405  -0.0806769   0.0622208
          14    0.056448  -0.0708823    0.058432
          15  -0.0570773   -0.069962    0.054405
          16  -0.0442773  -0.0683567   0.0509165
          17   -0.156053  -0.0735153   0.0481052
          18   0.0489333  -0.0667126   0.0458613
          19   -0.298536  -0.0789138   0.0450637
          20  -0.0830293  -0.0791196   0.0427516
          21    0.296741  -0.0612215   0.0444295
          22   -0.447077  -0.0787604   0.0458491
          23    0.244227  -0.0647174    0.046006
          24   -0.057112  -0.0644006   0.0440485
          25    0.039056  -0.0602623    0.042452
          26    0.106419  -0.0538515   0.0412873
          27  -0.0706507  -0.0544737   0.0397336
          28    0.160237  -0.0468054   0.0390486
          29    0.170136  -0.0393247   0.0384135
          30    0.199416  -0.0313667   0.0379546
           1  -0.0793813  -0.0793813           0
           2     0.07508 -0.00215067   0.0772307
           3   0.0157867  0.00382844   0.0449882
           4  -0.0101813    0.000326   0.0320037
           5   0.0623307   0.0127269   0.0277187
           6  -0.0247173  0.00648622   0.0234769
           7    0.160168   0.0284408   0.0295921
           8   -0.373672  -0.0218233   0.0564203
           9    0.381525   0.0229932   0.0669655
          10    0.117229   0.0324168   0.0606326
          11    0.082424   0.0369629   0.0550323
          12   -0.206616   0.0166647   0.0541832
          13   -0.227373 -0.00210749   0.0532592
          14    0.454616   0.0305156   0.0591235
          15  -0.0954533   0.0221177    0.055678
          16     0.03032   0.0226303   0.0520845
          17   -0.016528   0.0203269   0.0489791
          18    0.095872   0.0245239   0.0463682
          19   0.0125013   0.0238911   0.0438645
          20    0.255925   0.0354928   0.0432005
          21     0.04668   0.0360255   0.0410954
          22   -0.204491    0.025093   0.0406795
          23   -0.323808  0.00992336   0.0417258
          24   -0.191693  0.00152267   0.0408231
          25   -0.010552  0.00103968   0.0391591
          26   -0.269848 -0.00937908   0.0390388
          27   0.0443493 -0.00738914   0.0376178
          28     0.10716  -0.0032981   0.0364795
          29    0.048496 -0.00151209   0.0352444
          30     0.26128  0.00724764   0.0351581
           1   -0.028824   -0.028824           0
           2   0.0783493   0.0247627   0.0535867
           3  0.00374133   0.0177556   0.0317219
           4   0.0610453    0.028578   0.0249051
           5    0.002168    0.023296   0.0200014
           6    0.165435   0.0469858   0.0287734
           7    0.111635   0.0562213   0.0260127
           8    0.013528   0.0508847   0.0231511
           9   -0.019408   0.0430744   0.0218602
          10    0.255669   0.0643339   0.0288836
          11    0.130971   0.0703918   0.0268193
          12   0.0111707   0.0654567    0.024975
          13    0.148853   0.0718718   0.0238525
          14    0.142888   0.0769444   0.0226583
          15   -0.117264   0.0639972   0.0247503
          16   -0.105827   0.0533832   0.0254688
          17    0.136059   0.0582464   0.0244131
          18  -0.0805093   0.0505378   0.0242734
          19  -0.0656693   0.0444216    0.023761
          20   0.0939973   0.0469004   0.0226776
          21   -0.147643   0.0376364   0.0234758
          22   0.0628907   0.0387844   0.0224127
          23   -0.133523   0.0312928   0.0226886
          24   -0.126885    0.024702   0.0227005
          25   0.0960427   0.0275556   0.0219598
          26   0.0739867   0.0293414   0.0211737
          27    0.226477   0.0366428   0.0216432
          28     0.13104   0.0400141   0.0211266
          29   -0.065456   0.0363772    0.020707
          30   -0.175016   0.0293308   0.0212096
           1 -0.00333867 -0.00333867           0
           2   0.0597707    0.028216   0.0315547
           3    0.105885   0.0541058   0.0316572
           4    0.157557   0.0799687    0.034205
           5    0.232421    0.110459   0.0403938
           6     0.13364    0.114323   0.0332069
           7   -0.046312   0.0913749   0.0362525
           8  -0.0760667   0.0704447   0.0377327
           9    -0.13564   0.0475464   0.0403943
          10  -0.0234587   0.0404459   0.0368209
          11    0.143155    0.049783   0.0345898
          12   -0.136323   0.0342742   0.0351791
          13   -0.176149   0.0180878   0.0361825
          14   -0.153176  0.00585467   0.0356623
          15  -0.0809173 6.98667e-05      0.0337
          16   0.0376427  0.00241817   0.0316108
          17   0.0943387  0.00782525   0.0301815
          18   -0.012824  0.00667807   0.0284785
          19  -0.0132053  0.00563158   0.0269583
          20    0.123024   0.0115012   0.0262398
          21   0.0153227   0.0116832   0.0249597
          22    0.115317   0.0163938   0.0242598
          23 -0.00242133   0.0155758   0.0231955
          24   0.0307253    0.016207    0.022217
          25  -0.0389733   0.0139998   0.0214238
          26  -0.0539093   0.0113879   0.0207484
          27  -0.0866107  0.00775832   0.0202924
          28   0.0996587   0.0110405   0.0198277
          29  -0.0111147   0.0102765   0.0191471
          30     -0.1018  0.00654062   0.0188713
           1   0.0454293   0.0454293           0
           2    0.146328   0.0958787   0.0504493
           3   -0.020648   0.0570364   0.0485499
           4   0.0657733   0.0592207   0.0343994
           5   0.0457573    0.056528   0.0267814
           6 -0.00958133   0.0455098    0.024486
           7   -0.011448    0.037373   0.0222366
           8  -0.0580667    0.025443   0.0226533
           9  -0.0285387    0.019445   0.0208593
          10   0.0690373   0.0244043    0.019305
          11 5.33333e-06   0.0221862   0.0176023
          12  -0.0372693   0.0172316   0.0168152
          13    0.118619   0.0250306   0.0173227
          14  -0.0337547   0.0208316   0.0165782
          15   -0.021544   0.0180066   0.0156899
          16   -0.038128   0.0144982   0.0150901
          17    0.189221    0.024776   0.0175087
          18   -0.017328   0.0224369   0.0166723
          19   0.0253947   0.0225926   0.0157712
          20    0.076568   0.0252913   0.0152033
          21  -0.0675813   0.0208688   0.0151223
          22  -0.0398773   0.0181076   0.0146806
          23   0.0582053    0.019851   0.0141357
          24    0.124635    0.024217   0.0142207
          25    0.068152   0.0259744   0.0137528
          26    0.138288   0.0302942   0.0139014
          27   0.0367333   0.0305326   0.0133788
          28  -0.0166853   0.0288463    0.013002
          29    0.102595   0.0313893   0.0128007
          30    0.027856   0.0312716   0.0123673
           1    0.076848    0.076848           0
           2    0.044208    0.060528     0.01632
           3   0.0489813   0.0566791   0.0101782
           4   0.0803333   0.0625927  0.00931491
           5   0.0543147   0.0609371   0.0074028
           6    0.112083   0.0694613   0.0104498
           7    -0.14224   0.0392183   0.0315062
           8  -0.0526187   0.0277387   0.0296017
           9    0.068408   0.0322575   0.0264945
          10  0.00290667   0.0293224   0.0238784
          11   -0.054096   0.0217389   0.0228915
          12 -0.00669867   0.0193691   0.0210309
          13   0.0315733   0.0203079   0.0193684
          14    0.022048   0.0204322   0.0179321
          15   -0.070688   0.0143575   0.0177648
          16   0.0263973     0.01511   0.0166344
          17 -0.00398933   0.0139865   0.0156657
          18   -0.114456  0.00685081   0.0164031
          19   -0.133077-0.000513825   0.0171749
          20  -0.0568613  -0.0033312   0.0165354
          21  0.00689067 -0.00284444   0.0157358
          22    0.145621    0.003904   0.0164513
          23  -0.0508533  0.00152325   0.0158991
          24    0.104509  0.00581433   0.0158155
          25   -0.124344    0.000608   0.0160382
          26  -0.0223893-0.000276513   0.0154344
          27   0.0542747   0.0017439   0.0149885
          28   -0.037224  0.00035219   0.0145102
          29    -0.02252-0.000436506   0.0140231
          30  -0.0911813 -0.00346133   0.0138812
           1  -0.0564267  -0.0564267           0
           2    0.155755    0.049664    0.106091
           3  -0.0110427   0.0294284   0.0645075
           4   -0.041736   0.0116373   0.0489605
           5   0.0181627   0.0129424   0.0379471
           6    0.062816   0.0212547   0.0320793
           7   -0.107765  0.00282324   0.0327838
           8   -0.150507   -0.016343   0.0342553
           9   -0.115915  -0.0274065   0.0321725
          10   0.0896587     -0.0157    0.031066
          11     0.07888 -0.00710182   0.0293863
          12  -0.0588453  -0.0114138   0.0271702
          13   0.0327387 -0.00801744   0.0252227
          14    0.040208 -0.00457276   0.0236044
          15  0.00558933 -0.00389529   0.0219849
          16    0.082504  0.00150467   0.0212621
          17  -0.0346693-0.000623216   0.0200853
          18   0.0490693  0.00213748   0.0191368
          19     0.05928  0.00514498   0.0183498
          20   0.0371413   0.0067448   0.0174815
          21  -0.0505573  0.00401613   0.0168506
          22    0.107821  0.00873455   0.0167449
          23   0.0242133  0.00940754   0.0160145
          24    0.092896   0.0128862   0.0157224
          25   -0.139624  0.00678581   0.0162675
          26   0.0575067  0.00873662   0.0157506
          27   0.0656293   0.0108438   0.0153018
          28  -0.0950693  0.00706114   0.0152226
          29   0.0316053  0.00790749   0.0147127
          30    0.082072   0.0103796   0.0144272
           1   0.0953067   0.0953067           0
           2 -0.00337333   0.0459667     0.04934
           3   0.0677813   0.0532382   0.0293999
           4    0.069216   0.0572327   0.0211691
           5  -0.0312907    0.039528   0.0241316
           6   0.0202667   0.0363178   0.0199632
           7  -0.0589547   0.0227074   0.0216773
           8    0.106048    0.033125   0.0214699
           9  -0.0973333   0.0186296   0.0238461
          10   0.0106853   0.0178352   0.0213434
          11   -0.119445  0.00535515   0.0229884
          12    0.118133   0.0147533   0.0229938
          13    -0.06512  0.00860923   0.0220255
          14   0.0222853   0.0095861   0.0204151
          15   0.0851227   0.0146219   0.0196612
          16  -0.0339307   0.0115873   0.0186401
          17    0.123368   0.0181627   0.0187032
          18   -0.023328   0.0158576   0.0177836
          19    0.156872   0.0232794   0.0183861
          20   0.0683893   0.0255349   0.0175878
          21   0.0365307   0.0260585   0.0167375
          22    0.039288   0.0266599   0.0159699
          23  -0.0955893   0.0213447    0.016159
          24    0.004672     0.02065   0.0154866
          25   0.0128667   0.0203387   0.0148575
          26   0.0359947   0.0209408   0.0142873
          27   -0.028504   0.0191095   0.0138694
          28  -0.0207147   0.0176872   0.0134404
          29   -0.011768   0.0166715   0.0130084
          30 -0.00110933   0.0160788   0.0125812
           1   -0.080072   -0.080072           0
           2    0.087056    0.003492    0.083564
           3  -0.0368613 -0.00995911   0.0500857
           4  -0.0595973  -0.0223687   0.0375271
           5  -0.0512587  -0.0281467   0.0296371
           6  -0.0174613  -0.0263658    0.024264
           7  -0.0502107  -0.0297722   0.0207878
           8  -0.0441547    -0.03157   0.0180923
           9   0.0899573   -0.018067   0.0209027
          10   -0.048992  -0.0211595     0.01895
          11    0.029584  -0.0165464   0.0177508
          12     0.01012  -0.0143242   0.0163559
          13   -0.008152  -0.0138494   0.0150527
          14   0.0564213  -0.0088301   0.0148124
          15  -0.0256773 -0.00995324   0.0138353
          16    0.105576 -0.00273267   0.0148198
          17   0.0160107 -0.00163012   0.0139643
          18  -0.0220587 -0.00276504   0.0132145
          19   0.0134213 -0.00191312   0.0125287
          20  0.00734933    -0.00145   0.0118948
          21  -0.0871627 -0.00553156   0.0120279
          22 0.000677333 -0.00524933   0.0114716
          23   0.0220213 -0.00406365   0.0110254
          24   0.0397547 -0.00223789   0.0107128
          25   0.0249653 -0.00114976   0.0103328
          26  -0.0637227 -0.00355641    0.010215
          27     -0.1152 -0.00769136   0.0106637
          28    0.055728 -0.00542638   0.0105225
          29   0.0189867 -0.00458455    0.010188
          30   -0.000192 -0.00443813   0.0098436
           1 -0.00829333 -0.00829333           0
           2   0.0118347  0.00177067    0.010064
           3  -0.0466533  -0.0143707   0.0171553
           4    0.048408    0.001324   0.0198362
           5   0.0953893   0.0201371   0.0242902
           6   0.0329467    0.022272   0.0199475
           7  -0.0396267   0.0134293    0.019037
           8   -0.058224  0.00447267   0.0187624
           9    0.020888  0.00629659   0.0166471
          10   0.0135813  0.00702507   0.0149074
          11     0.03944  0.00997188   0.0138025
          12 -0.00644533  0.00860378    0.012674
          13     0.02836   0.0101235    0.011757
          14      -0.034  0.00697181    0.011332
          15    0.025888  0.00823289   0.0106246
          16   0.0284533  0.00949667   0.0100184
          17   0.0479813   0.0117605  0.00967913
          18  -0.0376827  0.00901363  0.00953001
          19    0.059328   0.0116618   0.0093954
          20  -0.0264347  0.00975693  0.00911453
          21   -0.027024  0.00800546  0.00884479
          22    0.031392  0.00906848  0.00849992
          23   0.0167787  0.00940371  0.00812887
          24  0.00141333  0.00907078  0.00778991
          25   0.0237787  0.00965909  0.00749495
          26   0.0800987   0.0123683   0.0076937
          27    0.023616   0.0127849  0.00741498
          28   0.0124933   0.0127745  0.00714526
          29   0.0426533   0.0138048  0.00697103
          30   -0.029232   0.0123702  0.00688575
           1   -0.022496   -0.022496           0
           2   0.0221333-0.000181333   0.0223147
           3 0.000970667 0.000202667   0.0128891
           4  -0.0302027 -0.00739867   0.0118678
           5   0.0312533 0.000331733   0.0120111
           6    0.024424  0.00434711   0.0105972
           7  0.00501867  0.00444305  0.00895678
           8  0.00977333  0.00510933  0.00778536
           9   0.0140693  0.00610489  0.00693784
          10  0.00995733  0.00649013  0.00621734
          11   0.0351653  0.00909697   0.0061986
          12  0.00338667  0.00862111   0.0056785
          13  -0.0800853  0.00179754  0.00859335
          14     0.04352  0.00477771  0.00849575
          15   0.0148347  0.00544818  0.00793748
          16   -0.100605 -0.00118017  0.00995304
          17    0.045432  0.00156173  0.00974303
          18 4.53333e-05  0.00147748   0.0091862
          19   0.0365093  0.00332126  0.00888274
          20    0.016344   0.0039724  0.00845202
          21  -0.0505253  0.00137727  0.00844795
          22   0.0666213  0.00434291  0.00858341
          23 -0.00751467  0.00382736  0.00821792
          24   -0.000152  0.00366156  0.00786981
          25   0.0245467  0.00449696  0.00759454
          26   0.0229813   0.0052079  0.00733115
          27  -0.0471787  0.00326765  0.00731636
          28   -0.004312  0.00299695  0.00705542
          29   -0.067896 0.000552368  0.00723339
          30    0.022136  0.00127182  0.00702505
           1   -0.066216   -0.066216           0
           2 -0.00193067  -0.0340733   0.0321427
           3   0.0108907  -0.0190853   0.0238542
           4    0.036368   -0.005222   0.0218336
           5  -0.0680827  -0.0177941   0.0210732
           6   0.0271413  -0.0103049   0.0187655
           7   0.0709307  0.00130019   0.0196522
           8  -0.0164107-0.000913667   0.0171627
           9   -0.062576 -0.00776504   0.0166145
          10   -0.008256 -0.00781413   0.0148605
          11  -0.0291627 -0.00975491   0.0135812
          12   0.0681893 -0.00325956   0.0139964
          13 -0.00601067 -0.00347118   0.0128765
          14  -0.0145013 -0.00425905   0.0119473
          15   -0.034192 -0.00625458      0.0113
          16   0.0674773 -0.00164633    0.011531
          17 -0.00399733 -0.00178463   0.0108324
          18   -0.025792 -0.00311837   0.0102996
          19  -0.0618533 -0.00620968   0.0102211
          20   0.0611067 -0.00284387   0.0102642
          21    0.000216 -0.00269816  0.00976424
          22   0.0370853-0.000889818  0.00948384
          23  -0.0331387 -0.00229194  0.00916995
          24  -0.0284667 -0.00338256  0.00884704
          25   -0.047144 -0.00513301  0.00866445
          26  -0.0325707 -0.00618831  0.00839115
          27  -0.0161707 -0.00655802  0.00808285
          28   -0.039432  -0.0077321  0.00787682
          29    0.045376 -0.00590078  0.00781787
          30 -0.00134667 -0.00574898  0.00755431
           1   0.0689813   0.0689813           0
           2  -0.0286267   0.0201773    0.048804
           3 -0.00960533   0.0102498   0.0298747
           4   0.0786027    0.027338   0.0271709
           5     0.02908   0.0276864   0.0210494
           6  -0.0310107   0.0179036   0.0197759
           7   0.0371787   0.0206571    0.016939
           8 -0.00218133   0.0178023   0.0149448
           9  0.00954133   0.0168844    0.013212
          10   0.0738373   0.0225797    0.013118
          11   0.0206187   0.0224015    0.011867
          12   -0.022048   0.0186973   0.0114488
          13   -0.001664   0.0171311   0.0106472
          14  0.00295467   0.0161185  0.00990929
          15     0.02168   0.0164892   0.0092325
          16    0.001176   0.0155322  0.00868908
          17      0.0664   0.0185244  0.00869317
          18    0.018248    0.018509  0.00819601
          19  0.00376267   0.0177329   0.0077914
          20   0.0411973   0.0189061  0.00748411
          21   0.0298107   0.0194254  0.00713772
          22   -0.002816   0.0184144  0.00688023
          23  -0.0406373    0.015847  0.00705784
          24   0.0144453   0.0157886  0.00675762
          25  -0.0207627   0.0143265  0.00664453
          26  0.00569867   0.0139947  0.00639248
          27    0.082456   0.0165303  0.00665328
          28   -0.007136    0.015685  0.00646673
          29  -0.0400293   0.0137639  0.00652883
          30  -0.0113867   0.0129255  0.00636292
           1    0.038088    0.038088           0
           2    0.029072     0.03358    0.004508
           3   0.0634107   0.0435236   0.0102785
           4  -0.0525573   0.0195033   0.0250957
           5    0.037688   0.0231403   0.0197764
           6   0.0383253   0.0256711   0.0163445
           7   -0.035488   0.0169341   0.0163447
           8   0.0363813    0.019365   0.0143622
           9      0.0012   0.0173467   0.0128261
          10   0.0703013   0.0226421   0.0126352
          11   0.0124693   0.0217173   0.0114663
          12  0.00678133   0.0204727    0.010541
          13   -0.013976   0.0178228   0.0100519
          14   0.0500373   0.0201238   0.0095865
          15   -0.003808   0.0185284  0.00906604
          16   0.0177893   0.0184822  0.00848063
          17  -0.0136507    0.016592  0.00818733
          18   -0.012912   0.0149529   0.0078912
          19  -0.0404693   0.0120359  0.00801404
          20    0.004272   0.0116477  0.00761269
          21   0.0496907   0.0134593  0.00746428
          22   0.0369147   0.0145255  0.00719633
          23   -0.049176   0.0117558  0.00741315
          24    0.014984   0.0118903  0.00709882
          25  0.00394933   0.0115727  0.00681636
          26  -0.0478987  0.00928533  0.00693691
          27   0.0156213     0.00952  0.00667917
          28   0.0307253   0.0102773  0.00648061
          29   0.0408667   0.0113321  0.00634149
          30   0.0119547   0.0113529   0.0061265
           1    0.030352    0.030352           0
           2   0.0499093   0.0401307  0.00977867
           3  0.00998933   0.0300836   0.0115247
           4  -0.0241733   0.0165193    0.015824
           5  -0.0448267  0.00425013   0.0173428
           6  -0.0192347    0.000336   0.0146913
           7   -0.036976 -0.00499429   0.0135122
           8  0.00773867 -0.00340267   0.0118097
           9 -0.00269333 -0.00332385   0.0104154
          10  0.00397067  -0.0025944  0.00934437
          11   0.0702293  0.00402594   0.0107364
          12   0.0185813  0.00523889  0.00987572
          13  -0.0552773 0.000583795   0.0102076
          14  0.00664267  0.00101657  0.00946031
          15   -0.013096 7.57333e-05  0.00885718
          16    0.039064   0.0025125  0.00863604
          17  -0.0542587 -0.00082698  0.00877263
          18  0.00364267-0.000578667  0.00827464
          19    0.024312 0.000731368   0.0079359
          20   0.0741147  0.00440053  0.00837517
          21  0.00222667  0.00429702  0.00796705
          22   0.0279227  0.00537091  0.00767182
          23  0.00106667  0.00518377  0.00733306
          24   0.0266373  0.00607767  0.00707755
          25  0.00648533  0.00609397  0.00678857
          26  -0.0427947  0.00421364  0.00678788
          27    0.045424  0.00573995   0.0067076
          28    -0.01412  0.00503067  0.00650241
          29  -0.0127093  0.00441894  0.00630393
          30  -0.0169093    0.003708  0.00613153
           1 -0.00628267 -0.00628267           0
           2 0.000317333 -0.00298267      0.0033
           3   0.0173067  0.00378044  0.00702636
           4  -0.0183493   -0.001752  0.00743591
           5     2.4e-05  -0.0013968  0.00577077
           6      0.0316  0.00410267  0.00724192
           7    0.015072  0.00566971  0.00631796
           8  -0.0483813 -0.00108667  0.00869403
           9   0.0212373  0.00139378  0.00805865
          10  -0.0136507-0.000110667  0.00736321
          11   -0.064528 -0.00596679  0.00886867
          12  0.00811733 -0.00479311  0.00818059
          13   0.0505413-0.000536615  0.00864546
          14   0.0258773   0.0013501   0.0082235
          15   0.0130853  0.00213244  0.00769554
          16    0.000344  0.00202067  0.00719938
          17  -0.0399253-0.000446745  0.00719871
          18    0.000224-0.000409481  0.00678711
          19 -0.00572267-0.000689123  0.00642605
          20   -0.019976 -0.00165347  0.00617209
          21 -0.00183733 -0.00166222  0.00587084
          22 -0.00507467 -0.00181733  0.00559977
          23    0.011032 -0.00125867  0.00537985
          24   0.0136027-0.000639444   0.0051879
          25 -0.00682667-0.000886933  0.00498221
          26   0.0107067-0.000441026  0.00480748
          27 -0.00490933-0.000606519  0.00462896
          28   -0.014192 -0.00109171  0.00448689
          29  -0.0109627 -0.00143209  0.00434276
          30   0.0135253-0.000933511  0.00422503
           1    0.037688    0.037688           0
           2   0.0107653   0.0242267   0.0134613
           3     0.03572   0.0280578  0.00866487
           4   0.0167973   0.0252427  0.00674276
           5  -0.0337387   0.0134464   0.0129008
           6    0.002824    0.011676   0.0106812
           7   -0.002312  0.00967771  0.00924579
           8   0.0217307   0.0111843   0.0081476
           9   0.0161333   0.0117342  0.00720652
          10 -0.00327467   0.0102333  0.00661814
          11     -0.0394  0.00572121  0.00749636
          12    -0.01828  0.00372111  0.00712951
          13    0.033024  0.00597518  0.00693475
          14  -0.0381707   0.0028219  0.00715289
          15    0.001664  0.00274471  0.00665942
          16  -0.0439653-0.000174667  0.00687948
          17   -0.010424-0.000777569  0.00649021
          18  -0.0493733 -0.00347733  0.00668814
          19  0.00437333 -0.00306414  0.00633983
          20    0.026224 -0.00159973   0.0061902
          21  0.00822667 -0.00113181  0.00590662
          22  -0.0101467 -0.00154158  0.00564662
          23  -0.0160773 -0.00217357  0.00543242
          24   0.0104587 -0.00164722  0.00522771
          25   -0.006464 -0.00183989  0.00501795
          26  -0.0487333 -0.00364349  0.00514741
          27  -0.0337173 -0.00475733  0.00507679
          28   0.0107333  -0.0042041   0.0049233
          29  -0.0156773 -0.00459972  0.00476695
          30   0.0397387 -0.00312178  0.00483665
           1  -0.0149867  -0.0149867           0
           2   -0.020752  -0.0178693  0.00288267
           3  -0.0138293  -0.0165227   0.0021409
           4  -0.0214267  -0.0177487  0.00194802
           5   0.0179067  -0.0106176  0.00728896
           6   0.0116027 -0.00691422  0.00700959
           7  -0.0681627   -0.015664   0.0105667
           8   -0.018056   -0.015963  0.00915589
           9  -0.0339413  -0.0179606  0.00831816
          10   0.0519973  -0.0109648   0.0102125
          11   0.0201227 -0.00813867  0.00966017
          12   0.0369067 -0.00438489  0.00958418
          13 -0.00129067 -0.00414687  0.00881938
          14  -0.0286827 -0.00589943  0.00835112
          15   0.0116773 -0.00472764  0.00786228
          16     -0.0462 -0.00731967  0.00779789
          17  -0.0533467  -0.0100271  0.00780921
          18  -0.0474613  -0.0121068  0.00765068
          19   -0.023304  -0.0126961  0.00726077
          20   -0.000384  -0.0120805  0.00691563
          21   -0.018272  -0.0123754  0.00658468
          22    0.007912  -0.0114532  0.00634561
          23   -0.018064  -0.0117406  0.00607024
          24   0.0180667  -0.0104987  0.00594304
          25-0.000578667  -0.0101019  0.00571416
          26  -0.0165387  -0.0103494  0.00549556
          27  -0.0137893  -0.0104768  0.00528964
          28 -0.00290133  -0.0102063   0.0051044
          29   0.0342613 -0.00867292  0.00515841
          30   -0.001952 -0.00844889  0.00498854
           1 -0.00485867 -0.00485867           0
           2   -0.003504 -0.00418133 0.000677333
           3  -0.0257387  -0.0113671  0.00719641
           4 -0.00870133  -0.0107007  0.00513209
           5  -0.0275173   -0.014064  0.00520721
           6   0.0294853 -0.00680578   0.0084118
           7  0.00108267 -0.00567886  0.00719803
           8   0.0351093-0.000580333  0.00805318
           9   -0.026064 -0.00341185  0.00764587
          10    0.016352 -0.00143547  0.00711853
          11   0.0116347-0.000247273  0.00654767
          12  -0.0111893 -0.00115911  0.00604633
          13   -0.040024 -0.00414872  0.00631439
          14    0.009136 -0.00319981   0.0059225
          15   0.0212373 -0.00157067   0.0057492
          16   -0.059432   -0.005187   0.0064807
          17  0.00394133 -0.00465004   0.0061112
          18  -0.0210533 -0.00556133  0.00583331
          19  -0.0182907  -0.0062313  0.00555829
          20    0.025264 -0.00465653  0.00550318
          21  -0.0107893 -0.00494857  0.00524271
          22  -0.0349387 -0.00631176  0.00518127
          23   -0.010888 -0.00651072  0.00495487
          24    0.008208 -0.00589744   0.0047834
          25 -0.00428267 -0.00583285  0.00458853
          26   0.0105707 -0.00520195  0.00445344
          27   -0.021984 -0.00582351  0.00433016
          28  0.00307733 -0.00550562  0.00418474
          29 -0.00525867  -0.0054971  0.00403787
          30 -0.00736533 -0.00555938  0.00390145
           1 -0.00312533 -0.00312533           0
           2  -0.0204693  -0.0117973    0.008672
           3 -0.00660533  -0.0100667  0.00529746
           4   0.0164133 -0.00344667  0.00760631
           5  0.00982667   -0.000792  0.00646226
           6     0.04064  0.00611333  0.00869046
           7   0.0269307  0.00908724  0.00792401
           8    0.008976  0.00907333  0.00686241
           9    -0.00872   0.0070963  0.00636681
          10  -0.0209467    0.004292  0.00634769
          11     -0.0066  0.00330182  0.00582645
          12   -0.043664   -0.000612  0.00660361
          13    0.009296 0.000150154  0.00612206
          14   -0.033384 -0.00224514  0.00615328
          15  -0.0137733 -0.00301369  0.00577972
          16   0.0145227 -0.00191767  0.00551641
          17    0.019416-0.000662745  0.00533156
          18     0.01288 8.96296e-05  0.00508263
          19    0.002688 0.000226386  0.00480963
          20     0.01068 0.000749067  0.00459266
          21   0.0244027  0.00187543  0.00451136
          22    0.010752  0.00227891   0.0043203
          23   0.0175547  0.00294307  0.00418127
          24   -0.030744  0.00153944   0.0042422
          25    0.000544  0.00149963  0.00406917
          26   0.0307627  0.00262513  0.00406832
          27    0.012408  0.00298746  0.00393147
          28   -0.005416  0.00268733  0.00380033
          29    0.002688  0.00268736  0.00366695
          30   0.0205173  0.00328169  0.00359212
           1 -0.00509067 -0.00509067           0
           2   0.0157413  0.00532533    0.010416
           3   0.0201093   0.0102533  0.00777493
           4   0.0158987   0.0116647  0.00567597
           5 -0.00523733  0.00828427  0.00554591
           6   0.0154533  0.00947911   0.0046832
           7    0.015976   0.0104072  0.00406539
           8   -0.001936  0.00886433  0.00384397
           9    0.016568   0.0097203  0.00349646
          10   -0.006488  0.00809947  0.00352239
          11   0.0292427   0.0100216  0.00372101
          12 -0.00523733     0.00875    0.003627
          13  0.00294133  0.00830318  0.00336614
          14  0.00969867  0.00840286  0.00311804
          15  0.00822667  0.00839111  0.00290276
          16   0.0539573    0.011239  0.00393487
          17    0.018608   0.0116725   0.0037215
          18  -0.0220747  0.00979763  0.00397816
          19  0.00497867    0.009544   0.0037715
          20   0.0120293  0.00966827  0.00358012
          21    0.016664   0.0100014  0.00342163
          22  0.00929867  0.00996945  0.00326255
          23 -0.00455733  0.00933786  0.00318081
          24     0.03256   0.0103054  0.00319541
          25    0.037264   0.0113838   0.0032491
          26   -0.015864   0.0103358  0.00329285
          27  -0.0112373  0.00953679  0.00326774
          28    0.034952   0.0104445  0.00327708
          29   -0.035264  0.00886832  0.00353311
          30    0.006632  0.00879378  0.00341413
           1  0.00860533  0.00860533           0
           2   -0.027968 -0.00968133   0.0182867
           3   -0.016232  -0.0118649   0.0107812
           4    0.015184 -0.00510267   0.0101905
           5   0.0254267   0.0010032  0.00997942
           6    0.002624  0.00127333  0.00815264
           7 -0.00813067-7.00952e-05  0.00701998
           8  -0.0102373   -0.001341   0.0062109
           9  -0.0218533 -0.00362015  0.00593275
          10    0.001864 -0.00307173  0.00533468
          11    0.018952 -0.00106958  0.00522428
          12  -0.0196293 -0.00261622  0.00501362
          13     0.00288 -0.00219344   0.0046312
          14   -0.019816 -0.00345219  0.00446861
          15  -0.0353787 -0.00558062  0.00467292
          16  0.00855733   -0.004697  0.00445954
          17    0.024856 -0.00295859   0.0045354
          18  -0.0154987 -0.00365526   0.0043324
          19 0.000770667 -0.00342232  0.00410465
          20  0.00190133 -0.00315613   0.0039031
          21  0.00249867 -0.00288686  0.00372234
          22 -0.00545333 -0.00300352  0.00355103
          23   0.0145893 -0.00223861  0.00347828
          24  -0.0216507 -0.00304744  0.00342701
          25   -0.001376 -0.00298059  0.00328775
          26    0.009928  -0.0024841  0.00319755
          27   0.0337787 -0.00114104   0.0033572
          28  -0.0339387 -0.00231238  0.00344061
          29  -0.0260933 -0.00313241  0.00341963
          30  -0.0113067 -0.00340489  0.00331489
           1  0.00569867  0.00569867           0
           2  -0.0183627   -0.006332   0.0120307
           3    0.012352   -0.000104  0.00932918
           4     0.00304    0.000682  0.00664339
           5  -0.0253147 -0.00451733  0.00731532
           6  0.00144533 -0.00352356  0.00605504
           7  -0.0134693 -0.00494438  0.00531102
           8 0.000530667    -0.00426  0.00465012
           9    -0.02888 -0.00699556  0.00492967
          10   0.0184187 -0.00445413  0.00508922
          11  0.00524267 -0.00357261  0.00468701
          12     0.02028 -0.00158489  0.00471781
          13-0.000501333 -0.00150154  0.00434056
          14  -0.0222907 -0.00298648  0.00428416
          15   0.0400587  -0.0001168  0.00491343
          16  -0.0141493-0.000993833  0.00467903
          17     0.01132 -0.00026949  0.00445447
          18  -0.0180667 -0.00125822  0.00431453
          19   0.0321547 0.000500351   0.0044439
          20   0.0100133    0.000976   0.0042426
          21    0.010856  0.00144648  0.00406285
          22  0.00330133  0.00153079   0.0038747
          23-0.000458667  0.00144429  0.00370341
          24   -0.009008  0.00100878  0.00357239
          25  0.00885067  0.00132245  0.00344084
          26  0.00663733  0.00152687  0.00331217
          27   -0.012824 0.000995358  0.00323115
          28  -0.0222773  0.00016419  0.00322265
          29 -0.00390667 2.38161e-05   0.0031127
          30 -0.00307733-7.95556e-05  0.00300893
           1  0.00242933  0.00242933           0
           2  0.00429333  0.00336133    0.000932
           3   0.0138587  0.00686044  0.00354024
           4  0.00993333  0.00762867  0.00261855
           5  0.00840533    0.007784  0.00203426
           6  -0.0285307  0.00173156  0.00627622
           7  -0.0113147 -0.00013219  0.00562227
           8  -0.0192773 -0.00252533  0.00542536
           9   0.0137227    -0.00072  0.00511398
          10 0.000485333-0.000599467  0.00457567
          11    0.012808 0.000619394  0.00431459
          12   -0.017256-0.000870222  0.00421094
          13   0.0165467 0.000469538  0.00409866
          14 -0.00858133-0.000176952   0.0038493
          15   -0.002656-0.000342222  0.00358731
          16 -0.00429333-0.000589167  0.00336469
          17   -0.011624 -0.00123827  0.00322655
          18 -0.00716267 -0.00156741  0.00305977
          19   -0.010864  -0.0020567  0.00293532
          20   0.0220667-0.000850533  0.00303469
          21  -0.0146507 -0.00150768  0.00296042
          22 -0.00625867 -0.00172364   0.0028309
          23  -0.0223067 -0.00261855  0.00284921
          24    0.005104 -0.00229678  0.00274682
          25    0.000928 -0.00216779  0.00263782
          26   0.0152747 -0.00149692  0.00262162
          27  0.00686667 -0.00118716   0.0025416
          28  -0.0109333 -0.00153524  0.00247376
          29   0.0132373 -0.00102584  0.00244069
          30    0.008944-0.000693511  0.00238123
           1    0.019472    0.019472           0
           2  0.00762133   0.0135467  0.00592533
           3 -0.00440533  0.00756267  0.00689285
           4   0.0206133   0.0108253  0.00586521
           5   -0.010792  0.00650187  0.00627159
           6   -0.016232  0.00271289   0.0063701
           7    0.002912  0.00274133   0.0053838
           8 -0.00277867  0.00205133  0.00471328
           9   -0.003552  0.00142874  0.00420309
          10 -0.00981067   0.0003048  0.00392378
          11     0.00864  0.00106255  0.00362918
          12  -0.0129173-0.000102444  0.00351183
          13   -0.003736-0.000381949  0.00324249
          14  -0.0219707   -0.001924  0.00337486
          15  -0.0137787 -0.00271431   0.0032397
          16  -0.0154453    -0.00351  0.00313318
          17  -0.0114427 -0.00397663  0.00297987
          18     0.00104 -0.00369793  0.00282324
          19   0.0150453 -0.00271144   0.0028469
          20  0.00396533  -0.0023776  0.00272136
          21 -0.00434667 -0.00247137  0.00259023
          22   0.0144667 -0.00170145  0.00258691
          23  0.00440267 -0.00143606  0.00248608
          24 -0.00541867   -0.001602  0.00238602
          25  -0.0115013 -0.00199797  0.00232259
          26 -0.00699733 -0.00219026  0.00223975
          27  -0.0166267 -0.00272494  0.00222053
          28   0.0116693 -0.00221086  0.00220064
          29   0.0192107 -0.00147218  0.00224822
          30  0.00457067 -0.00127076  0.00218131
           1    -0.00228    -0.00228           0
           2   -0.002912   -0.002596    0.000316
           3-0.000173333 -0.00178844 0.000827908
           4    0.003992-0.000343333  0.00155919
           5 -0.00599733 -0.00147413  0.00165449
           6    0.026256  0.00314756  0.00481507
           7   -0.021368-0.000354667    0.005369
           8   -0.004256-0.000842333   0.0046752
           9   0.0237733  0.00189274  0.00494782
          10  -0.0336347    -0.00166  0.00567509
          11    0.012256-0.000394909  0.00528691
          12 -0.00148533-0.000485778  0.00482712
          13   0.0155547 0.000748103  0.00460855
          14    0.007376  0.00122152  0.00429287
          15 -0.00820533 0.000593067  0.00404556
          16  0.00652533 0.000963833  0.00380239
          17 -0.00648533 0.000525647  0.00359851
          18  0.00724267 0.000898815  0.00341317
          19  -0.0120747    0.000216  0.00329995
          20    0.002832   0.0003468  0.00313334
          21 -0.00603733 4.27937e-05  0.00299586
          22  -0.0119413-0.000501939  0.00290792
          23    0.020896 0.000428406  0.00293023
          24   0.0272053  0.00154411  0.00301919
          25  0.00841867  0.00181909  0.00290893
          26  -0.0315013 0.000537538  0.00307463
          27 -0.00257333 0.000422321  0.00296081
          28   -0.000792 0.000378952  0.00285343
          29 -0.00589067 0.000162759  0.00276176
          30  0.00136267 0.000202756  0.00266841
           1   -0.014992   -0.014992           0
           2   0.0156827 0.000345333   0.0153373
           3   0.0103893  0.00369333   0.0094668
           4  0.00536267  0.00411067  0.00670704
           5  0.00575467  0.00443947  0.00520564
           6   0.0304107    0.008768  0.00606647
           7   -0.009544    0.006152  0.00575592
           8      0.0084    0.006433  0.00499269
           9  -0.0136667   0.0041997  0.00493713
          10  0.00238133  0.00401787  0.00441964
          11 -0.00499467  0.00319855  0.00408081
          12    0.017016     0.00435  0.00389915
          13    0.006528  0.00451754  0.00359061
          14  -0.0244053  0.00245162  0.00391391
          15    0.006024  0.00268978  0.00365143
          16 -0.00649333  0.00211583  0.00346348
          17    -0.00456  0.00172314  0.00327699
          18 -0.00401067  0.00140459  0.00310596
          19    0.004448  0.00156477   0.0029423
          20    -0.00052  0.00146053  0.00279326
          21      0.0022  0.00149575  0.00265715
          22     0.01316  0.00202594  0.00258838
          23   0.0135627  0.00252754  0.00252363
          24  0.00911733  0.00280211  0.00243175
          25 -0.00915467  0.00232384  0.00238098
          26   -0.019632  0.00147938  0.00243846
          27    -0.01392 0.000909037  0.00241473
          28  -0.0168027 0.000276476  0.00241134
          29    -0.01848-0.000370299  0.00241493
          30  -0.0128453-0.000786133  0.00236981
           1  -0.0160027  -0.0160027           0
           2  -0.0101173    -0.01306  0.00294267
           3   0.0214373 -0.00156089   0.0116239
           4 0.000989333-0.000923333  0.00824406
           5  -0.0144267   -0.003624  0.00693342
           6  0.00654667 -0.00192889  0.00590945
           7 -0.00292533 -0.00207124  0.00499642
           8    0.005632 -0.00110833  0.00443287
           9 -0.00765067 -0.00183526  0.00397644
          10    0.013648-0.000286933  0.00387904
          11   0.0178267  0.00135976  0.00387592
          12   0.0202693  0.00293556  0.00387325
          13    0.008176  0.00333867  0.00358561
          14 0.000626667  0.00314495  0.00332527
          15 -0.00473867  0.00261938  0.00313996
          16    0.025952  0.00407767  0.00327926
          17 -0.00888533  0.00331514   0.0031733
          18  -0.0224293  0.00188489  0.00331611
          19  -0.0151013 0.000990877  0.00326164
          20 -0.00131733 0.000875467  0.00309642
          21 -0.00617067 0.000539937  0.00296433
          22  -0.0140987-0.000125455  0.00290365
          23    0.017048 0.000621217  0.00287325
          24  0.00123467 0.000646778  0.00275104
          25    -0.00656 0.000358507  0.00265441
          26  -0.0172933 -0.00032041  0.00263909
          27   -0.006592-0.000552691  0.00255007
          28   0.0276027 0.000452857  0.00265509
          29 3.46667e-05 0.000438437  0.00256194
          30 0.000445333 0.000438667  0.00247507
           1 -0.00930933 -0.00930933           0
           2   -0.009432 -0.00937067 6.13333e-05
           3     0.01768-0.000353778  0.00901696
           4  -0.0204587    -0.00538  0.00811885
           5    0.012632  -0.0017776  0.00724753
           6    0.012928 0.000673333  0.00640507
           7  -0.0184987 -0.00206552   0.0060667
           8    0.006128 -0.00104133  0.00535281
           9-0.000477333-0.000978667  0.00472115
          10 -0.00196533 -0.00107733  0.00422388
          11  0.00108267 -0.00088097  0.00382568
          12    0.003608-0.000506889  0.00351233
          13    0.012544 0.000497026  0.00338325
          14   -0.009784-0.000237333  0.00321722
          15  -0.0298187 -0.00220942  0.00358602
          16  0.00444267 -0.00179367  0.00338008
          17    0.003664 -0.00147263  0.00319123
          18   0.0104107-0.000812444  0.00308029
          19    0.020008 0.000283368  0.00311292
          20  0.00899467 0.000718933  0.00298512
          21 -0.00770133 0.000317968  0.00286759
          22 -0.00562667 4.77576e-05  0.00274746
          23  -0.0327867 -0.00137983  0.00298833
          24  -0.0272587 -0.00245811  0.00305756
          25   0.0225093 -0.00145941  0.00309809
          26 -0.00432533 -0.00156964  0.00297859
          27-9.06667e-05 -0.00151486  0.00286667
          28 -0.00765333  -0.0017341  0.00277108
          29     0.00356 -0.00155154  0.00268004
          30   0.0153227-0.000989067  0.00264956
           1    -0.02216    -0.02216           0
           2  -0.0119147  -0.0170373  0.00512267
           3  -0.0119867  -0.0153538  0.00340317
           4    -0.00208  -0.0120353  0.00409913
           5  -0.0120933  -0.0120469  0.00317519
           6   -0.003416  -0.0106084  0.00296488
           7    0.001592 -0.00886552  0.00305233
           8   -0.012416 -0.00930933  0.00268039
           9 2.66667e-06 -0.00827467   0.0025804
          10    0.003896  -0.0070576  0.00260922
          11   -0.016952 -0.00795709  0.00252573
          12   0.0198933 -0.00563622  0.00327147
          13    0.018656 -0.00376759  0.00354228
          14   -0.008552 -0.00410933  0.00329727
          15    0.002792 -0.00364924  0.00310388
          16   0.0175253 -0.00232583  0.00319081
          17 -0.00217867 -0.00231718  0.00299725
          18  -0.0198693  -0.0032923  0.00298935
          19   0.0114427 -0.00251677  0.00293206
          20  0.00485067  -0.0021484  0.00280589
          21  -0.0193013 -0.00296521  0.00279112
          22 -0.00907733 -0.00324303  0.00267569
          23   -0.010992 -0.00357994  0.00257882
          24  -0.0160267 -0.00409856  0.00252291
          25  0.00721333 -0.00364608  0.00246183
          26 -0.00158133 -0.00356667  0.00236658
          27  -0.0142187 -0.00396119  0.00231116
          28  -0.0185093 -0.00448076   0.0022869
          29 -0.00154133  -0.0043794  0.00220896
          30 -0.00815733 -0.00450533  0.00213777
           1-0.000930667-0.000930667           0
           2   -0.014552 -0.00774133  0.00681067
           3    0.005576 -0.00330222  0.00593021
           4  0.00400267   -0.001476  0.00457371
           5   0.0148053  0.00178027  0.00481192
           6 0.000821333  0.00162044  0.00393216
           7 -0.00329867 0.000917714  0.00339677
           8   0.0120213  0.00230567  0.00325268
           9  0.00202933  0.00227496  0.00286876
          10  0.00729867  0.00277733  0.00261461
          11 -0.00517067  0.00205479  0.00247292
          12  0.00138667  0.00199911  0.00225814
          13  0.00349333  0.00211405  0.00208037
          14 -0.00287467  0.00175771  0.00195873
          15  0.00598133  0.00203929  0.00184509
          16 -0.00418133   0.0016505  0.00176917
          17  0.00391467  0.00178369  0.00166718
          18 -0.00109867  0.00162356  0.00157997
          19  0.00969333  0.00204828  0.00155368
          20  0.00901867   0.0023968  0.00151459
          21  0.00371733  0.00245968  0.00144204
          22 -0.00112533  0.00229673  0.00138455
          23  -0.0218587  0.00124649  0.00168917
          24   0.0135307  0.00175833  0.00169632
          25  -0.0326747 0.000381013  0.00213174
          26   0.0142293 0.000913641  0.00211623
          27  0.00992267  0.00124731   0.0020635
          28 0.000789333  0.00123095   0.0019885
          29-7.46667e-05  0.00118593  0.00191924
          30  -0.0124613 0.000731022  0.00190915
           1-0.000722667-0.000722667           0
           2   0.0106427     0.00496  0.00568267
           3   -0.004048  0.00195733   0.0044475
           4  0.00441333  0.00257133  0.00320423
           5    0.011448  0.00434667  0.00305157
           6  -0.0157307  0.00100044  0.00417196
           7     0.00572  0.00167467  0.00358983
           8     0.00252  0.00178033  0.00311068
           9    0.005664  0.00221185  0.00277709
          10    0.001728  0.00216347  0.00248438
          11  -0.0270933-0.000496242  0.00348195
          12 -0.00290133-0.000696667  0.00318488
          13  -0.0110107 -0.00149005   0.0030352
          14   -0.009544 -0.00206533  0.00286833
          15    0.018272-0.000709511  0.00299476
          16 -0.00713867 -0.00111133  0.00283001
          17   -0.004792 -0.00132784  0.00266714
          18  0.00802933   -0.000808  0.00256777
          19  0.00869333 -0.00030793  0.00247981
          20  -0.0114827-0.000866667    0.002418
          21 -0.00822933 -0.00121727  0.00232654
          22  -0.0137067 -0.00178497  0.00228976
          23  0.00784533 -0.00136626  0.00222765
          24 -0.00585333 -0.00155322  0.00214099
          25  0.00529333 -0.00127936  0.00207175
          26    0.006576-0.000977231  0.00201327
          27    0.000976-0.000904889  0.00193862
          28   -0.002496-0.000961714  0.00186896
          29  -0.0153093 -0.00145646     0.00187
          30    0.000568 -0.00138898  0.00180785
           1  -0.0209413  -0.0209413           0
           2 -0.00756267   -0.014252  0.00668933
           3   -0.003384  -0.0106293  0.00529523
           4    0.004696   -0.006798  0.00535713
           5 -0.00321067 -0.00608053  0.00421118
           6   0.0155253 -0.00247956  0.00497893
           7    0.003104  -0.0016819   0.0042829
           8  0.00959733   -0.000272  0.00396803
           9   0.0171413  0.00166281  0.00399873
          10-0.000277333   0.0014688  0.00358183
          11 -0.00733333 0.000668606  0.00333724
          12  0.00287733 0.000852667  0.00305202
          13  0.00409333  0.00110195   0.0028185
          14  0.00529067  0.00140114  0.00262652
          15 -0.00368267  0.00106222  0.00246853
          16  0.00813333  0.00150417  0.00235101
          17    0.001176  0.00148486  0.00220848
          18 -0.00912267 0.000895556  0.00216396
          19 -0.00924267 0.000361965  0.00211531
          20   -0.031264 -0.00121933  0.00255491
          21   0.0103547 -0.00066819  0.00249192
          22  0.00406133-0.000453212  0.00238566
          23 -0.00535733-0.000666435  0.00228953
          24-0.000229333-0.000648222  0.00219213
          25   -0.003984-0.000781653  0.00210685
          26   -0.010976 -0.00117374  0.00206182
          27  0.00117867 -0.00108662   0.0019859
          28  0.00446667-0.000888286  0.00192391
          29  0.00153333-0.000804782  0.00185826
          30 -0.00419467-0.000917778   0.0017988
           1  0.00516533  0.00516533           0
           2    0.000832  0.00299867  0.00216667
           3 -0.00577067 7.55556e-05  0.00317953
           4 -0.00876267   -0.002134  0.00315227
           5 0.000842667 -0.00153867  0.00251327
           6   0.0106827 0.000498222  0.00289135
           7      -0.007-0.000572952  0.00266811
           8   -0.001608-0.000702333  0.00231427
           9   -0.011248 -0.00187407  0.00235343
          10  0.00465867  -0.0012208  0.00220401
          11  0.00418667-0.000729212  0.00205332
          12  0.00190133    -0.00051  0.00188719
          13   -0.009872 -0.00123015  0.00187941
          14  0.00118933 -0.00105733  0.00174856
          15  0.00251733-0.000819022  0.00164517
          16 -0.00473067  -0.0010635  0.00155821
          17 -0.00567467 -0.00133475  0.00148861
          18  -0.0156293 -0.00212889  0.00161258
          19   0.0104293 -0.00146793  0.00166239
          20  0.00514933 -0.00113707  0.00161141
          21 -0.00755733 -0.00144279  0.00156295
          22  0.00387467 -0.00120109  0.00150969
          23   -0.005624 -0.00139339  0.00145532
          24  0.00193067 -0.00125489  0.00140023
          25   -0.010928 -0.00164181  0.00139768
          26   -0.006176 -0.00181621  0.00135412
          27 -0.00966933 -0.00210706  0.00133507
          28    -0.00612 -0.00225038  0.00129447
          29 -0.00876267 -0.00247494  0.00126906
          30   -0.004744 -0.00255058  0.00122836
           1  -0.0175893  -0.0175893           0
           2   0.0177467 7.86667e-05    0.017668
           3   -0.000184-8.88889e-06    0.010201
           4     -0.0094 -0.00235667  0.00758566
           5    0.011216 0.000357867  0.00647256
           6    0.007408  0.00153289  0.00541388
           7  -0.0100187-0.000117333  0.00486405
           8-0.000861333-0.000210333  0.00421342
           9 -0.00559467-0.000808593  0.00376374
          10 -0.00648267   -0.001376  0.00341387
          11  0.00309067-0.000969939  0.00311455
          12 -0.00192533 -0.00104956  0.00284429
          13   -0.005432 -0.00138667    0.002638
          14     0.00492 -0.00093619  0.00248351
          15    0.004928-0.000545244  0.00234484
          16 -0.00458133  -0.0007975  0.00220786
          17   0.0111307-9.58431e-05   0.0021894
          18 -0.00212533-0.000208593  0.00206726
          19  0.00333333-2.21754e-05   0.0019643
          20   0.0239227  0.00117507  0.00221495
          21    0.006304   0.0014193  0.00212095
          22  0.00211733  0.00145103  0.00202249
          23  -0.0102587 0.000941913   0.0019985
          24    0.011728  0.00139133  0.00196549
          25-0.000274667  0.00132469  0.00188641
          26 -0.00511733  0.00107692  0.00182926
          27    0.008352  0.00134637  0.00178071
          28 -0.00881067 0.000983619  0.00175386
          29  0.00150667  0.00100166  0.00169239
          30   -0.001992 0.000901867  0.00163805
           1  0.00792267  0.00792267           0
           2 -0.00850667   -0.000292  0.00821467
           3    -0.00496   -0.001848  0.00499146
           4    -0.01012   -0.003916  0.00409072
           5   -0.003912  -0.0039152  0.00316866
           6   -0.016224 -0.00596667  0.00330183
           7    0.003928 -0.00455314  0.00312814
           8 0.000205333 -0.00395833  0.00277358
           9  0.00579467 -0.00287467  0.00267537
          10  0.00274133 -0.00231307  0.00245794
          11   -0.010008 -0.00301261  0.00233074
          12 0.000221333 -0.00274311  0.00214467
          13 -0.00288533 -0.00275405  0.00197284
          14   -0.009536 -0.00323848  0.00188964
          15   -0.012896 -0.00388231  0.00187328
          16  0.00885333 -0.00308633   0.0019246
          17 -0.00595467 -0.00325506  0.00181571
          18 -0.00325067 -0.00325481  0.00171187
          19  -0.0137067 -0.00380491  0.00171015
          20  0.00324533  -0.0034524  0.00166025
          21 -0.00368267 -0.00346337  0.00157925
          22  0.00404267 -0.00312218  0.00154392
          23    0.006368 -0.00270957  0.00153189
          24  0.00268267 -0.00248489  0.00148378
          25  0.00558667 -0.00216203  0.00145935
          26     0.01208 -0.00161426   0.0015053
          27 -0.00751467 -0.00183279  0.00146487
          28     -0.0042 -0.00191733  0.00141412
          29  -0.0119413 -0.00226299  0.00140758
          30  0.00677067 -0.00196187  0.00139279
           1  -0.0184933  -0.0184933           0
           2  0.00425867 -0.00711733    0.011376
           3 -0.00113867 -0.00512444  0.00686363
           4  0.00426133   -0.002778  0.00539078
           5  0.00637067-0.000948267  0.00455897
           6   -0.008936 -0.00227956  0.00395329
           7 -0.00221067 -0.00226971  0.00334115
           8  0.00830933-0.000947333  0.00318138
           9    -0.00972 -0.00192207  0.00297021
          10     0.00148 -0.00158187  0.00267833
          11    0.007624 -0.00074497  0.00256312
          12   -0.004256 -0.00103756  0.00235802
          13   0.0132667 6.27692e-05  0.00243219
          14   -0.004472-0.000261143  0.00227495
          15 -0.00706667-0.000714844  0.00216591
          16   0.0136987    0.000186  0.00221727
          17  0.00910133 0.000710431  0.00214778
          18  0.00392533 0.000889037   0.0020328
          19      0.0038  0.00104225  0.00192893
          20 -0.00611733 0.000684267  0.00186463
          21  0.00431467 0.000857143  0.00178203
          22    0.018408  0.00165491  0.00187706
          23   -0.010952  0.00110678  0.00187548
          24 -0.00794933 0.000729444  0.00183485
          25  0.00809067  0.00102389  0.00178439
          26   0.0109947  0.00140738  0.00175676
          27  -0.0116533 0.000923654  0.00175829
          28    0.006288  0.00111524  0.00170513
          29    0.011096   0.0014594  0.00168089
          30    0.016832  0.00197182  0.00170282
           1   -0.003664   -0.003664           0
           2    -0.01012   -0.006892    0.003228
           3  0.00549067 -0.00276444   0.0045288
           4 -0.00690133 -0.00379867  0.00336521
           5   -0.007744 -0.00458773  0.00272349
           6    0.012264 -0.00177911  0.00358236
           7   0.0132773  0.00037181  0.00371391
           8  0.00525867 0.000982667  0.00327383
           9  -0.0145653-0.000744889  0.00336462
          10 5.06667e-05-0.000665333  0.00301046
          11 -0.00333067-0.000907636  0.00273382
          12 -0.00733867 -0.00144356  0.00255252
          13  0.00153067 -0.00121477   0.0023591
          14 -0.00975733 -0.00182495  0.00226773
          15   -0.017304 -0.00285689  0.00234986
          16  0.00782133  -0.0021895  0.00229717
          17  0.00469067 -0.00178478  0.00219544
          18    0.012032 -0.00101719  0.00220763
          19-0.000874667 -0.00100968  0.00208822
          20   -0.006536   -0.001286  0.00200024
          21 0.000530667 -0.00119949  0.00190457
          22  0.00827467-0.000768848   0.0018663
          23  0.00921067-0.000334957  0.00183534
          24   0.0124453 0.000197556  0.00183612
          25    0.012224 0.000678613  0.00182566
          26   0.0170107  0.00130677  0.00186313
          27     0.01184  0.00169689  0.00183475
          28   0.0130453  0.00210219  0.00181387
          29    0.006912  0.00226805  0.00175805
          30    0.006944  0.00242391  0.00170557
           1  0.00382933  0.00382933           0
           2   -0.005432-0.000801333  0.00463067
           3   -0.011704 -0.00443556  0.00451168
           4  0.00270933 -0.00264933  0.00365626
           5  0.00778133  -0.0005632  0.00351751
           6    0.002416-6.66667e-05  0.00291464
           7  -0.0114027  -0.0016861  0.00294797
           8  0.00117333 -0.00132867  0.00257791
           9    0.009016-0.000179259  0.00254754
          10 -0.00267467  -0.0004288  0.00229221
          11    0.016744  0.00113236  0.00259541
          12    0.003376  0.00131933  0.00237664
          13  0.00226933  0.00139241  0.00218741
          14 -0.00935467 0.000624762  0.00216576
          15   -0.008408 2.25778e-05  0.00210422
          16   0.0151093   0.0009655  0.00218252
          17 -0.00321333 0.000719686   0.0020648
          18  0.00301333 0.000847111  0.00195088
          19 -0.00520267 0.000528702  0.00187262
          20    0.007712 0.000887867  0.00181246
          21   0.0121227  0.00142286   0.0018051
          22-0.000162667  0.00135079   0.0017226
          23-0.000805333  0.00125704  0.00164867
          24  0.00850667  0.00155911  0.00160712
          25 -0.00969333  0.00110901  0.00160587
          26 -0.00769333 0.000770462  0.00157957
          27    0.013456   0.0012403  0.00159091
          28  0.00155733  0.00125162  0.00153308
          29  -0.0115973 0.000808552   0.0015442
          30 -0.00393067 0.000650578  0.00150018
           1 -0.00614933 -0.00614933           0
           2    0.001208 -0.00247067  0.00367867
           3    0.006768 0.000608889  0.00374093
           4  0.00975467  0.00289533  0.00349644
           5 -0.00306667  0.00170293   0.0029592
           6    0.008384  0.00281644  0.00266042
           7 -0.00893333   0.0011379   0.0028059
           8  0.00661867    0.001823  0.00252471
           9    0.004024  0.00206756  0.00223998
          10 -0.00117867  0.00174293  0.00202962
          11 -0.00416267  0.00120606  0.00191275
          12  -0.0101707    0.000258  0.00198688
          13   -0.001832 9.72308e-05  0.00183472
          14  0.00777333 0.000645524  0.00178492
          15 -0.00943467-2.64889e-05  0.00179241
          16    0.004448 0.000253167  0.00169981
          17  0.00175733 0.000341647  0.00159914
          18 -0.00318667  0.00014563  0.00152038
          19 -0.00213333 2.56842e-05  0.00144312
          20  -0.0109973-0.000525467  0.00147584
          21 -0.00804533-0.000883556  0.00144876
          22 -0.00655467 -0.00114133  0.00140518
          23  0.00290667-0.000965333  0.00135419
          24  0.00280267-0.000808333  0.00130601
          25  -0.0112507 -0.00122603  0.00132048
          26    -0.00444 -0.00134964  0.00127468
          27 0.000885333 -0.00126686  0.00122936
          28 -0.00562667 -0.00142257  0.00119483
          29    0.005136 -0.00119641  0.00117486
          30 -0.00458667 -0.00130942  0.00114064
           1   -0.002048   -0.002048           0
           2    0.009216    0.003584    0.005632
           3   -0.003176  0.00133067  0.00395609
           4  0.00380267  0.00194867  0.00286483
           5   -0.007792 5.33333e-07  0.00295289
           6 -0.00537333-0.000895111  0.00257201
           7   -0.000832-0.000886095  0.00217376
           8   -0.005896 -0.00151233  0.00198396
           9 -0.00449067 -0.00184326  0.00178071
          10 -0.00627467  -0.0022864  0.00165321
          11   0.0101173 -0.00115879  0.00187288
          12    0.001024-0.000976889  0.00171935
          13   -0.002832 -0.00111959    0.001588
          14   0.0100453-0.000322095  0.00167257
          15  -0.0210533 -0.00170418  0.00208198
          16  0.00580267   -0.001235  0.00200323
          17  0.00755733-0.000717804  0.00195149
          18  0.00660533-0.000310963  0.00188433
          19    0.005616 9.82456e-07  0.00180949
          20  0.00746133    0.000374  0.00175669
          21  -0.0145413-0.000336254  0.00181563
          22  0.00385867-0.000145576  0.00174161
          23 0.000517333-0.000116754  0.00166441
          24  -0.0104773-0.000548444  0.00165099
          25 -0.00373867-0.000676053  0.00158871
          26  0.00234133    -0.00056  0.00153079
          27 -0.00689067-0.000794469  0.00149154
          28   -0.011024 -0.00115981  0.00148299
          29  0.00451467-0.000964138  0.00144426
          30   -0.007088 -0.00116827  0.00141014
           1    0.003232    0.003232           0
           2  -0.0165493 -0.00665867  0.00989067
           3     0.01916  0.00194756   0.0103284
           4  0.00153867  0.00184533  0.00730398
           5  0.00857333  0.00319093  0.00581546
           6   -0.006776  0.00152978  0.00503049
           7   -0.007064 0.000302095  0.00442524
           8 -0.00219467      -1e-05  0.00384506
           9 0.000581333 5.57037e-05  0.00339166
          10 -0.00149333   -9.92e-05  0.00303755
          11     0.01136 0.000942545  0.00293842
          12 0.000290667 0.000888222  0.00268295
          13 -0.00140267    0.000712  0.00247424
          14   -0.010304-7.48571e-05  0.00242208
          15     0.00664   0.0003728  0.00229884
          16 -0.00235733 0.000202167  0.00215713
          17 -0.00229867 5.50588e-05   0.0020316
          18-0.000389333 3.03704e-05  0.00191557
          19 -0.00661867-0.000319579  0.00184543
          20   -0.009128    -0.00076  0.00180528
          21  0.00423467-0.000522159  0.00173356
          22    0.003856-0.000323152  0.00166482
          23  0.00377333-0.000145043  0.00160073
          24  0.00737067 0.000168111  0.00156425
          25   -0.011496-0.000298453  0.00157124
          26     0.00864 4.53333e-05  0.00154825
          27    -0.01164-0.000387457   0.0015514
          28 -0.00554667-0.000571714  0.00150627
          29   0.0116587-0.000149977  0.00151336
          30 -0.00850933-0.000428622  0.00148836
           1    0.020288    0.020288           0
           2 0.000130667   0.0102093   0.0100787
           3 5.86667e-05  0.00682578  0.00673114
           4   0.0145067    0.008746  0.00513239
           5    0.002152   0.0074272  0.00418856
           6    -0.01244    0.004116  0.00476026
           7 -0.00686667  0.00254705  0.00431826
           8    -0.00816  0.00120867    0.003972
           9    -0.00776 0.000212148  0.00364196
          10 -0.00696267-0.000505333  0.00333555
          11   -0.011864 -0.00153794  0.00318893
          12 -0.00477067 -0.00180733  0.00292352
          13-5.06667e-05 -0.00167221  0.00269264
          14  0.00104267 -0.00147829  0.00250043
          15    0.000128  -0.0013712  0.00233024
          16 -0.00293333 -0.00146883  0.00218192
          17   -0.002584 -0.00153443  0.00205061
          18  0.00698667 -0.00106104  0.00199045
          19 -0.00564533 -0.00130232  0.00189817
          20   -0.001296   -0.001302  0.00180076
          21    0.001024 -0.00119124  0.00171645
          22  0.00630667-0.000850424  0.00167168
          23 -0.00198133-0.000899594   0.0015981
          24    0.003224-0.000727778  0.00153968
          25 0.000986667  -0.0006592   0.0014784
          26   -0.003528-0.000769538  0.00142468
          27  0.00374133-0.000602469  0.00138104
          28  0.00418667-0.000431429  0.00134175
          29  0.00533333-0.000232644  0.00130983
          30  0.00420267   -8.48e-05  0.00127402
           1 0.000517333 0.000517333           0
           2     0.00288  0.00169867  0.00118133
           3 -0.00471733    -0.00044  0.00224479
           4   -0.000232   -0.000388  0.00158816
           5  0.00964267  0.00161813  0.00235328
           6 -0.00451467    0.000596   0.0021764
           7  0.00393867  0.00107352  0.00190036
           8  0.00206133    0.001197  0.00165039
           9  0.00517333  0.00163881  0.00152109
          10 -0.00440533   0.0010344  0.00148872
          11   -0.000432 0.000901091  0.00135318
          12-0.000106667 0.000817111  0.00123813
          13  0.00208533 0.000914667  0.00114308
          14  0.00313867  0.00107352  0.00107015
          15  0.00767467   0.0015136  0.00108912
          16    0.001544   0.0015155  0.00101878
          17  -0.0117413 0.000735686  0.00123447
          18    -0.00152  0.00061037   0.0011706
          19 -0.00510933 0.000309333  0.00114747
          20     0.00592 0.000589867  0.00112415
          21 -0.00462667  0.00034146  0.00109775
          22    -0.00088 0.000285939  0.00104814
          23    0.008016 0.000622029  0.00105642
          24   -0.001968 0.000514111  0.00101718
          25   0.0160453  0.00113536  0.00115665
          26 -0.00380267 0.000945436  0.00112739
          27  0.00803733   0.0012081  0.00111617
          28   -0.010184 0.000801238  0.00114995
          29 -0.00525867 0.000592276   0.0011291
          30  0.00718133 0.000811911   0.0011127
           1    -0.00352    -0.00352           0
           2    0.006328    0.001404    0.004924
           3  0.00454133  0.00244978  0.00302912
           4 -0.00367467 0.000918667  0.00263289
           5   -0.006568-0.000578667  0.00253007
           6    0.001408-0.000247556  0.00209216
           7  0.00265067 0.000166476  0.00181603
           8   -0.002624-0.000182333  0.00161094
           9  0.00178667 3.64444e-05  0.00143746
          10  0.00821867 0.000854667  0.00152398
          11    -0.00188 0.000606061  0.00140073
          12-0.000381333 0.000523778  0.00128133
          13   -0.004544 0.000133949  0.00124145
          14    0.000352 0.000149524  0.00114946
          15 -0.00263733-3.62667e-05   0.0010861
          16  0.00543733 0.000305833  0.00107201
          17 -0.00120267 0.000217098  0.00101088
          18 -0.00249067 6.66667e-05 0.000964862
          19  -0.0212427 -0.00105488  0.00144597
          20 -0.00303467 -0.00115387  0.00137533
          21  0.00607733-0.000809524  0.00135276
          22 -0.00108533-0.000822061  0.00128987
          23   -0.001848-0.000866667  0.00123332
          24   -0.002296-0.000926222  0.00118231
          25  0.00501333 -0.00068864  0.00115866
          26  0.00427467-0.000497744  0.00112945
          27  0.00119733-0.000434963  0.00108863
          28  0.00926667-8.84762e-05  0.00110477
          29 -0.00759733-0.000347402  0.00109699
          30    0.003384-0.000223022  0.00106706
           1  0.00594133  0.00594133           0
           2    0.020616   0.0132787  0.00733733
           3    0.009896   0.0121511   0.0043837
           4 -0.00626133    0.007548  0.00554951
           5   -0.004512    0.005136   0.0049291
           6  0.00904267  0.00578711  0.00407692
           7  0.00376267   0.0054979  0.00345774
           8   -0.005632  0.00410667   0.0033019
           9    -0.00612  0.00297037  0.00312585
          10  0.00489067   0.0031624  0.00280243
          11  0.00111733  0.00297648   0.0025417
          12 -0.00254667  0.00251622  0.00236545
          13  0.00806667  0.00294318   0.0022174
          14   -0.001192  0.00264781  0.00207405
          15  0.00924533  0.00308764   0.0019803
          16  0.00188533   0.0030125  0.00185392
          17  -0.0108853  0.00219498   0.0019238
          18  0.00340533  0.00226222  0.00181502
          19    0.010544  0.00269811  0.00177131
          20   -0.007472   0.0021896  0.00175566
          21  -0.0101173  0.00160356  0.00176982
          22 -0.00690667  0.00121673  0.00173122
          23   0.0105067  0.00162064  0.00170284
          24      0.0052  0.00176978  0.00163715
          25      -0.009  0.00133899  0.00162832
          26   -0.001264  0.00123887  0.00156764
          27    0.002984  0.00130351  0.00150984
          28  0.00365067  0.00138733  0.00145734
          29   -0.005832  0.00113839  0.00142805
          30  -0.0106107 0.000746756  0.00143414
           1-0.000986667-0.000986667           0
           2  0.00224533 0.000629333    0.001616
           3 -0.00254667-0.000429333  0.00141112
           4 -0.00880533 -0.00252333  0.00231958
           5 -0.00117067  -0.0022528  0.00181699
           6    0.001616   -0.001608  0.00161764
           7   0.0113253 0.000239619  0.00229843
           8 -0.00868533   -0.000876  0.00228182
           9 -0.00111467-0.000902519  0.00201255
          10    0.008864 7.41333e-05  0.00204796
          11   0.0102053 0.000995152  0.00206878
          12    0.006304  0.00143756  0.00193965
          13  0.00964267  0.00206872  0.00189257
          14 -0.00551733  0.00152686  0.00183405
          15   0.0121653  0.00223609  0.00184885
          16   -0.005016  0.00178283  0.00178785
          17 -0.00663733  0.00128753  0.00175091
          18  0.00935733  0.00173585  0.00171057
          19 -0.00235467  0.00152056   0.0016323
          20  0.00570133   0.0017296  0.00156258
          21     0.00524  0.00189676  0.00149568
          22    0.013552  0.00242655   0.0015213
          23-0.000485333  0.00229994  0.00145916
          24 -0.00310133  0.00207489  0.00141505
          25    0.008224  0.00232085  0.00137937
          26-9.06667e-05   0.0022281   0.0013285
          27     -0.0096  0.00179002  0.00135133
          28 0.000834667   0.0017559  0.00130262
          29  -0.0114133  0.00130179  0.00133642
          30  0.00745333  0.00150684  0.00130728
           1  0.00676533  0.00676533           0
           2  0.00488533  0.00582533     0.00094
           3    0.004528  0.00539289 0.000693932
           4  -0.0127147    0.000866   0.0045534
           5  0.00110933 0.000914667  0.00352739
           6  -0.0148053 -0.00170533   0.0038935
           7  -0.0159947 -0.00374667  0.00387236
           8  -0.0145973   -0.005103  0.00361746
           9  0.00393333 -0.00409896  0.00334456
          10    0.005672 -0.00312187    0.003147
          11 -0.00281867  -0.0030943   0.0028467
          12   -0.006288 -0.00336044  0.00261226
          13    0.008816 -0.00242379  0.00257903
          14   -0.007128 -0.00275981  0.00241125
          15    0.007288 -0.00208996  0.00234256
          16   -0.008208 -0.00247233  0.00222438
          17 -0.00366933 -0.00254275  0.00209063
          18 -0.00655467 -0.00276563  0.00198362
          19    0.000328 -0.00260281  0.00188337
          20    0.013024 -0.00182147  0.00195009
          21    -0.00956 -0.00218997  0.00189116
          22     0.00716 -0.00176497  0.00185256
          23  0.00477067 -0.00148081  0.00179284
          24  0.00520533 -0.00120222  0.00173898
          25 0.000565333 -0.00113152  0.00166947
          26  0.00300267-0.000972513  0.00161183
          27   -0.001288-0.000984198  0.00155103
          28  0.00438933-0.000792286  0.00150688
          29 -0.00581067-0.000965333  0.00146425
          30  0.00190667  -0.0008696  0.00141784
           1   0.0130347   0.0130347           0
           2 -0.00515733  0.00393867    0.009096
           3  0.00537333  0.00441689  0.00527331
           4     0.01844  0.00792267  0.00511804
           5  0.00222933    0.006784   0.0041247
           6   0.0106853  0.00743422     0.00343
           7  0.00470667  0.00704457  0.00292495
           8 -0.00724267  0.00525867  0.00309935
           9 -0.00999467  0.00356385  0.00321616
          10 -0.00794667   0.0024128  0.00309837
          11   0.0148613  0.00354448  0.00302244
          12  0.00641867    0.003784  0.00276948
          13     -0.0082  0.00286215  0.00270921
          14    0.009152  0.00331143  0.00254816
          15 -0.00580267  0.00270382  0.00244878
          16     0.00012  0.00254233  0.00229631
          17  0.00652533  0.00277663   0.0021697
          18  -0.0142053  0.00183319  0.00225269
          19     0.00824  0.00217039  0.00215735
          20    0.008312  0.00247747  0.00206955
          21  0.00654133  0.00267098  0.00197802
          22 -0.00398667  0.00236836  0.00191009
          23 -0.00722933  0.00195107  0.00187225
          24  0.00385333  0.00203033   0.0017943
          25    0.000672    0.001976  0.00172189
          26     0.00512  0.00209692  0.00165875
          27 -0.00829067   0.0017122  0.00164184
          28    0.012088  0.00208276  0.00162494
          29    -0.00308  0.00190474  0.00157798
          30  0.00877067   0.0021336  0.00154156
           1    0.009848    0.009848           0
           2  0.00191467  0.00588133  0.00396667
           3  0.00327733  0.00501333  0.00244913
           4 -0.00113067  0.00347733  0.00231483
           5    0.004152  0.00361227  0.00179813
           6     0.00328  0.00355689  0.00146921
           7   -0.011264  0.00143962  0.00245452
           8 -0.00839467 0.000210333  0.00245553
           9   -0.004632-0.000327704  0.00223141
          10  -0.0104987  -0.0013448  0.00224006
          11  0.00735733-0.000553697  0.00217517
          12  0.00261867-0.000289333  0.00200317
          13-0.000373333-0.000295795  0.00184266
          14 -0.00452267-0.000597714  0.00173248
          15  0.00295733-0.000360711  0.00163017
          16  0.00427733-7.08333e-05  0.00155219
          17 0.000173333-5.64706e-05   0.0014581
          18  0.00340267 0.000135704  0.00138808
          19    -0.00124 6.32982e-05  0.00131499
          20 -0.00814933-0.000347333  0.00131335
          21    0.008456  7.1873e-05  0.00131771
          22 -0.00986667-0.000379879  0.00133513
          23    0.003872-0.000195014  0.00128909
          24 -0.00213333-0.000275778  0.00123685
          25    0.002672-0.000157867  0.00119219
          26 -0.00133333-0.000203077  0.00114631
          27    0.000384-0.000181333  0.00110325
          28 -0.00964533-0.000519333  0.00111556
          29 -0.00395467-0.000637793   0.0010829
          30  0.00215467-0.000544711  0.00105031
           1 0.000994667 0.000994667           0
           2   0.0140213    0.007508  0.00651333
           3  0.00698933  0.00733511  0.00376445
           4 -0.00407467  0.00448267  0.00390153
           5     0.00344  0.00427413   0.0030293
           6  0.00403733  0.00423467  0.00247373
           7  -0.0133307  0.00172533  0.00326615
           8 -0.00551733     0.00082  0.00296992
           9 -0.00121067  0.00059437  0.00262892
          10   -0.010504-0.000515467  0.00260014
          11   -0.000624-0.000525333  0.00235193
          12  0.00137067-0.000367333  0.00215282
          13   -0.013256 -0.00135877  0.00221462
          14  0.00442133-0.000945905   0.0020915
          15    0.007312-0.000395378  0.00202341
          16   -0.000416-0.000396667  0.00189273
          17   -0.008112 -0.00085051  0.00183492
          18 -0.00158667-0.000891407  0.00173046
          19  -0.0114053 -0.00144477  0.00172786
          20  0.00529067   -0.001108  0.00167343
          21  0.00843733 -0.00065346  0.00165538
          22  0.00795467-0.000262182  0.00162612
          23 -0.00430933-0.000438145  0.00156374
          24    0.005544-0.000188889  0.00151777
          25  -0.0120293-0.000662507   0.0015309
          26 -0.00326667-0.000762667  0.00147425
          27 -0.00909333 -0.00107121  0.00145176
          28   0.0119893-0.000604762  0.00147467
          29 0.000434667 -0.00056892  0.00142336
          30  0.00335467-0.000438133   0.0013813
           1    0.005928    0.005928           0
           2  -0.0135147 -0.00379333  0.00972133
           3 -0.00693867 -0.00484178   0.0057097
           4   0.0115307-0.000748667  0.00574925
           5   -0.007808 -0.00216053   0.0046718
           6  0.00622667-0.000762667  0.00406257
           7   -0.009064 -0.00194857  0.00363253
           8  0.00987467-0.000470667  0.00347573
           9   -0.008304 -0.00134104  0.00318648
          10  0.00212267-0.000994667  0.00287104
          11 -0.00605867 -0.00145503  0.00263744
          12  -0.0116987 -0.00230867   0.0025545
          13   -0.003792 -0.00242277  0.00235256
          14  0.00558667 -0.00185067  0.00225193
          15 -0.00641867  -0.0021552  0.00211844
          16  0.00122133 -0.00194417  0.00199282
          17  0.00511733 -0.00152878  0.00191746
          18 -0.00363467 -0.00164578  0.00181158
          19   -0.012008 -0.00219116  0.00179828
          20    0.015568  -0.0013032  0.00192325
          21   -0.000328 -0.00125676  0.00182997
          22  0.00781333-0.000844485  0.00179285
          23   -0.004448 -0.00100116  0.00172028
          24  0.00893067-0.000587333  0.00169824
          25 -0.00561067-0.000788267  0.00164124
          26  -0.0122747 -0.00123005  0.00163757
          27 -0.00502667 -0.00137067  0.00158201
          28 -0.00649333 -0.00155362   0.0015354
          29  0.00116267 -0.00145995  0.00148447
          30   -0.002392 -0.00149102  0.00143447
           1    0.000408    0.000408           0
           2     0.00516    0.002784    0.002376
           3  0.00475733  0.00344178  0.00152134
           4  0.00394133  0.00356667  0.00108297
           5 0.000181333   0.0028896  0.00107802
           6-0.000805333  0.00227378  0.00107424
           7 -0.00795467 0.000812571  0.00172029
           8 -0.00667733-0.000123667  0.00175957
           9  0.00144533 5.06667e-05  0.00156156
          10  0.00610667 0.000656267  0.00152234
          11 -0.00432533 0.000203394  0.00144957
          12 -0.00598133   -0.000312   0.0014201
          13    0.003552-1.47692e-05  0.00133969
          14  0.00796533 0.000555238  0.00136502
          15  0.00500267 0.000851733  0.00130489
          16    -0.01088   0.0001185  0.00142392
          17  0.00605333 0.000467608  0.00138234
          18    0.000728 0.000482074  0.00130337
          19    -0.00028 0.000441965  0.00123351
          20   -0.002744 0.000282667  0.00118101
          21   -0.005456 9.39683e-06  0.00115612
          22   0.0137413 0.000633576  0.00126677
          23 0.000133333 0.000611826  0.00121064
          24 -0.00267733 0.000474778  0.00116717
          25-8.53333e-05 0.000452373  0.00111973
          26  -0.0119253-2.36923e-05  0.00117643
          27  0.00529867 0.000173432  0.00114906
          28 -0.00317067     5.4e-05  0.00111368
          29 -0.00990667-0.000289471  0.00112815
          30  0.00817867    -7.2e-06  0.00112586
           1 -0.00218667 -0.00218667           0
           2 -0.00369867 -0.00294267    0.000756
           3 -0.00373333 -0.00320622 0.000509876
           4  0.00607467   -0.000886  0.00234807
           5 -0.00869867 -0.00244853  0.00239782
           6 1.33333e-05 -0.00203822  0.00200035
           7  0.00318133 -0.00129257  0.00184774
           8   -0.003856   -0.001613  0.00163195
           9-0.000154667 -0.00145096  0.00144834
          10  -0.0135013   -0.002656  0.00176926
          11 -0.00611467 -0.00297042  0.00163095
          12  0.00102133 -0.00263778  0.00152555
          13   -0.001808 -0.00257395  0.00140476
          14     0.00532  -0.0020101  0.00141752
          15    0.008376 -0.00131769  0.00149026
          16     0.00012 -0.00122783   0.0013969
          17 0.000765333 -0.00111059  0.00131739
          18   -0.002528 -0.00118933  0.00124454
          19  0.00330667-0.000952702  0.00120077
          20  0.00107733  -0.0008512  0.00114366
          21 -0.00202667-0.000907175  0.00108928
          22  0.00606133-0.000590424  0.00108581
          23   -0.006136-0.000831536  0.00106518
          24    0.002824-0.000679222  0.00103114
          25 -0.00353867  -0.0007936 0.000995627
          26 -0.00362133-0.000902359  0.00096273
          27  0.00515733-0.000677926 0.000953186
          28  0.00301067 -0.00054619 0.000927912
          29   -0.000464-0.000543356 0.000895348
          30    0.003976-0.000392711 0.000878009
           1   -0.012696   -0.012696           0
           2-0.000205333 -0.00645067  0.00624533
           3  0.00230133 -0.00353333  0.00463813
           4 -0.00421867 -0.00370467  0.00328412
           5 -0.00602933  -0.0041696  0.00258601
           6 -0.00769333 -0.00475689  0.00219162
           7   -0.001368 -0.00427276  0.00191448
           8 -0.00930133 -0.00490133  0.00177314
           9  0.00281867 -0.00404356  0.00178358
          10  0.00233867 -0.00340533  0.00171821
          11    0.004864 -0.00265358  0.00172644
          12 -0.00488533 -0.00283956  0.00158696
          13    -0.00756 -0.00320267  0.00150427
          14   -0.010488 -0.00372305  0.00148673
          15 -0.00815733 -0.00401867  0.00141529
          16   -0.004648   -0.004058  0.00132446
          17 -0.00130667 -0.00389616   0.0012546
          18 -0.00570667 -0.00399674  0.00118712
          19  0.00184267  -0.0036894   0.0011642
          20  0.00409867     -0.0033  0.00117109
          21  0.00294933 -0.00300241    0.001153
          22   -0.007704 -0.00321612  0.00111992
          23-0.000461333 -0.00309635   0.0010768
          24  0.00150133 -0.00290478  0.00104861
          25 -0.00489067 -0.00298421  0.00100892
          26  0.00870133 -0.00253477  0.00106847
          27   -0.000488 -0.00245896  0.00103092
          28     0.00832   -0.002074   0.0010654
          29  0.00654667 -0.00177674  0.00107013
          30   -0.004352 -0.00186258   0.0010374
           1   -0.005752   -0.005752           0
           2 -0.00766133 -0.00670667 0.000954667
           3 -0.00223467   -0.005216   0.0015893
           4  0.00681067 -0.00220933  0.00320983
           5 -0.00382933 -0.00253333  0.00250734
           6     0.00216 -0.00175111  0.00219159
           7    0.002096 -0.00120152  0.00193204
           8  -0.0114907 -0.00248767  0.00211039
           9  0.00780267  -0.0013443  0.00218434
          10 -0.00550667 -0.00176053  0.00199758
          11   -0.008432 -0.00236703  0.00190595
          12   -0.015576 -0.00346778  0.00205885
          13-0.000845333 -0.00326605  0.00190458
          14  0.00427467 -0.00272743  0.00184373
          15 -0.00108267 -0.00261778  0.00171991
          16    0.005152 -0.00213217  0.00168052
          17 -0.00693067 -0.00241443  0.00160361
          18 -0.00489067   -0.002552  0.00151815
          19   -0.005368 -0.00270021  0.00144365
          20 5.33333e-05 -0.00256253  0.00137647
          21    0.005136 -0.00219594  0.00135964
          22   -0.013184 -0.00269539  0.00138925
          23 -0.00874667 -0.00295849   0.0013533
          24  0.00332267 -0.00269678  0.00132185
          25   -0.005448 -0.00280683  0.00127264
          26    0.004304 -0.00253333  0.00125293
          27    -0.01444 -0.00297432  0.00128375
          28  0.00818933 -0.00257562  0.00129972
          29-0.000890667 -0.00251752  0.00125544
          30  0.00304267 -0.00233218  0.00122695
           1   -0.003616   -0.003616           0
           2  0.00404533 0.000214667  0.00383067
           3-0.000349333 2.66667e-05  0.00221961
           4   -0.005168   -0.001272  0.00203712
           5    0.000944  -0.0008288  0.00163901
           6  0.00317067-0.000162222  0.00149507
           7    0.002808 0.000262095  0.00133291
           8    0.004272 0.000763333  0.00125846
           9-0.000210667 0.000655111  0.00111512
          10 -0.00460267 0.000129333  0.00112749
          11    0.010352  0.00105867  0.00137977
          12 -0.00593067 0.000476222   0.0013877
          13 -0.00928267-0.000274462  0.00148087
          14 -0.00883733-0.000886095  0.00150126
          15 -0.00347467 -0.00105867  0.00140821
          16    0.009624   -0.000391  0.00147681
          17 -0.00845067-0.000865098    0.001466
          18  0.00200533 -0.00070563  0.00139132
          19   -0.006208-0.000995228  0.00134755
          20   -0.000912-0.000991067   0.0012784
          21   -0.005248 -0.00119378  0.00123278
          22    0.001848 -0.00105552  0.00118352
          23 -0.00718933  -0.0013222  0.00116191
          24     0.00332 -0.00112878  0.00112913
          25  0.00931467 -0.00071104   0.0011608
          26  0.00470667-0.000502667  0.00113456
          27    0.000208-0.000476346  0.00109205
          28     0.00284-0.000357905  0.00105897
          29    0.005056-0.000171218  0.00103871
          30  0.00100533   -0.000132  0.00100426
           1  0.00624267  0.00624267           0
           2  0.00135733      0.0038  0.00244267
           3  0.00192533  0.00317511  0.00154252
           4  0.00306133  0.00314667   0.0010911
           5  0.00192533   0.0029024  0.00087975
           6  0.00177333  0.00271422 0.000742552
           7  0.00940533   0.0036701  0.00114348
           8   -0.001176  0.00306433  0.00116086
           9  0.00584267  0.00337304  0.00106931
          10  0.00748267    0.003784  0.00104098
          11      -0.001  0.00334909  0.00103719
          12  0.00642133  0.00360511 0.000980822
          13  0.00132533  0.00342974  0.00091911
          14    0.004736  0.00352305 0.000856031
          15 -0.00657333  0.00284996  0.00104314
          16 0.000618667   0.0027105 0.000985681
          17  0.00449333  0.00281537 0.000931806
          18   -0.000528  0.00262963 0.000897937
          19 -0.00398667   0.0022814 0.000917975
          20  0.00517067  0.00242587 0.000882769
          21   0.0106613  0.00281803 0.000926745
          22  0.00794933  0.00305127 0.000913882
          23  0.00298667  0.00304846 0.000873249
          24 -0.00202133  0.00283722 0.000862346
          25  0.00235467  0.00281792 0.000827358
          26 -0.00169333  0.00264441 0.000813616
          27   -0.003064  0.00243299 0.000810948
          28  0.00435467  0.00250162 0.000784457
          29  0.00187733  0.00248009 0.000757229
          30 -0.00309867  0.00229413 0.000754818
