-0.287157   -0.118726   0.336867
-0.37878   -0.233798   0.0222669
0.427252   0.244352   -0.445786
-0.109726   -0.350049   -0.228978
0.319153   -0.429051   0.238919
-0.479566   -0.425495   0.226098
-0.0373072   0.219015   -0.420953
-0.428957   -0.336759   -0.176411
-0.297333   0.029346   0.164257
0.385819   -0.397415   -0.00977312
0.453792   -0.117796   -0.429343
-0.427601   0.363061   0.31256
0.488334   0.187674   0.366229
-0.240266   -0.113827   -0.211508
0.123959   0.372684   0.102985
-0.294054   0.323434   0.492578
-0.439113   0.418185   0.0715588
-0.203174   -0.337153   0.0487713
0.274186   -0.298131   0.393648
-0.126475   0.15134   -0.123362
0.191268   0.320082   -0.136619
0.237847   0.369662   -0.181205
-0.368214   0.243673   0.342258
0.152624   0.258454   0.0838397
0.329528   0.076577   -0.148297
-0.181171   -0.238545   0.0827525
-0.469771   -0.0943915   0.474045
0.0469364   0.490375   -0.395721
-0.250423   -0.116279   -0.133478
0.391895   0.418516   0.146502
-0.227801   -0.247465   -0.425102
0.160506   -0.438626   0.0161628
-0.0905124   -0.00290832   -0.480315
-0.363475   -0.259762   0.486939
0.290806   0.152591   -0.0407016
0.353441   -0.141654   0.453919
-0.00234275   0.309958   0.10748
0.456301   0.226018   0.291464
0.340626   -0.419954   0.0907921
0.398525   0.0519077   -0.010091
-0.324244   0.00960862   -0.119306
-0.207139   -0.219362   -0.0275836
0.0819208   0.1894   -0.0158632
-0.493124   -0.193911   -0.165751
0.0558398   -0.281488   0.157112
-0.42605   0.290573   0.204994
0.0479653   -0.365779   0.0182684
0.232033   0.0549774   -0.463142
0.0587536   0.0224294   -0.0711099
0.164512   -0.0950472   0.395018
-0.41826   0.434084   0.488174
-0.0602281   0.110323   0.331519
-0.0618486   -0.308181   -0.117488
-0.0936132   -0.192449   0.0935547
-0.470298   -0.0730059   -0.317243
-0.397406   -0.225105   0.116997
-0.201249   -0.0284605   -0.187636
-0.253116   0.0519074   -0.12336
0.332774   0.00980719   0.457965
-0.0784439   0.0422325   -0.180153
0.368175   -0.115278   -0.101302
0.413397   -0.325479   0.0141747
0.209246   0.489454   0.0215449
0.253531   -0.449005   0.289848
0.298093   -0.498129   0.360532
0.108843   -0.0587474   -0.0444388
-0.379759   0.466726   -0.295194
-0.334661   -0.108317   -0.171635
0.0560076   -0.00890745   -0.456151
-0.302472   -0.487591   0.324929
0.163892   0.139463   0.223176
-0.476814   -0.0837961   -0.0798588
0.0937462   0.350101   -0.404905
-0.108167   -0.173223   0.0107378
0.0642395   0.127852   -0.425353
-0.303378   -0.33335   0.0522181
0.120308   0.451865   0.152576
0.445947   -0.481523   -0.218527
-0.288591   0.140329   -0.342498
0.341065   0.314227   0.492412
-0.414407   0.498493   0.222706
-0.436188   0.00650173   -0.0915455
0.277303   0.220692   -0.21817
0.440935   -0.356859   0.263723
0.239404   0.423608   0.282793
0.30106   -0.45376   -0.196434
0.120488   0.091657   -0.387449
0.356803   -0.124554   -0.331101
0.428232   -0.396552   -0.21834
0.397812   -0.495334   0.0865517
0.345912   0.445451   -0.0262377
0.0700605   -0.19948   0.0787731
0.230546   -0.164267   -0.248968
0.0604499   0.465759   0.495749
0.209314   -0.0715556   -0.287248
-0.397589   -0.0492211   -0.136102
0.447379   0.119308   0.496107
-0.16369   -0.363442   0.328382
0.208785   0.485218   -0.211866
-0.149557   -0.342567   -0.318685
0.0489667   -0.0513905   -0.153519
0.442618   0.00395416   0.187872
0.435624   0.323622   0.121995
0.158712   -0.0116083   -0.376507
0.0391179   -0.153193   0.0143787
0.4208   0.373226   0.211311
-0.227933   -0.11199   0.070428
0.434415   0.338802   0.0361099
