           1    0.346239    0.346239           0
           2    0.309174    0.327707   0.0185326
           3    0.320824    0.325413    0.010943
           4    0.390094    0.341583   0.0179263
           5    0.360909    0.345448   0.0144136
           6    0.293629    0.336812   0.0145977
           7    0.349038    0.338558   0.0124603
           8    0.329841    0.337468   0.0108458
           9    0.362596     0.34026  0.00996426
          10    0.339229    0.340157   0.0089129
          11     0.34389    0.340497  0.00806916
          12    0.304643    0.337509  0.00794899
          13    0.281636    0.333211  0.00848159
          14    0.289359    0.330079  0.00845409
          15    0.285573    0.327112  0.00841103
          16     0.33874    0.327838  0.00790129
          17    0.321574     0.32747  0.00743111
          18    0.319322    0.327017  0.00702073
          19    0.405904    0.331169  0.00783203
          20    0.239505    0.326586  0.00872997
          21    0.278174    0.324281  0.00861793
          22    0.256025    0.321178  0.00878309
          23    0.334391    0.321753  0.00841217
          24    0.352164     0.32302  0.00815311
          25    0.308834    0.322452  0.00784075
          26    0.354203    0.323673  0.00763149
          27    0.351937     0.32472  0.00741764
          28    0.317583    0.324465  0.00715236
          29    0.314558    0.324124  0.00690977
          30    0.338779    0.324612  0.00669332
           1     0.45082     0.45082           0
           2    0.324984    0.387902    0.062918
           3    0.392618    0.389474   0.0363597
           4    0.381737     0.38754   0.0257829
           5    0.375814    0.385195   0.0201085
           6    0.383746    0.384953   0.0164203
           7    0.362348    0.381724   0.0142485
           8    0.381311    0.381672   0.0123396
           9    0.339722    0.377011   0.0118388
          10    0.366459    0.375956   0.0106413
          11    0.398728    0.378026  0.00984558
          12    0.365919    0.377017   0.0090442
          13    0.347499    0.374747  0.00862374
          14    0.380033    0.375124  0.00799296
          15    0.359748    0.374099  0.00751131
          16    0.339164    0.371916  0.00735763
          17    0.375792    0.372144  0.00691505
          18    0.353011    0.371081  0.00660566
          19    0.370953    0.371074  0.00624833
          20    0.320624    0.368552  0.00644208
          21      0.3767     0.36894  0.00613991
          22    0.398383    0.370278  0.00600521
          23    0.365884    0.370087  0.00574135
          24    0.339809    0.368825  0.00563984
          25     0.38556    0.369495   0.0054508
          26    0.335511    0.368188  0.00539761
          27    0.360558    0.367905  0.00520153
          28    0.300854     0.36551  0.00555499
          29    0.336131    0.364497  0.00545492
          30    0.382023    0.365081  0.00530223
           1    0.385794    0.385794           0
           2    0.432306     0.40905   0.0232558
           3    0.409713    0.409271   0.0134285
           4    0.382291    0.402526   0.0116471
           5    0.407209    0.403462  0.00907033
           6    0.399952    0.402877  0.00742896
           7    0.420027    0.405327  0.00673969
           8    0.408566    0.405732  0.00585077
           9    0.395151    0.404557  0.00529214
          10    0.392747    0.403376  0.00487852
          11    0.406894    0.403696  0.00442437
          12    0.351604    0.399355   0.0059293
          13    0.397037    0.399176  0.00545708
          14    0.382931    0.398016  0.00518382
          15    0.343061    0.394352  0.00605898
          16    0.405784    0.395067  0.00571251
          17    0.414649    0.396219  0.00548822
          18    0.415462    0.397288  0.00528363
          19    0.388996    0.396851  0.00501683
          20    0.413085    0.397663   0.0048281
          21    0.371362    0.396411  0.00476016
          22    0.390251    0.396131  0.00454726
          23    0.378979    0.395385  0.00440859
          24    0.386815    0.395028  0.00423598
          25    0.396762    0.395097   0.0040636
          26    0.424161    0.396215  0.00406105
          27    0.415219    0.396919  0.00397063
          28    0.435226    0.398287  0.00406344
          29     0.36852     0.39726  0.00405295
          30    0.410277    0.397694  0.00393949
           1     0.39827     0.39827           0
           2    0.399247    0.398758 0.000488664
           3    0.406623     0.40138  0.00263679
           4    0.408792    0.403233   0.0026286
           5     0.40192     0.40297  0.00205298
           6    0.401743    0.402766  0.00168868
           7    0.417403    0.404857  0.00253163
           8    0.394976    0.403622  0.00251643
           9    0.447697    0.408519   0.0053767
          10    0.414617    0.409129  0.00484758
          11    0.382624    0.406719  0.00500324
          12    0.383465    0.404781  0.00496141
          13    0.409282    0.405128  0.00457695
          14    0.380392    0.403361  0.00459103
          15    0.405207    0.403484  0.00427578
          16    0.425707    0.404873  0.00423393
          17    0.420671    0.405802  0.00408422
          18    0.424776    0.406856  0.00399231
          19    0.429704    0.408059  0.00396318
          20     0.40294    0.407803  0.00376851
          21    0.416735    0.408228  0.00360971
          22    0.373557    0.406652  0.00378537
          23    0.411358    0.406857  0.00362283
          24    0.428967    0.407778  0.00358886
          25    0.396242    0.407317   0.0034731
          26    0.381142     0.40631   0.0034854
          27    0.421162     0.40686  0.00339864
          28    0.398766    0.406571  0.00328774
          29    0.387855    0.405925  0.00323733
          30    0.434693    0.406884  0.00327125
           1    0.449767    0.449767           0
           2    0.423236    0.436501   0.0132652
           3    0.436199    0.436401  0.00765935
           4    0.423687    0.433222  0.00627971
           5    0.406918    0.427961  0.00716502
           6     0.42972    0.428254  0.00585755
           7    0.418044    0.426796  0.00516097
           8    0.444577    0.429018   0.0049917
           9    0.395807    0.425328  0.00574432
          10    0.453143     0.42811  0.00584248
          11    0.399441    0.425504  0.00589244
          12     0.41902    0.424963   0.0054061
          13    0.417759    0.424409  0.00500367
          14     0.42303    0.424311  0.00463355
          15    0.413554    0.423594   0.0043728
          16    0.383089    0.421062  0.00481039
          17    0.399073    0.419769  0.00470006
          18    0.412649    0.419373  0.00444888
          19    0.411849    0.418977  0.00422681
          20    0.434488    0.419753  0.00408421
          21    0.462811    0.421803  0.00439276
          22    0.414595    0.421475  0.00420112
          23    0.380539    0.419695  0.00439119
          24    0.424497    0.419896    0.004209
          25    0.441644    0.420765  0.00412979
          26    0.439537    0.421487  0.00403293
          27    0.438272    0.422109  0.00393016
          28    0.410401    0.421691  0.00381021
          29    0.404725    0.421106  0.00372274
          30    0.425602    0.421256  0.00359963
           1    0.419024    0.419024           0
           2    0.410511    0.414767  0.00425639
           3    0.445749    0.425094   0.0106155
           4     0.43016    0.426361  0.00761239
           5    0.398122    0.420713  0.00816494
           6    0.455733     0.42655  0.00886061
           7    0.400115    0.422773  0.00838687
           8    0.398039    0.419682   0.0078939
           9    0.429496    0.420772  0.00704665
          10    0.407318    0.419427  0.00644472
          11    0.442363    0.421512  0.00619114
          12    0.453603    0.424186  0.00625249
          13    0.430429    0.424666  0.00577147
          14    0.425581    0.424732  0.00534374
          15    0.471904    0.427876   0.0058854
          16    0.392049    0.425637  0.00594326
          17    0.426324    0.425678  0.00558287
          18    0.425519    0.425669  0.00526359
          19    0.421222    0.425435  0.00498435
          20     0.41658    0.424992  0.00474925
          21    0.446407    0.426012  0.00463111
          22    0.436956    0.426509  0.00444353
          23    0.379696    0.424474  0.00470858
          24    0.401605    0.423521  0.00460773
          25     0.43338    0.423915  0.00443714
          26    0.427997    0.424072  0.00426595
          27    0.424696    0.424095  0.00410498
          28    0.458355    0.425319  0.00414057
          29    0.433128    0.425588  0.00400431
          30    0.399177    0.424708  0.00396744
           1    0.392702    0.392702           0
           2    0.413805    0.403254   0.0105517
           3    0.405135    0.403881  0.00612424
           4    0.397042    0.402171  0.00465573
           5    0.462774    0.414292   0.0126458
           6    0.446175    0.419606   0.0116124
           7    0.474936     0.42751   0.0126015
           8    0.413482    0.425756   0.0110532
           9    0.461247      0.4297   0.0105154
          10    0.416493    0.428379  0.00949755
          11    0.458402    0.431108  0.00901399
          12    0.430095    0.431024  0.00822904
          13    0.419037    0.430102  0.00762557
          14       0.418    0.429238  0.00711262
          15    0.442491    0.430121  0.00668018
          16    0.435724    0.430471  0.00625854
          17    0.444086    0.431272  0.00593318
          18    0.422493    0.430784  0.00561508
          19    0.401837    0.429261  0.00552552
          20    0.439912    0.429793  0.00526895
          21    0.406192     0.42867  0.00513624
          22    0.446131    0.429463  0.00496112
          23    0.438327    0.429849  0.00475615
          24    0.416183    0.429279  0.00458913
          25    0.459719    0.430497  0.00456704
          26    0.441971    0.430938     0.00441
          27    0.415318     0.43036  0.00428278
          28    0.465283    0.431607  0.00431135
          29     0.40258    0.430606  0.00427875
          30    0.367927    0.428517  0.00463168
           1    0.418008    0.418008           0
           2    0.436003    0.427005  0.00899747
           3     0.44067     0.43156   0.0069089
           4    0.413711    0.427098   0.0066165
           5    0.462465    0.434171  0.00873499
           6    0.454905    0.437627  0.00792517
           7    0.436614    0.437482  0.00669955
           8    0.430718    0.436637  0.00586328
           9     0.47003    0.440347   0.0063644
          10    0.428275     0.43914  0.00581908
          11    0.446685    0.439826  0.00530806
          12    0.426818    0.438742  0.00496533
          13    0.465348    0.440788  0.00500502
          14    0.450362    0.441472  0.00468394
          15    0.382973    0.437572   0.0058501
          16    0.413278    0.436054  0.00567902
          17    0.403769    0.434155  0.00566247
          18    0.425585    0.433679  0.00535982
          19    0.431877    0.433584  0.00507077
          20    0.421569    0.432983  0.00484791
          21    0.433691    0.433017  0.00461141
          22    0.416012    0.432244  0.00446423
          23    0.455804    0.433268  0.00438699
          24    0.455386     0.43419  0.00430013
          25    0.413955     0.43338  0.00420321
          26    0.472546    0.434887  0.00431012
          27    0.425053    0.434523  0.00416337
          28    0.430257     0.43437  0.00401482
          29    0.416544    0.433756  0.00392237
          30    0.436008    0.433831  0.00379011
           1    0.398415    0.398415           0
           2     0.41584    0.407128  0.00871276
           3    0.456971    0.423742   0.0173592
           4    0.396092     0.41683   0.0140873
           5     0.41537    0.416538   0.0109159
           6    0.442082    0.420795  0.00987739
           7    0.452789    0.425366  0.00951724
           8    0.427942    0.425688  0.00824846
           9    0.437103    0.426956  0.00738422
          10     0.43665    0.427926  0.00667541
          11    0.418967    0.427111  0.00609281
          12    0.417082    0.426275  0.00562439
          13     0.45277    0.428313  0.00556064
          14    0.443426    0.429393   0.0052601
          15    0.441829    0.430222  0.00496658
          16    0.465128    0.432404  0.00513256
          17    0.441402    0.432933  0.00485017
          18    0.439485    0.433297  0.00458725
          19    0.439047      0.4336  0.00434964
          20    0.419013     0.43287  0.00419039
          21    0.445339    0.433464  0.00402984
          22    0.419487    0.432829  0.00389447
          23    0.422855    0.432395  0.00374647
          24    0.467234    0.433847  0.00386957
          25    0.467095    0.435177  0.00394264
          26    0.453166    0.435868  0.00385064
          27    0.448601     0.43634  0.00373517
          28    0.452646    0.436922  0.00364611
          29    0.432353    0.436765  0.00352166
          30    0.440352    0.436884  0.00340435
           1    0.437603    0.437603           0
           2    0.401483    0.419543   0.0180602
           3    0.414964    0.418017   0.0105382
           4    0.440927    0.423744  0.00939855
           5    0.404572     0.41991  0.00822816
           6    0.482263    0.430302   0.0123747
           7    0.402766    0.426368   0.0111738
           8    0.421518    0.425762  0.00969577
           9    0.453824     0.42888   0.0091016
          10    0.447493    0.430741  0.00835079
          11    0.423203    0.430056   0.0075846
          12    0.446649    0.431439  0.00706049
          13    0.439298    0.432043  0.00652278
          14    0.442993    0.432826  0.00608936
          15    0.455581    0.434343  0.00586835
          16    0.409936    0.432817  0.00569735
          17    0.440358    0.433261  0.00537008
          18    0.424208    0.432758  0.00508788
          19    0.449612    0.433645  0.00489371
          20    0.406446    0.432285  0.00483767
          21    0.430388    0.432195  0.00460243
          22    0.451497    0.433072   0.0044751
          23    0.434377    0.433129  0.00427648
          24    0.435742    0.433238  0.00409586
          25    0.448842    0.433862  0.00397789
          26    0.448236    0.434415  0.00386161
          27    0.422898    0.433988  0.00374024
          28    0.433179    0.433959   0.0036043
          29    0.442803    0.434264  0.00349114
          30    0.423742    0.433913  0.00339095
           1     0.45727     0.45727           0
           2    0.453278    0.455274  0.00199612
           3     0.42084    0.443796   0.0115359
           4     0.40944    0.435207   0.0118452
           5    0.436837    0.435533  0.00918106
           6    0.442014    0.436613  0.00757374
           7    0.442239    0.437417  0.00645124
           8    0.450721     0.43908  0.00582918
           9    0.427032    0.437741   0.0053123
          10    0.445614    0.438528  0.00481624
          11    0.420731     0.43691   0.0046472
          12    0.429379    0.436283  0.00428847
          13    0.421319    0.435132  0.00410932
          14    0.461769    0.437034  0.00425373
          15     0.41195    0.435362  0.00429862
          16     0.45446    0.436556   0.0041944
          17    0.438265    0.436656  0.00394124
          18    0.424341    0.435972   0.0037783
          19     0.45848    0.437157  0.00376512
          20    0.466838    0.438641  0.00386793
          21    0.434244    0.438431  0.00368509
          22    0.466523    0.439708  0.00373843
          23    0.416857    0.438715  0.00370778
          24    0.449204    0.439152  0.00357673
          25    0.443048    0.439308  0.00343422
          26    0.441571    0.439395  0.00330064
          27    0.471206    0.440573  0.00338753
          28    0.427319      0.4401  0.00329845
          29    0.470997    0.441165  0.00335628
          30    0.457484    0.441709  0.00328778
           1     0.44195     0.44195           0
           2    0.438844    0.440397  0.00155311
           3    0.408311    0.429702   0.0107327
           4    0.424246    0.428338   0.0077107
           5    0.419693    0.426609  0.00621791
           6    0.435821    0.428144    0.005304
           7    0.458726    0.432513  0.00625948
           8    0.425315    0.431613  0.00549504
           9    0.481591    0.437166  0.00737037
          10    0.448026    0.438252  0.00668111
          11    0.442516     0.43864   0.0060557
          12     0.44053    0.438797  0.00553032
          13    0.474206    0.441521  0.00577042
          14    0.431872    0.440832  0.00538664
          15    0.425335    0.439799     0.00512
          16     0.40273    0.437482  0.00532025
          17     0.46072    0.438849  0.00518109
          18    0.440268    0.438928  0.00488541
          19    0.451458    0.439587  0.00466796
          20    0.470028    0.441109  0.00468268
          21    0.468347    0.442406  0.00463912
          22    0.445052    0.442527  0.00442486
          23    0.440711    0.442448  0.00422884
          24     0.42473    0.441709  0.00411555
          25    0.442607    0.441745  0.00394766
          26    0.436568    0.441546  0.00379802
          27    0.436325    0.441353  0.00365976
          28    0.453839    0.441799  0.00355471
          29    0.444853    0.441904  0.00343156
          30     0.45783    0.442435  0.00335744
           1    0.440447    0.440447           0
           2    0.447463    0.443955  0.00350825
           3    0.430184    0.439364  0.00501742
           4    0.442388     0.44012  0.00362749
           5    0.422265    0.436549  0.00454399
           6    0.450451    0.438866  0.00437415
           7     0.43643    0.438518  0.00371317
           8    0.451536    0.440145  0.00360396
           9    0.435092    0.439584  0.00322762
          10    0.477201    0.443346  0.00474177
          11    0.440796    0.443114  0.00429535
          12    0.428287    0.441878  0.00411117
          13    0.398835    0.438567  0.00502634
          14    0.440536    0.438708  0.00465561
          15    0.433147    0.438337  0.00434997
          16    0.437643    0.438294  0.00406925
          17    0.447588     0.43884  0.00386129
          18    0.456797    0.439838  0.00377468
          19    0.452644    0.440512  0.00363354
          20     0.42711    0.439842  0.00351161
          21    0.439806     0.43984  0.00334021
          22     0.43877    0.439792  0.00318513
          23    0.435599    0.439609  0.00304895
          24    0.439982    0.439625  0.00291919
          25    0.433533    0.439381  0.00281057
          26    0.419236    0.438606  0.00280927
          27    0.437348     0.43856  0.00270362
          28    0.424062    0.438042  0.00265623
          29    0.435664     0.43796  0.00256431
          30    0.463016    0.438795  0.00261436
           1    0.439026    0.439026           0
           2    0.450298    0.444662  0.00563606
           3    0.437505    0.442276  0.00403486
           4    0.438876    0.441426  0.00297702
           5    0.441473    0.441436  0.00230601
           6    0.429246    0.439404   0.0027699
           7    0.440805    0.439604  0.00234954
           8    0.446765    0.440499  0.00222295
           9    0.423191    0.438576  0.00274628
          10    0.443739    0.439092  0.00251001
          11    0.445527    0.439677  0.00234455
          12    0.443181    0.439969  0.00216009
          13    0.417133    0.438213  0.00265215
          14    0.432893    0.437833  0.00248464
          15    0.433893     0.43757  0.00232794
          16     0.44141     0.43781  0.00219077
          17     0.44271    0.438098  0.00207796
          18     0.42738    0.437503   0.0020476
          19    0.429357    0.437074  0.00198372
          20    0.470147    0.438728  0.00250521
          21    0.444618    0.439008  0.00239938
          22    0.453813    0.439681  0.00238465
          23    0.444063    0.439872  0.00228656
          24    0.445247    0.440096  0.00220065
          25    0.452939    0.440609   0.0021724
          26    0.442911    0.440698  0.00208905
          27    0.469807    0.441776  0.00228106
          28    0.421471    0.441051  0.00231462
          29    0.435384    0.440856  0.00224191
          30    0.426244    0.440368  0.00221998
           1    0.435775    0.435775           0
           2    0.432746     0.43426  0.00151468
           3    0.437821    0.435447   0.0014742
           4    0.454773    0.440279  0.00494264
           5    0.435195    0.439262  0.00396127
           6    0.438645    0.439159  0.00323599
           7    0.459224    0.442026   0.0039618
           8    0.465176    0.444919  0.00448844
           9    0.465099    0.447162  0.00454935
          10    0.455057    0.447951  0.00414495
          11    0.443877    0.447581   0.0037675
          12    0.438158    0.446796  0.00352774
          13    0.427471    0.445309  0.00356931
          14     0.44081    0.444988  0.00332013
          15    0.437656    0.444499  0.00312928
          16    0.456451    0.445246  0.00302099
          17    0.448015    0.445409  0.00284239
          18    0.437603    0.444975   0.0027147
          19    0.440538    0.444742  0.00257844
          20    0.457207    0.445365  0.00252428
          21    0.450505     0.44561  0.00241352
          22    0.421719    0.444524  0.00254455
          23    0.434133    0.444072  0.00247302
          24    0.435142      0.4437  0.00239679
          25    0.437282    0.443443  0.00231321
          26    0.444334    0.443477  0.00222273
          27    0.442493    0.443441  0.00213913
          28    0.443502    0.443443  0.00206132
          29    0.438587    0.443276    0.001996
          30    0.425695     0.44269   0.0020154
           1    0.424733    0.424733           0
           2     0.42877    0.426752  0.00201828
           3    0.444239    0.432581  0.00594441
           4    0.420191    0.429483  0.00522136
           5    0.430659    0.429718  0.00405128
           6    0.440498    0.431515  0.00376423
           7    0.438558    0.432521  0.00333665
           8     0.43087    0.432315  0.00289698
           9     0.43847    0.432999  0.00264485
          10    0.461053    0.435804  0.00366967
          11    0.425113    0.434832   0.0034587
          12    0.436102    0.434938  0.00315912
          13    0.426978    0.434326  0.00296978
          14    0.433532    0.434269  0.00275006
          15    0.432927    0.434179  0.00256173
          16    0.426129    0.433676  0.00244854
          17    0.451189    0.434706  0.00252016
          18    0.446224    0.435346  0.00246068
          19    0.423385    0.434717  0.00241121
          20    0.438672    0.434915  0.00229601
          21    0.448542    0.435563  0.00227831
          22    0.427109    0.435179  0.00220601
          23    0.453508    0.435976  0.00225352
          24     0.44768    0.436464  0.00221201
          25    0.439868      0.4366  0.00212605
          26    0.423709    0.436104  0.00210195
          27    0.432884    0.435985  0.00202612
          28    0.453942    0.436626  0.00205505
          29    0.437738    0.436665  0.00198329
          30    0.432214    0.436516  0.00192178
           1    0.456117    0.456117           0
           2    0.434546    0.445331   0.0107857
           3    0.460172    0.450278  0.00795297
           4    0.418961    0.442449  0.00963975
           5    0.440797    0.442119  0.00747422
           6     0.43835     0.44149  0.00613492
           7    0.429083    0.439718  0.00547953
           8    0.434112    0.439017  0.00479686
           9    0.430941     0.43812  0.00432455
          10    0.417468    0.436055   0.0043848
          11    0.412966    0.433956  0.00448738
          12    0.430784    0.433691  0.00410492
          13    0.441142    0.434265  0.00381923
          14    0.410997    0.432603  0.00390703
          15    0.407891    0.430955  0.00399295
          16    0.433883    0.431138  0.00373954
          17    0.433334    0.431267  0.00351506
          18     0.42907    0.431145  0.00331628
          19    0.427018    0.430928   0.0031444
          20    0.442536    0.431508  0.00303898
          21    0.436976    0.431769  0.00290235
          22    0.434038    0.431872  0.00276921
          23     0.42071    0.431387   0.0026902
          24    0.436177    0.431586   0.0025834
          25    0.443189     0.43205  0.00252099
          26    0.436868    0.432236  0.00242917
          27    0.438614    0.432472  0.00234938
          28    0.438475    0.432686  0.00227404
          29    0.434825     0.43276  0.00219547
          30    0.444187    0.433141  0.00215495
           1    0.434421    0.434421           0
           2     0.43267    0.433545 0.000875491
           3    0.428078    0.431723  0.00189116
           4    0.431389    0.431639  0.00133986
           5    0.416068    0.428525  0.00328259
           6    0.448994    0.431937   0.0043384
           7    0.432906    0.432075  0.00366923
           8     0.44545    0.433747   0.0035906
           9    0.435038     0.43389  0.00316986
          10    0.422982    0.432799  0.00303783
          11    0.435189    0.433017  0.00275639
          12    0.429126    0.432692  0.00253703
          13    0.439417     0.43321  0.00239038
          14    0.449271    0.434357  0.00249273
          15    0.427324    0.433888  0.00236749
          16    0.428995    0.433582   0.0022356
          17    0.424827    0.433067  0.00216222
          18    0.447652    0.433878  0.00219368
          19    0.446832    0.434559  0.00218416
          20    0.447434    0.435203  0.00216976
          21    0.414845    0.434234  0.00228019
          22    0.439286    0.434463  0.00218617
          23    0.435031    0.434488  0.00208911
          24    0.455698    0.435372  0.00218671
          25     0.43387    0.435312  0.00209828
          26    0.407396    0.434238  0.00228404
          27    0.443327    0.434575  0.00222345
          28    0.425446    0.434249  0.00216723
          29    0.427552    0.434018  0.00210388
          30    0.456951    0.434782  0.00217154
           1    0.429887    0.429887           0
           2    0.419438    0.424662  0.00522424
           3    0.425454    0.424926  0.00302774
           4    0.419537    0.423579  0.00252961
           5    0.420741    0.423011  0.00203995
           6    0.431821     0.42448  0.00222041
           7    0.435141    0.426003  0.00241686
           8    0.420031    0.425256  0.00222217
           9     0.43435    0.426267  0.00220491
          10    0.423752    0.426015   0.0019881
          11      0.4278    0.426178  0.00180561
          12    0.419288    0.425603  0.00174543
          13    0.454618    0.427835  0.00274942
          14    0.419475    0.427238  0.00261458
          15    0.421491    0.426855  0.00246401
          16    0.424974    0.426737  0.00230787
          17    0.419431    0.426308  0.00221005
          18    0.438025    0.426959  0.00218298
          19    0.423245    0.426763  0.00207412
          20    0.429401    0.426895   0.0019721
          21    0.420646    0.426598  0.00189929
          22    0.423487    0.426456  0.00181642
          23    0.427355    0.426495  0.00173608
          24    0.427955    0.426556  0.00166329
          25    0.456684    0.427761  0.00199937
          26     0.41411    0.427236  0.00199139
          27    0.446899    0.427964  0.00204993
          28    0.419976    0.427679  0.00199586
          29    0.436012    0.427966  0.00194713
          30    0.426695    0.427924  0.00188158
           1    0.434731    0.434731           0
           2    0.429279    0.432005  0.00272569
           3     0.43614    0.433383  0.00209189
           4     0.42587    0.431505  0.00239088
           5    0.436269    0.432458  0.00208269
           6    0.421327    0.430602  0.00251659
           7    0.427624    0.430177  0.00216904
           8    0.423405    0.429331  0.00206034
           9    0.430284    0.429436  0.00182014
          10    0.415538    0.428047  0.00214058
          11    0.423892    0.427669  0.00197271
          12     0.42973    0.427841  0.00180901
          13    0.426868    0.427766  0.00166572
          14    0.417298    0.427018  0.00171385
          15    0.428366    0.427108  0.00159804
          16    0.405767    0.425774  0.00200338
          17    0.413526    0.425054  0.00201506
          18    0.431942    0.425436  0.00193798
          19     0.42485    0.425406   0.0018334
          20    0.422712    0.425271  0.00174452
          21     0.43069    0.425529  0.00167932
          22    0.425794    0.425541  0.00160121
          23    0.430666    0.425764  0.00154615
          24    0.447081    0.426652  0.00172635
          25    0.424029    0.426547  0.00165917
          26    0.421583    0.426356  0.00160547
          27    0.432574    0.426586  0.00156194
          28     0.42087    0.426382  0.00151891
          29    0.435305     0.42669  0.00149754
          30    0.424923    0.426631  0.00144796
           1    0.421155    0.421155           0
           2    0.415397    0.418276  0.00287897
           3    0.412501    0.416351  0.00254327
           4    0.434158    0.420803  0.00480118
           5    0.436303    0.423903  0.00484164
           6    0.415541    0.422509  0.00419168
           7    0.414922    0.421425   0.0037047
           8    0.411691    0.420209  0.00343134
           9    0.408059    0.418859   0.0033136
          10    0.410678    0.418041   0.0030746
          11    0.421675    0.418371  0.00280063
          12    0.408265    0.417529  0.00269176
          13    0.412707    0.417158  0.00250369
          14     0.43542    0.418462  0.00265981
          15    0.426617    0.419006  0.00253513
          16    0.412928    0.418626  0.00240162
          17    0.412628    0.418273  0.00228336
          18    0.423877    0.418585  0.00217516
          19    0.422643    0.418798  0.00206855
          20    0.437909    0.419754  0.00218267
          21    0.410985    0.419336  0.00211771
          22    0.424043     0.41955  0.00203046
          23    0.423759    0.419733  0.00194878
          24    0.416943    0.419617  0.00186943
          25     0.41829    0.419564  0.00179388
          26    0.414253     0.41936  0.00173557
          27    0.420838    0.419414  0.00167095
          28    0.424761    0.419605  0.00162145
          29    0.417855    0.419545   0.0015657
          30    0.415417    0.419407  0.00151886
           1    0.417472    0.417472           0
           2    0.411125    0.414299  0.00317339
           3    0.400672    0.409756   0.0048979
           4    0.413414    0.410671  0.00358203
           5    0.405741    0.409685  0.00294458
           6    0.431229    0.413275  0.00432126
           7    0.406205    0.412265  0.00378922
           8    0.400182    0.410755   0.0036125
           9    0.413792    0.411092  0.00320375
          10    0.399548    0.409938  0.00308934
          11    0.413086    0.410224  0.00280902
          12    0.418094     0.41088  0.00264681
          13    0.416424    0.411306  0.00247178
          14    0.410481    0.411247  0.00228918
          15    0.414486    0.411463  0.00214203
          16    0.416612    0.411785  0.00202936
          17    0.430893    0.412909  0.00221294
          18    0.400827    0.412238  0.00219169
          19    0.425057    0.412913  0.00218016
          20    0.431692    0.413852  0.00227144
          21    0.418356    0.414066  0.00217119
          22    0.405079    0.413658  0.00211007
          23    0.422815    0.414056  0.00205517
          24    0.422597    0.414412   0.0019996
          25    0.416422    0.414492  0.00191964
          26    0.414345    0.414486  0.00184434
          27    0.416922    0.414577    0.001777
          28    0.402713    0.414153    0.001764
          29    0.408268     0.41395  0.00171414
          30    0.405355    0.413663  0.00168062
           1    0.419875    0.419875           0
           2    0.408105     0.41399  0.00588509
           3    0.399926    0.409302  0.00578992
           4    0.407109    0.408754  0.00413064
           5     0.40114    0.407231  0.00354347
           6    0.410869    0.407837   0.0029561
           7    0.411979    0.408429  0.00256747
           8    0.418204    0.409651  0.00253709
           9    0.418297    0.410612    0.002435
          10    0.406793     0.41023  0.00221115
          11    0.416766    0.410824  0.00208647
          12    0.426033    0.412091   0.0022878
          13     0.41219    0.412099  0.00210449
          14    0.406948    0.411731  0.00198281
          15    0.405352    0.411306  0.00189425
          16    0.400867    0.410653  0.00188821
          17    0.426115    0.411563  0.00199327
          18    0.400503    0.410948  0.00197717
          19    0.416324    0.411231   0.0018915
          20    0.400746    0.410707  0.00186945
          21    0.421826    0.411237  0.00185536
          22    0.403725    0.410895  0.00180166
          23    0.411742    0.410932  0.00172194
          24    0.400931    0.410515  0.00170048
          25    0.408752    0.410445  0.00163256
          26    0.414517    0.410601  0.00157632
          27    0.423719    0.411087  0.00159272
          28     0.40744    0.410957   0.0015403
          29    0.400342    0.410591  0.00153064
          30    0.414997    0.410738  0.00148602
           1    0.401347    0.401347           0
           2    0.394697    0.398022  0.00332508
           3    0.408521    0.401522   0.0039916
           4    0.404683    0.402312  0.00293103
           5    0.399655    0.401781  0.00233174
           6    0.413104    0.403668  0.00268075
           7    0.408009    0.404288  0.00234897
           8    0.391256    0.402659  0.00260617
           9    0.412604    0.403764  0.00255026
          10    0.401598    0.403548  0.00229128
          11    0.393731    0.402655  0.00225651
          12    0.396563    0.402147  0.00212154
          13    0.398351    0.401855  0.00197326
          14    0.409684    0.402415  0.00191054
          15    0.398215    0.402135  0.00180052
          16    0.411707    0.402733  0.00178732
          17    0.399554    0.402546  0.00168928
          18     0.40616    0.402747  0.00160527
          19    0.413447     0.40331  0.00161951
          20    0.391165    0.402703  0.00165206
          21    0.405113    0.402817  0.00157561
          22    0.417461    0.403483  0.00164314
          23    0.399754    0.403321  0.00157843
          24    0.393713    0.402921  0.00156335
          25    0.389665     0.40239   0.0015905
          26    0.402822    0.402407  0.00152819
          27    0.403292     0.40244  0.00147087
          28    0.403143    0.402465  0.00141758
          29    0.396225     0.40225  0.00138465
          30    0.400831    0.402202  0.00133854
           1    0.410019    0.410019           0
           2    0.386801     0.39841   0.0116088
           3    0.399617    0.398812  0.00671441
           4    0.400528    0.399241  0.00476714
           5    0.396799    0.398753  0.00372478
           6    0.401081    0.399141  0.00306592
           7    0.399887    0.399247  0.00259337
           8    0.399253    0.399248  0.00224592
           9    0.403925    0.399768  0.00204775
          10    0.403112    0.400102  0.00186184
          11     0.40357    0.400417  0.00171334
          12     0.39025     0.39957  0.00177881
          13    0.407859    0.400208  0.00175612
          14    0.396944    0.399975  0.00164248
          15    0.384176    0.398921   0.0018567
          16    0.401272    0.399068  0.00174299
          17    0.394355    0.398791  0.00166056
          18    0.397609    0.398725  0.00156697
          19    0.393979    0.398476  0.00150311
          20    0.399591    0.398531  0.00142707
          21    0.418646    0.399489  0.00166133
          22    0.409405     0.39994  0.00164688
          23    0.397366    0.399828  0.00157763
          24    0.402998     0.39996  0.00151623
          25    0.388866    0.399516  0.00152051
          26    0.400261    0.399545  0.00146114
          27    0.388065     0.39912  0.00146887
          28    0.390907    0.398826  0.00144551
          29    0.399157    0.398838  0.00139482
          30    0.399958    0.398875  0.00134804
           1    0.384081    0.384081           0
           2    0.380243    0.382162  0.00191909
           3    0.400616    0.388313  0.00625025
           4    0.388177    0.388279  0.00441972
           5    0.386625    0.387949  0.00343945
           6    0.374643    0.385731  0.00357831
           7    0.398506    0.387556   0.0035322
           8    0.407346     0.39003  0.00393404
           9    0.400921     0.39124  0.00367449
          10    0.399077    0.392024  0.00337872
          11    0.400396    0.392785  0.00314951
          12    0.395121    0.392979  0.00288168
          13    0.393279    0.393002  0.00265086
          14    0.390155    0.392799  0.00246263
          15    0.385652    0.392323  0.00234157
          16     0.38319    0.391752  0.00226348
          17    0.395633     0.39198  0.00213839
          18    0.378632    0.391238  0.00214816
          19    0.387705    0.391052  0.00204045
          20     0.38023    0.390511  0.00200995
          21    0.389684    0.390472  0.00191225
          22    0.390632    0.390479  0.00182327
          23    0.388224    0.390381  0.00174495
          24    0.398925    0.390737  0.00170818
          25    0.389324    0.390681   0.0016394
          26    0.394623    0.390832  0.00158237
          27    0.388953    0.390763  0.00152422
          28     0.39026    0.390745  0.00146889
          29    0.396137    0.390931  0.00142948
          30    0.382823     0.39066   0.0014072
           1    0.394325    0.394325           0
           2    0.393216    0.393771 0.000554491
           3    0.369004    0.385515  0.00826173
           4    0.386543    0.385772  0.00584757
           5    0.390643    0.386746  0.00463307
           6    0.392214    0.387658  0.00389109
           7    0.383978    0.387132  0.00333033
           8    0.384498    0.386803  0.00290288
           9    0.384686    0.386568  0.00257088
          10    0.389003    0.386811  0.00231233
          11    0.396495    0.387691   0.0022693
          12    0.392435    0.388087  0.00210897
          13    0.386561    0.387969  0.00194351
          14    0.384522    0.387723  0.00181611
          15    0.383222    0.387423  0.00171714
          16    0.383498    0.387178  0.00162486
          17      0.3832    0.386944  0.00154412
          18    0.380108    0.386564  0.00150453
          19    0.376595    0.386039  0.00151679
          20    0.383731    0.385924  0.00144357
          21    0.389252    0.386082  0.00138222
          22    0.386277    0.386091  0.00131793
          23    0.385701    0.386074  0.00125944
          24    0.388811    0.386188   0.0012112
          25    0.375299    0.385753  0.00124071
          26    0.389874    0.385911  0.00120252
          27     0.37589     0.38554   0.0012152
          28    0.385403    0.385535  0.00117101
          29     0.38162      0.3854  0.00113794
          30    0.391705     0.38561  0.00111927
           1    0.373426    0.373426           0
           2    0.377945    0.375686  0.00225979
           3    0.378294    0.376555  0.00156794
           4    0.375881    0.376387  0.00112145
           5     0.38002    0.377113  0.00113258
           6    0.385034    0.378433  0.00161183
           7    0.381488     0.37887  0.00143044
           8    0.375114      0.3784  0.00132475
           9    0.378578     0.37842  0.00116849
          10    0.383447    0.378923  0.00115972
          11    0.380473    0.379064  0.00105843
          12    0.371606    0.378442  0.00114881
          13    0.379846     0.37855  0.00106225
          14    0.374556    0.378265    0.001024
          15    0.368215    0.377595   0.0011652
          16    0.377368    0.377581  0.00109004
          17    0.382411    0.377865  0.00106261
          18    0.376264    0.377776  0.00100578
          19    0.373813    0.377567 0.000973973
          20     0.37981     0.37768 0.000930774
          21    0.373409    0.377476 0.000908393
          22    0.376033    0.377411 0.000868598
          23       0.384    0.377697 0.000878026
          24    0.375194    0.377593 0.000847092
          25    0.377203    0.377577 0.000812652
          26    0.360417    0.376917  0.00102236
          27    0.382407    0.377121  0.00100456
          28     0.38603    0.377439  0.00101898
          29    0.382874    0.377626  0.00100091
          30     0.38213    0.377776 0.000978561
           1    0.372747    0.372747           0
           2    0.361136    0.366942  0.00580528
           3    0.364796    0.366226  0.00342714
           4    0.363767    0.365611  0.00250014
           5    0.372435    0.366976  0.00236911
           6    0.366554    0.366906  0.00193565
           7    0.364706    0.366592  0.00166582
           8     0.37966    0.368225   0.0021794
           9    0.377671    0.369275  0.00218994
          10     0.37507    0.369854  0.00204268
          11    0.368987    0.369775  0.00184936
          12    0.370364    0.369824  0.00168894
          13    0.374478    0.370182  0.00159431
          14    0.367743    0.370008   0.0014863
          15    0.364259    0.369625  0.00143577
          16    0.374763    0.369946   0.0013809
          17    0.364977    0.369654  0.00132965
          18    0.373299    0.369856  0.00126986
          19    0.374775    0.370115  0.00122875
          20    0.376587    0.370439  0.00120977
          21    0.382342    0.371005  0.00128275
          22    0.364363    0.370704  0.00125977
          23    0.373482    0.370824  0.00120979
          24    0.364818    0.370574  0.00118502
          25    0.357769    0.370062  0.00124671
          26    0.375302    0.370263  0.00121464
          27    0.371674    0.370316  0.00116995
          28    0.378321    0.370602  0.00116308
          29    0.371163    0.370621  0.00112243
          30    0.360579    0.370286  0.00113485
           1    0.373875    0.373875           0
           2    0.354784    0.364329  0.00954539
           3    0.359898    0.362852  0.00570552
           4    0.358156    0.361678  0.00420176
           5    0.358695    0.361082  0.00330889
           6    0.364496    0.361651  0.00276097
           7    0.360887    0.361542  0.00233599
           8    0.368804    0.362449   0.0022174
           9    0.365361    0.362773  0.00198213
          10    0.364637    0.362959  0.00178265
          11    0.358305    0.362536  0.00166707
          12    0.362476    0.362531  0.00152183
          13    0.356692    0.362082  0.00147016
          14    0.360806    0.361991  0.00136416
          15    0.360877    0.361917  0.00127213
          16     0.36176    0.361907  0.00119001
          17    0.369299    0.362342  0.00119941
          18     0.36409    0.362439  0.00113498
          19    0.366054    0.362629  0.00109032
          20    0.358645     0.36243  0.00105338
          21    0.366538    0.362626  0.00102088
          22    0.373337    0.363112  0.00108834
          23    0.347849    0.362449  0.00123366
          24    0.361156    0.362395  0.00118236
          25    0.360563    0.362322  0.00113645
          26    0.373957    0.362769  0.00118001
          27    0.367325    0.362938  0.00114793
          28    0.372289    0.363272  0.00115549
          29    0.366999      0.3634  0.00112232
          30    0.368077    0.363556  0.00109541
           1    0.358377    0.358377           0
           2    0.357638    0.358007 0.000369667
           3    0.359241    0.358418 0.000463232
           4    0.359978    0.358808 0.000509274
           5    0.346972    0.356441  0.00239989
           6     0.35474    0.356158  0.00197991
           7    0.360658      0.3568  0.00179257
           8    0.348477     0.35576   0.0018688
           9    0.357458    0.355949   0.0016589
          10    0.360637    0.356418  0.00155607
          11    0.346324      0.3555   0.0016802
          12    0.358906    0.355784  0.00155985
          13    0.353271     0.35559  0.00144782
          14    0.363985     0.35619  0.00146842
          15    0.351944    0.355907  0.00139602
          16    0.354199      0.3558  0.00131022
          17    0.355774    0.355799  0.00123073
          18    0.358845    0.355968  0.00117262
          19    0.362634    0.356319  0.00116336
          20     0.36696    0.356851  0.00122521
          21    0.356049    0.356813  0.00116604
          22    0.356205    0.356785  0.00111212
          23    0.356376    0.356767  0.00106281
          24    0.353294    0.356623   0.0010278
          25     0.36661    0.357022  0.00106371
          26    0.362929    0.357249  0.00104693
          27    0.366681    0.357599  0.00106626
          28    0.353248    0.357443  0.00103915
          29    0.361461    0.357582  0.00101221
          30    0.351778    0.357388 0.000996838
           1    0.347243    0.347243           0
           2       0.356    0.351621  0.00437856
           3    0.351764    0.351669  0.00252841
           4    0.350276    0.351321  0.00182145
           5    0.352948    0.351646  0.00144792
           6    0.343195    0.350238  0.00183891
           7    0.351591    0.350431  0.00156615
           8    0.349793    0.350351  0.00135867
           9    0.349904    0.350301  0.00119927
          10    0.348156    0.350087   0.0010939
          11    0.352943    0.350347  0.00102298
          12    0.359405    0.351101  0.00120077
          13    0.347431    0.350819  0.00114006
          14    0.347479     0.35058  0.00108212
          15    0.351875    0.350667  0.00101109
          16    0.353398    0.350837 0.000961066
          17    0.343775    0.350422  0.00099376
          18    0.346445    0.350201 0.000962621
          19    0.338131    0.349566  0.00111024
          20    0.349496    0.349562  0.00105327
          21    0.348252      0.3495  0.00100381
          22     0.35861    0.349914  0.00104283
          23    0.349301    0.349887 0.000996814
          24    0.346692    0.349754  0.00096362
          25    0.346235    0.349614 0.000934928
          26    0.346282    0.349485 0.000907345
          27    0.350737    0.349532 0.000874323
          28    0.346943    0.349439 0.000847575
          29    0.353762    0.349588 0.000831302
          30    0.351542    0.349653  0.00080575
           1    0.348949    0.348949           0
           2    0.333302    0.341125  0.00782344
           3    0.339074    0.340441  0.00456835
           4    0.353301    0.343656  0.00455738
           5    0.350575     0.34504  0.00379162
           6    0.338338    0.343923  0.00329118
           7    0.354695    0.345462  0.00317887
           8    0.350855    0.346136  0.00283434
           9    0.348979    0.346452  0.00251954
          10    0.344183    0.346225  0.00226493
          11    0.343356    0.345964  0.00206524
          12    0.349214    0.346235  0.00190465
          13    0.339301    0.345702  0.00183141
          14    0.340659    0.345342  0.00173339
          15     0.33355    0.344555  0.00179498
          16    0.338382     0.34417   0.0017228
          17    0.340476    0.343952  0.00163281
          18    0.348746    0.344219   0.0015623
          19    0.345801    0.344302  0.00148013
          20    0.345323    0.344353   0.0014051
          21     0.34511    0.344389    0.001337
          22    0.351596    0.344717   0.0013162
          23    0.333869    0.344245   0.0013432
          24    0.342486    0.344172   0.0012881
          25    0.346214    0.344253   0.0012382
          26    0.356938    0.344741  0.00128578
          27    0.351867    0.345005  0.00126507
          28    0.348143    0.345117  0.00122419
          29    0.342529    0.345028  0.00118459
          30    0.346061    0.345062  0.00114494
           1    0.323436    0.323436           0
           2    0.330899    0.327167  0.00373122
           3    0.340968    0.331768  0.00507973
           4    0.333989    0.332323   0.0036346
           5    0.342642    0.334387   0.0034908
           6    0.327552    0.333248  0.00306945
           7    0.344088    0.334796  0.00302123
           8    0.344937    0.336064  0.00290737
           9    0.350293    0.337645  0.00301232
          10    0.348001    0.338681  0.00288648
          11    0.339672    0.338771  0.00261247
          12    0.334126    0.338384  0.00241606
          13    0.338111    0.338363  0.00222255
          14    0.335967    0.338192  0.00206478
          15    0.338105    0.338186  0.00192221
          16    0.336859    0.338103  0.00179998
          17    0.339704    0.338197  0.00169341
          18    0.342661    0.338445  0.00161571
          19    0.336718    0.338354  0.00153101
          20    0.338015    0.338337  0.00145254
          21    0.336444    0.338247  0.00138458
          22    0.340623    0.338355  0.00132455
          23    0.341716    0.338501  0.00127406
          24    0.338569    0.338504  0.00121982
          25    0.331127    0.338209  0.00120665
          26    0.342888    0.338389   0.0011732
          27    0.335252    0.338273  0.00113487
          28    0.333548    0.338104  0.00110654
          29    0.336149    0.338037  0.00106982
          30    0.334603    0.337922  0.00103987
           1    0.330764    0.330764           0
           2    0.322104    0.326434  0.00432986
           3    0.326504    0.326457  0.00249996
           4    0.339385    0.329689  0.00368378
           5    0.333873    0.330526  0.00297358
           6    0.329598    0.330371  0.00243283
           7    0.329854    0.330297  0.00205744
           8    0.330072    0.330269  0.00178202
           9    0.330502    0.330295  0.00157181
          10    0.337762    0.331042  0.00159187
          11    0.317209    0.329784   0.0019117
          12    0.329653    0.329773  0.00174517
          13    0.326496    0.329521    0.001625
          14    0.335907    0.329977  0.00157207
          15    0.329612    0.329953  0.00146372
          16    0.331637    0.330058  0.00137322
          17    0.325419    0.329785  0.00131847
          18    0.319436     0.32921   0.0013696
          19    0.329775     0.32924  0.00129585
          20    0.328357    0.329196  0.00123015
          21    0.329953    0.329232  0.00117066
          22    0.333127    0.329409  0.00113013
          23    0.325603    0.329244  0.00109249
          24    0.327012    0.329151   0.0010501
          25    0.324546    0.328966  0.00102392
          26    0.324984    0.328813  0.00099561
          27    0.329115    0.328824 0.000958091
          28    0.336131    0.329085 0.000959412
          29    0.334951    0.329288  0.00094758
          30     0.33734    0.329556  0.00095399
           1    0.321561    0.321561           0
           2    0.328346    0.324954  0.00339267
           3    0.333084    0.327664  0.00334385
           4    0.327577    0.327642  0.00236456
           5    0.324745    0.327063  0.00192105
           6    0.324057    0.326562  0.00164657
           7    0.326629    0.326571  0.00139164
           8    0.319766    0.325721  0.00147518
           9    0.324682    0.325605   0.0013061
          10    0.329871    0.326032  0.00124364
          11    0.320079    0.325491   0.0012483
          12      0.3185    0.324908  0.00127979
          13    0.320819    0.324594  0.00121854
          14    0.327345     0.32479  0.00114514
          15    0.324936      0.3248  0.00106611
          16    0.326625    0.324914  0.00100376
          17    0.325281    0.324935 0.000943116
          18     0.32424    0.324897 0.000890016
          19    0.321899    0.324739 0.000856525
          20    0.324086    0.324706 0.000813227
          21    0.324666    0.324704 0.000773535
          22    0.323046    0.324629 0.000741381
          23    0.328872    0.324814 0.000732034
          24    0.321234    0.324664 0.000716568
          25    0.330819    0.324911 0.000730063
          26     0.32877    0.325059 0.000716955
          27     0.32774    0.325158 0.000696997
          28    0.329885    0.325327 0.000692536
          29    0.321544    0.325197 0.000680841
          30    0.323232    0.325131 0.000661006
           1     0.31573     0.31573           0
           2     0.31683     0.31628 0.000550356
           3    0.321458    0.318006  0.00175496
           4    0.317328    0.317837  0.00125247
           5    0.315091    0.317287  0.00111478
           6    0.315464    0.316983 0.000959633
           7    0.317974    0.317125 0.000823284
           8    0.314658    0.316816 0.000776824
           9    0.313849    0.316487 0.000760311
          10    0.318304    0.316668 0.000703902
          11    0.310476    0.316106 0.000849865
          12    0.317796    0.316246 0.000788502
          13    0.315636      0.3162 0.000726833
          14    0.318828    0.316387 0.000698608
          15    0.314176     0.31624 0.000666871
          16    0.317615    0.316326 0.000629696
          17    0.319052    0.316486 0.000612843
          18    0.317448     0.31654 0.000580262
          19    0.318642     0.31665 0.000559912
          20    0.315237     0.31658 0.000535859
          21    0.321949    0.316835 0.000570241
          22    0.326576    0.317278 0.000701179
          23    0.316413     0.31724 0.000671054
          24    0.314955    0.317145 0.000649506
          25    0.317482    0.317159  0.00062313
          26    0.322901    0.317379 0.000638117
          27    0.318257    0.317412 0.000614889
          28    0.313243    0.317263 0.000610941
          29    0.309898    0.317009 0.000641881
          30     0.32233    0.317186 0.000644981
           1    0.302228    0.302228           0
           2    0.306949    0.304589  0.00236048
           3    0.305713    0.304964  0.00141345
           4    0.311369    0.306565  0.00188759
           5    0.316336    0.308519  0.00244061
           6    0.321824    0.310737  0.00298137
           7    0.308536    0.310422  0.00253925
           8    0.309192    0.310268  0.00220443
           9    0.308912    0.310118  0.00194995
          10    0.309375    0.310044  0.00174567
          11    0.307225    0.309787  0.00159967
          12    0.309238    0.309742  0.00146101
          13    0.303054    0.309227  0.00143902
          14    0.315268    0.309659  0.00140041
          15     0.31265    0.309858  0.00131887
          16    0.309281    0.309822  0.00123422
          17    0.309093    0.309779  0.00116014
          18     0.31178     0.30989  0.00109943
          19    0.317198    0.310275  0.00110881
          20    0.315478    0.310535   0.0010836
          21    0.306344    0.310335  0.00104985
          22    0.302427    0.309976  0.00106359
          23    0.308348    0.309905  0.00101876
          24    0.306995    0.309784 0.000982894
          25    0.305056    0.309595 0.000961539
          26    0.313045    0.309727 0.000933299
          27    0.315105    0.309927 0.000919884
          28    0.308112    0.309862 0.000888789
          29    0.311385    0.309914   0.0008592
          30    0.320392    0.310264 0.000900554
           1    0.298641    0.298641           0
           2    0.301795    0.300218  0.00157704
           3    0.302862    0.301099  0.00126725
           4    0.303944    0.301811  0.00114405
           5    0.310349    0.303518  0.00192389
           6    0.308588    0.304363  0.00178368
           7    0.312667     0.30555  0.00191824
           8    0.313985    0.306604  0.00196766
           9    0.300396    0.305914  0.00186739
          10    0.310021    0.306325     0.00172
          11    0.306155    0.306309  0.00155587
          12    0.306723    0.306344  0.00142073
          13    0.304554    0.306206  0.00131412
          14    0.306164    0.306203  0.00121664
          15     0.30354    0.306026  0.00114646
          16    0.305694    0.306005  0.00107261
          17    0.310289    0.306257  0.00103859
          18    0.305535    0.306217 0.000980011
          19    0.304122    0.306107 0.000933533
          20    0.306551    0.306129 0.000885905
          21    0.307806    0.306209 0.000846442
          22    0.300856    0.305965 0.000842931
          23    0.306768       0.306 0.000806204
          24    0.302521    0.305855 0.000785374
          25    0.308516    0.305962 0.000760786
          26    0.307421    0.306018  0.00073309
          27    0.312722    0.306266  0.00074784
          28    0.304047    0.306187 0.000724983
          29    0.297641    0.305892 0.000759071
          30    0.295897    0.305559 0.000805472
           1    0.309603    0.309603           0
           2    0.294402    0.302003  0.00760024
           3    0.305531    0.303179  0.00454291
           4    0.300268    0.302451  0.00329372
           5    0.299184    0.301798  0.00263367
           6     0.29743     0.30107  0.00227027
           7    0.294803    0.300174  0.00211731
           8    0.289748    0.298871  0.00224965
           9    0.301508    0.299164  0.00200552
          10    0.296874    0.298935  0.00180834
          11    0.300142    0.299045  0.00163938
          12    0.294905      0.2987  0.00153579
          13    0.301461    0.298912   0.0014286
          14    0.299049    0.298922  0.00132266
          15     0.30648    0.299426  0.00133044
          16    0.303024    0.299651  0.00126467
          17    0.297143    0.299503  0.00119707
          18    0.293056    0.299145  0.00118408
          19    0.301196    0.299253  0.00112522
          20    0.305055    0.299543  0.00110619
          21    0.301242    0.299624   0.0010553
          22    0.300344    0.299657  0.00100673
          23    0.297055    0.299544 0.000968587
          24    0.299199    0.299529 0.000927463
          25    0.291848    0.299222 0.000941154
          26    0.301314    0.299302 0.000907805
          27    0.297296    0.299228 0.000876691
          28    0.302715    0.299353  0.00085393
          29    0.299916    0.299372 0.000824187
          30    0.294569    0.299212 0.000812178
           1     0.29099     0.29099           0
           2    0.289937    0.290464  0.00052619
           3    0.289768    0.290232 0.000382123
           4    0.294626     0.29133   0.0011312
           5    0.295559    0.292176   0.0012178
           6    0.291957    0.292139 0.000995006
           7    0.297686    0.292932  0.00115539
           8    0.297803    0.293541  0.00117128
           9    0.298663     0.29411  0.00117938
          10    0.289745    0.293673  0.00114159
          11    0.289245    0.293271  0.00110832
          12    0.296048    0.293502   0.0010379
          13    0.284034    0.292774   0.0012008
          14    0.291249    0.292665  0.00111705
          15     0.29327    0.292705   0.0010407
          16    0.292703    0.292705 0.000973487
          17    0.296358     0.29292 0.000939335
          18    0.297959      0.2932 0.000928809
          19    0.293458    0.293214  0.00087867
          20    0.295925    0.293349 0.000844535
          21    0.294143    0.293387 0.000804203
          22    0.292081    0.293328 0.000769071
          23    0.297191    0.293496 0.000753822
          24    0.291886    0.293428 0.000724838
          25    0.295805    0.293524 0.000701708
          26    0.292851    0.293498 0.000674675
          27    0.295538    0.293573 0.000653589
          28    0.297766    0.293723 0.000647369
          29    0.291324     0.29364 0.000630102
          30    0.294883    0.293682 0.000610145
           1    0.291133    0.291133           0
           2     0.28248    0.286806  0.00432676
           3    0.282692    0.285435  0.00284974
           4     0.28676    0.285766   0.0020421
           5    0.290371    0.286687  0.00183033
           6    0.288478    0.286986  0.00152398
           7    0.288696     0.28723  0.00131098
           8    0.289175    0.287473  0.00116108
           9    0.285044    0.287203  0.00105894
          10    0.292161    0.287699  0.00106907
          11    0.286084    0.287552 0.000978098
          12    0.292248    0.287944 0.000974865
          13    0.286239    0.287812 0.000906281
          14    0.289119    0.287906 0.000844227
          15    0.287127    0.287854 0.000787645
          16    0.288609    0.287901 0.000738284
          17    0.291995    0.288142 0.000734129
          18    0.284741    0.287953 0.000717465
          19    0.283439    0.287715 0.000719042
          20    0.287171    0.287688 0.000682686
          21    0.280071    0.287325 0.000743805
          22    0.284556      0.2872 0.000720273
          23    0.294588    0.287521  0.00075952
          24    0.292847    0.287743 0.000760296
          25    0.282624    0.287538 0.000757453
          26    0.291929    0.287707 0.000747073
          27    0.282333    0.287508 0.000745914
          28    0.289321    0.287573  0.00072169
          29    0.291003    0.287691 0.000706336
          30    0.283438    0.287549 0.000696954
           1    0.276422    0.276422           0
           2    0.283391    0.279906  0.00348456
           3    0.282798     0.28087  0.00223079
           4    0.290822    0.283358  0.00294577
           5    0.279518     0.28259  0.00240756
           6     0.27617     0.28152  0.00223814
           7    0.277608    0.280961  0.00197238
           8     0.28587    0.281575  0.00181498
           9    0.271678    0.280475  0.00194203
          10    0.288789    0.281306  0.00192572
          11    0.279249    0.281119  0.00175189
          12    0.276995    0.280776  0.00163576
          13    0.276477    0.280445  0.00154058
          14    0.278317    0.280293  0.00143438
          15    0.279503     0.28024  0.00133638
          16    0.271806    0.279713  0.00135666
          17    0.282785    0.279894  0.00128711
          18    0.280465    0.279926  0.00121391
          19    0.281474    0.280007  0.00115114
          20    0.286441    0.280329  0.00113846
          21    0.282369    0.280426  0.00108724
          22    0.290081    0.280865   0.0011257
          23    0.283761    0.280991  0.00108299
          24    0.285606    0.281183  0.00105456
          25    0.285146    0.281342  0.00102385
          26    0.280559    0.281311 0.000984142
          27    0.278543    0.281209 0.000952525
          28    0.276637    0.281046 0.000932285
          29    0.287532    0.281269 0.000926954
          30    0.276111    0.281097 0.000911879
           1    0.275016    0.275016           0
           2    0.274851    0.274933 8.21814e-05
           3    0.277171    0.275679 0.000747372
           4    0.278838    0.276469 0.000950108
           5     0.27428    0.276031 0.000856364
           6    0.276312    0.276078 0.000700782
           7      0.2756     0.27601 0.000596189
           8    0.278613    0.276335 0.000610336
           9    0.273602    0.276031 0.000618021
          10    0.274387    0.275867 0.000576708
          11    0.278471    0.276104 0.000572849
          12    0.284215     0.27678 0.000854625
          13    0.275813    0.276705  0.00078965
          14    0.273577    0.276482 0.000764456
          15    0.268652     0.27596 0.000882595
          16    0.276921     0.27602 0.000827775
          17    0.269005    0.275607 0.000880256
          18    0.276155    0.275638 0.000830471
          19    0.280891    0.275914 0.000832792
          20     0.27772    0.276004 0.000795198
          21    0.274645     0.27594 0.000759149
          22     0.28061    0.276152 0.000754309
          23    0.278533    0.276256 0.000728162
          24    0.266994     0.27587 0.000796833
          25    0.282004    0.276115 0.000802723
          26    0.280635    0.276289 0.000790577
          27    0.276362    0.276292 0.000760738
          28    0.278181    0.276359 0.000736165
          29    0.277758    0.276407 0.000711963
          30    0.275509    0.276377 0.000688473
           1    0.273091    0.273091           0
           2    0.268751    0.270921  0.00216992
           3    0.271223    0.271022  0.00125683
           4    0.268959    0.270506  0.00102746
           5    0.266093    0.269623   0.0011884
           6    0.264963    0.268847   0.0012429
           7    0.269532    0.268945  0.00105499
           8    0.271993    0.269326 0.000989905
           9    0.269665    0.269363 0.000873827
          10    0.271368    0.269564 0.000806871
          11    0.271144    0.269707 0.000743839
          12    0.270243    0.269752 0.000680496
          13    0.270276    0.269792 0.000627263
          14    0.263986    0.269378  0.00071361
          15    0.269751    0.269403 0.000664801
          16    0.266286    0.269208 0.000651651
          17    0.276382     0.26963 0.000743493
          18    0.267749    0.269525 0.000708714
          19    0.275071    0.269817 0.000731166
          20    0.272566    0.269955 0.000707128
          21    0.273158    0.270107 0.000689694
          22    0.274152    0.270291 0.000682813
          23    0.271534    0.270345 0.000654686
          24    0.266088    0.270168 0.000651424
          25    0.269724     0.27015 0.000625075
          26    0.271232    0.270192 0.000601993
          27    0.265476    0.270017 0.000605029
          28     0.27275    0.270115 0.000591133
          29    0.271585    0.270165 0.000572633
          30    0.269953    0.270158 0.000553262
           1    0.266259    0.266259           0
           2    0.265527    0.265893 0.000366114
           3    0.264594     0.26546 0.000481625
           4    0.263722    0.265026 0.000551999
           5    0.266463    0.265313 0.000515258
           6    0.269441    0.266001 0.000806364
           7    0.270242    0.266607 0.000911835
           8    0.269013    0.266908 0.000845008
           9    0.263094    0.266484  0.00085725
          10    0.259555    0.265791  0.00103342
          11    0.264217    0.265648 0.000945645
          12    0.263101    0.265436 0.000888963
          13    0.259624    0.264989 0.000931938
          14    0.265432     0.26502 0.000863388
          15    0.263223      0.2649 0.000812656
          16    0.268464    0.265123 0.000792119
          17    0.271057    0.265472 0.000821861
          18    0.264251    0.265404 0.000777824
          19    0.263191    0.265288 0.000744917
          20    0.264728     0.26526 0.000707243
          21    0.268129    0.265396 0.000686453
          22    0.270516    0.265629 0.000694652
          23    0.264191    0.265567   0.0006667
          24    0.263164    0.265467 0.000646122
          25    0.266771    0.265519  0.00062193
          26    0.265031      0.2655 0.000597826
          27    0.264912    0.265478 0.000575671
          28    0.266687    0.265521 0.000556408
          29    0.261588    0.265386 0.000553747
          30    0.267183    0.265446 0.000538313
           1    0.261531    0.261531           0
           2    0.261647    0.261589 5.80214e-05
           3      0.2549    0.259359  0.00222969
           4    0.257355    0.258858  0.00165436
           5    0.252579    0.257602  0.00179425
           6    0.257893    0.257651  0.00146579
           7    0.260031    0.257991  0.00128463
           8      0.2589    0.258104  0.00111831
           9    0.262939    0.258641  0.00112306
          10    0.259108    0.258688  0.00100558
          11    0.258089    0.258634 0.000911207
          12    0.259258    0.258686  0.00083344
          13    0.253401    0.258279 0.000867759
          14    0.269537    0.259083   0.0011367
          15    0.259186     0.25909  0.00105823
          16    0.258771     0.25907 0.000990085
          17      0.2579    0.259001 0.000932565
          18    0.262633    0.259203 0.000902084
          19    0.258773     0.25918 0.000853587
          20    0.263546    0.259399 0.000838693
          21    0.256613    0.259266  0.00080871
          22    0.258049    0.259211 0.000773057
          23    0.257424    0.259133 0.000742758
          24     0.26161    0.259236 0.000718588
          25    0.260221    0.259276  0.00069037
          26    0.258032    0.259228 0.000665009
          27    0.263826    0.259398 0.000662177
          28    0.256989    0.259312 0.000643866
          29    0.262554    0.259424 0.000631243
          30    0.258328    0.259387 0.000610932
           1    0.253767    0.253767           0
           2    0.254197    0.253982 0.000214733
           3    0.254533    0.254166 0.000221513
           4     0.25647    0.254742 0.000596902
           5    0.257799    0.255353 0.000766582
           6    0.259056     0.25597 0.000879002
           7    0.255306    0.255875  0.00074893
           8    0.249281    0.255051   0.0010489
           9    0.258404    0.255424 0.000997249
          10    0.253159    0.255197 0.000920269
          11    0.255413    0.255217 0.000832645
          12    0.254173     0.25513 0.000765058
          13    0.250503    0.254774 0.000788643
          14    0.246263    0.254166 0.000950094
          15    0.255586    0.254261  0.00088954
          16    0.263192    0.254819  0.00100198
          17    0.251394    0.254617 0.000962518
          18    0.249818    0.254351 0.000945827
          19    0.252321    0.254244 0.000901017
          20    0.247314    0.253897 0.000922344
          21    0.255011     0.25395 0.000878925
          22    0.254106    0.253957 0.000838052
          23    0.253267    0.253927 0.000801349
          24    0.256954    0.254054 0.000777528
          25    0.251189    0.253939 0.000754527
          26     0.25635    0.254032 0.000730832
          27    0.258042     0.25418 0.000718754
          28    0.257708    0.254306 0.000703975
          29    0.253073    0.254264 0.000680596
          30    0.250734    0.254146 0.000667961
           1    0.248191    0.248191           0
           2    0.240988    0.244589  0.00360126
           3    0.242798    0.243992  0.00216325
           4    0.250572    0.245637  0.00224624
           5    0.249961    0.246502  0.00194297
           6    0.246283    0.246465  0.00158685
           7    0.250284    0.247011  0.00144786
           8     0.24775    0.247103  0.00125728
           9    0.247354    0.247131  0.00110917
          10     0.24685    0.247103 0.000992466
          11     0.24256     0.24669 0.000988162
          12    0.249312    0.246909 0.000928139
          13    0.245095    0.246769 0.000865092
          14    0.248537    0.246895 0.000810817
          15    0.250951    0.247166 0.000801787
          16    0.247239     0.24717 0.000750017
          17    0.248084    0.247224 0.000706566
          18    0.251919    0.247485 0.000715398
          19    0.248078    0.247516 0.000677417
          20    0.249963    0.247638 0.000654199
          21    0.250446    0.247772  0.00063647
          22    0.247282     0.24775  0.00060726
          23    0.252622    0.247962 0.000617712
          24    0.246904    0.247918 0.000593053
          25    0.245988     0.24784  0.00057405
          26    0.249568    0.247907 0.000555515
          27    0.245852    0.247831 0.000539936
          28    0.246113    0.247769 0.000523901
          29    0.241055    0.247538 0.000556011
          30    0.249447    0.247601 0.000540916
           1    0.247841    0.247841           0
           2    0.245244    0.246543  0.00129817
           3    0.240578    0.244555  0.00212464
           4    0.240273    0.243484  0.00184467
           5    0.247478    0.244283  0.00163695
           6    0.247221    0.244773  0.00142346
           7    0.242559    0.244456   0.0012439
           8    0.247484    0.244835  0.00114179
           9    0.239001    0.244187  0.00119759
          10    0.239796    0.243748  0.00115764
          11    0.246651    0.244012  0.00107989
          12    0.242473    0.243883 0.000994103
          13    0.250261    0.244374  0.00103774
          14    0.246083    0.244496 0.000968491
          15     0.24325    0.244413 0.000905435
          16    0.246999    0.244575 0.000862243
          17     0.23802    0.244189 0.000897034
          18    0.239649    0.243937 0.000882535
          19    0.250498    0.244282 0.000903403
          20    0.242574    0.244197  0.00086129
          21    0.244275      0.2442 0.000819258
          22    0.245279    0.244249 0.000782669
          23    0.246259    0.244337  0.00075295
          24    0.248405    0.244506  0.00074056
          25    0.243714    0.244475 0.000711026
          26    0.245627    0.244519 0.000684567
          27    0.247554    0.244631 0.000668248
          28    0.246834     0.24471 0.000648727
          29    0.248635    0.244845 0.000640424
          30    0.242064    0.244753 0.000625616
           1    0.242286    0.242286           0
           2    0.241133     0.24171  0.00057684
           3    0.235973    0.239797  0.00194107
           4    0.239986    0.239844  0.00137335
           5    0.237998    0.239475  0.00112607
           6    0.242949    0.240054  0.00108652
           7    0.238988    0.239902 0.000930822
           8    0.237164     0.23956  0.00087575
           9    0.240477    0.239661 0.000779035
          10    0.246448     0.24034 0.000972672
          11    0.237983    0.240126 0.000905542
          12    0.241049    0.240203 0.000830215
          13    0.244631    0.240543 0.000836218
          14    0.240569    0.240545 0.000774189
          15    0.236462    0.240273 0.000770419
          16    0.238964    0.240191 0.000725292
          17    0.235657    0.239924 0.000731646
          18    0.239528    0.239902 0.000690155
          19    0.239982    0.239907 0.000652834
          20    0.235111    0.239667 0.000664125
          21    0.241959    0.239776 0.000641068
          22    0.243144    0.239929 0.000630111
          23    0.241605    0.240002 0.000606483
          24    0.238989     0.23996 0.000582196
          25    0.242411    0.240058 0.000566963
          26    0.240694    0.240082 0.000545271
          27    0.235261    0.239904 0.000554235
          28    0.241368    0.239956 0.000536628
          29     0.24196    0.240025 0.000522383
          30    0.242912    0.240121 0.000513762
           1    0.237359    0.237359           0
           2    0.238962     0.23816 0.000801512
           3    0.232102    0.236141  0.00207174
           4    0.237282    0.236426  0.00149245
           5     0.23926    0.236993  0.00128746
           6    0.236429    0.236899  0.00105539
           7    0.230032    0.235918  0.00132591
           8    0.233129    0.235569  0.00120001
           9    0.239112    0.235963  0.00112915
          10    0.236553    0.236022  0.00101167
          11    0.232698     0.23572  0.00096368
          12    0.231753    0.235389 0.000939788
          13    0.233268    0.235226 0.000879748
          14    0.234817    0.235197 0.000815012
          15    0.236682    0.235296 0.000765165
          16    0.236682    0.235382 0.000720971
          17    0.233138     0.23525  0.00068998
          18    0.232092    0.235075 0.000673774
          19    0.237754    0.235216 0.000652742
          20    0.237571    0.235334 0.000630342
          21    0.232787    0.235212 0.000611716
          22    0.230164    0.234983 0.000626764
          23    0.235685    0.235014 0.000599672
          24    0.229936    0.234802 0.000611884
          25    0.230874    0.234645 0.000607563
          26    0.234473    0.234638 0.000583766
          27    0.237755    0.234754  0.00057347
          28    0.231864     0.23465 0.000562167
          29    0.232979    0.234593 0.000545489
          30    0.232776    0.234532  0.00053046
           1    0.230252    0.230252           0
           2    0.226384    0.228318  0.00193399
           3    0.228092    0.228242  0.00111912
           4     0.22909    0.228454 0.000819227
           5    0.232597    0.229283  0.00104358
           6     0.22975    0.229361 0.000855632
           7    0.232608    0.229825 0.000859119
           8    0.230562    0.229917 0.000749699
           9    0.230738    0.230008 0.000667441
          10    0.230468    0.230054  0.00059875
          11    0.228966    0.229955 0.000550551
          12    0.225836    0.229612  0.00060864
          13    0.230341    0.229668 0.000562667
          14    0.229903    0.229685 0.000521199
          15    0.223677    0.229284 0.000629162
          16    0.231551    0.229426 0.000605338
          17    0.236465     0.22984 0.000703404
          18    0.229768    0.229836 0.000663187
          19    0.229854    0.229837 0.000627313
          20    0.232696     0.22998 0.000612046
          21    0.229218    0.229943 0.000583301
          22    0.229485    0.229923 0.000556547
          23    0.228395    0.229856 0.000535928
          24    0.235615    0.230096 0.000566437
          25    0.231651    0.230158 0.000546854
          26    0.230301    0.230164 0.000525429
          27    0.230906    0.230191 0.000506341
          28    0.229547    0.230168 0.000488465
          29    0.228638    0.230116 0.000474264
          30    0.232506    0.230195 0.000465059
           1    0.220951    0.220951           0
           2    0.232287    0.226619  0.00566788
           3    0.230657    0.227965  0.00353842
           4    0.225836    0.227433  0.00255805
           5    0.222333    0.226413  0.00222852
           6    0.229632    0.226949  0.00189706
           7    0.223184    0.226411  0.00169111
           8      0.2236     0.22606  0.00150611
           9    0.223062    0.225727   0.0013694
          10    0.226621    0.225816  0.00122809
          11    0.229068    0.226112  0.00114951
          12    0.225583    0.226068  0.00105028
          13    0.223841    0.225897 0.000981185
          14    0.225505    0.225869 0.000908832
          15    0.228365    0.226035 0.000862289
          16    0.229389    0.226245 0.000833385
          17    0.221336    0.225956 0.000834391
          18    0.229256    0.226139 0.000807753
          19    0.224333    0.226044 0.000769948
          20    0.229783    0.226231  0.00075398
          21    0.227011    0.226268  0.00071814
          22    0.228794    0.226383 0.000694276
          23    0.227219    0.226419 0.000664398
          24    0.226061    0.226404 0.000636288
          25    0.227884    0.226464 0.000613168
          26    0.223407    0.226346 0.000600725
          27    0.222456    0.226202 0.000595735
          28    0.224191     0.22613 0.000578541
          29    0.226218    0.226133 0.000558243
          30    0.223153    0.226034 0.000548384
           1    0.218855    0.218855           0
           2    0.217718    0.218286 0.000568219
           3    0.223796    0.220123  0.00186559
           4     0.22277    0.220785  0.00147584
           5     0.21732    0.220092  0.00133677
           6    0.219437    0.219983   0.0010969
           7    0.222001    0.220271 0.000970851
           8    0.220898    0.220349 0.000844423
           9    0.219054    0.220205 0.000758488
          10    0.221561    0.220341 0.000691824
          11    0.222542    0.220541 0.000656984
          12    0.214722    0.220056 0.000771271
          13    0.218462    0.219934 0.000719988
          14     0.22348    0.220187 0.000713082
          15    0.223116    0.220382 0.000691967
          16     0.22099     0.22042 0.000648392
          17    0.220404    0.220419 0.000609059
          18    0.217378     0.22025 0.000598563
          19    0.223328    0.220412 0.000588903
          20    0.222849    0.220534 0.000571817
          21     0.21789    0.220408 0.000558294
          22    0.217071    0.220256 0.000553506
          23    0.229993     0.22068 0.000677452
          24    0.220543    0.220674 0.000648636
          25    0.220553    0.220669 0.000622168
          26    0.221743    0.220711 0.000599185
          27    0.221742    0.220749  0.00057783
          28    0.226085    0.220939 0.000588522
          29    0.220823    0.220935  0.00056788
          30    0.218979     0.22087 0.000552488
           1    0.217205    0.217205           0
           2    0.221393    0.219299  0.00209402
           3    0.214215    0.217604  0.00208171
           4    0.215008    0.216955   0.0016087
           5    0.214478     0.21646  0.00134099
           6    0.217201    0.216583  0.00110185
           7    0.214033    0.216219 0.000999951
           8    0.220808    0.216793  0.00103871
           9    0.214401    0.216527  0.00095383
          10    0.218469    0.216721 0.000874967
          11    0.218815    0.216911 0.000814005
          12     0.21754    0.216964 0.000744923
          13    0.215651    0.216863 0.000692633
          14    0.214852    0.216719 0.000657139
          15    0.219528    0.216906 0.000639783
          16    0.213244    0.216678 0.000640738
          17    0.213861    0.216512 0.000624259
          18    0.210755    0.216192 0.000669853
          19    0.216466    0.216206 0.000633782
          20    0.213958    0.216094 0.000611675
          21    0.222181    0.216384 0.000650016
          22    0.219651    0.216532 0.000637312
          23    0.220849     0.21672 0.000637244
          24    0.217253    0.216742 0.000610518
          25    0.215671    0.216699 0.000587155
          26    0.216676    0.216698 0.000564121
          27    0.217917    0.216744 0.000544699
          28    0.215379    0.216695 0.000527141
          29    0.220136    0.216814 0.000522296
          30    0.218922    0.216884 0.000509459
           1    0.211509    0.211509           0
           2     0.21167    0.211589 8.06593e-05
           3    0.212822       0.212 0.000413662
           4    0.211721     0.21193 0.000300729
           5    0.217598    0.213064  0.00115714
           6    0.209882    0.212534  0.00108345
           7     0.21149    0.212385  0.00092774
           8    0.211833    0.212316 0.000806394
           9    0.209525    0.212006 0.000775812
          10    0.213427    0.212148 0.000708323
          11    0.213128    0.212237 0.000646868
          12    0.213795    0.212367  0.00060462
          13    0.213305    0.212439 0.000560829
          14    0.210872    0.212327 0.000531148
          15    0.211218    0.212253 0.000499964
          16    0.209445    0.212078 0.000499529
          17    0.209376    0.211919 0.000495402
          18    0.212022    0.211924 0.000467105
          19    0.213842    0.212025 0.000453213
          20    0.208736    0.211861 0.000460331
          21    0.210752    0.211808 0.000441034
          22    0.212134    0.211823  0.00042077
          23    0.213416    0.211892 0.000407979
          24    0.213487    0.211959 0.000396222
          25    0.212059    0.211963 0.000380064
          26    0.215112    0.212084 0.000384718
          27    0.214662    0.212179  0.00038231
          28    0.216196    0.212323 0.000395346
          29    0.212782    0.212338 0.000381798
          30    0.212915    0.212358 0.000369352
           1    0.207962    0.207962           0
           2    0.207594    0.207778 0.000183687
           3    0.206923    0.207493 0.000304063
           4    0.210698    0.208294 0.000829615
           5    0.200122     0.20666  0.00175627
           6    0.210589    0.207315  0.00157642
           7    0.206598    0.207212  0.00133624
           8    0.207059    0.207193  0.00115738
           9    0.209146     0.20741  0.00104352
          10    0.202839    0.206953  0.00103928
          11    0.211299    0.207348  0.00101973
          12    0.207486     0.20736 0.000930949
          13    0.208905    0.207478 0.000864558
          14    0.208714    0.207567 0.000805279
          15      0.2065    0.207496 0.000753036
          16    0.207907    0.207521 0.000704871
          17    0.208957    0.207606 0.000667476
          18    0.206754    0.207559 0.000631078
          19    0.208035    0.207584 0.000597466
          20    0.209472    0.207678 0.000574615
          21    0.206887     0.20764 0.000547866
          22    0.212572    0.207864 0.000568431
          23    0.207485    0.207848 0.000543406
          24    0.206922    0.207809   0.0005217
          25    0.203855    0.207651 0.000524803
          26    0.206725    0.207616 0.000505472
          27    0.209488    0.207685 0.000491308
          28    0.207578    0.207681 0.000473452
          29    0.204812    0.207582 0.000467425
          30    0.208061    0.207598 0.000451858
           1    0.206227    0.206227           0
           2    0.205279    0.205753 0.000473681
           3    0.203809    0.205105 0.000703272
           4    0.206063    0.205345 0.000551981
           5    0.205107    0.205297 0.000430189
           6    0.205248    0.205289 0.000351342
           7    0.201517     0.20475  0.00061529
           8    0.208033     0.20516 0.000672533
           9    0.206957     0.20536 0.000625828
          10    0.209263     0.20575 0.000682388
          11    0.204694    0.205654 0.000624672
          12    0.208352    0.205879 0.000612946
          13    0.200528    0.205467 0.000698101
          14    0.207551    0.205616 0.000663224
          15    0.208734    0.205824 0.000651471
          16    0.201363    0.205545 0.000670156
          17    0.202889    0.205389 0.000648598
          18    0.201658    0.205182 0.000645675
          19    0.206247    0.205238 0.000613316
          20    0.203325    0.205142 0.000589649
          21    0.207303    0.205245 0.000570225
          22    0.205341    0.205249 0.000543705
          23    0.207966    0.205368 0.000532786
          24    0.203943    0.205308 0.000513545
          25    0.205108      0.2053  0.00049264
          26    0.204675    0.205276 0.000473923
          27    0.206568    0.205324 0.000458534
          28    0.211006    0.205527 0.000486228
          29    0.207764    0.205604 0.000475461
          30    0.203709    0.205541 0.000463661
           1    0.203012    0.203012           0
           2    0.200606    0.201809  0.00120343
           3    0.198282    0.200633  0.00136561
           4    0.199072    0.200243  0.00104159
           5    0.202139    0.200622 0.000891507
           6    0.199432    0.200424 0.000754471
           7    0.197809     0.20005 0.000738976
           8    0.201511    0.200233   0.0006655
           9    0.198663    0.200058 0.000612275
          10    0.196389    0.199692 0.000659218
          11    0.202135    0.199914 0.000636306
          12     0.20404    0.200257 0.000675014
          13    0.200952    0.200311 0.000623218
          14    0.200576     0.20033 0.000577299
          15     0.19925    0.200258 0.000542232
          16    0.203336     0.20045 0.000542468
          17    0.198707    0.200348 0.000519777
          18    0.197043    0.200164 0.000523311
          19    0.196782    0.199986  0.00052604
          20     0.20303    0.200138 0.000521741
          21    0.199203    0.200094  0.00049827
          22    0.197428    0.199973  0.00049029
          23    0.197784    0.199877 0.000478051
          24     0.19534    0.199688 0.000495205
          25    0.198056    0.199623 0.000479453
          26    0.197299    0.199534 0.000469233
          27    0.201575    0.199609 0.000457803
          28    0.201625    0.199681 0.000446986
          29    0.198594    0.199644 0.000432923
          30    0.201029     0.19969 0.000420784
           1    0.199171    0.199171           0
           2    0.197146    0.198159  0.00101215
           3    0.197562     0.19796 0.000617231
           4     0.20047    0.198587 0.000764424
           5    0.196376    0.198145 0.000739078
           6    0.196092    0.197803 0.000693743
           7    0.193219    0.197148 0.000878921
           8    0.196587    0.197078 0.000764397
           9    0.198975    0.197289 0.000706329
          10    0.194061    0.196966  0.00070944
          11    0.196815    0.196952 0.000641859
          12    0.197625    0.197008 0.000588612
          13    0.195094    0.196861  0.00056112
          14    0.198333    0.196966 0.000530026
          15    0.194866    0.196826 0.000512903
          16    0.195053    0.196715 0.000492411
          17    0.191954    0.196435 0.000540726
          18    0.198896    0.196572 0.000527821
          19    0.197151    0.196602 0.000500197
          20    0.196578    0.196601  0.00047453
          21    0.196606    0.196601 0.000451368
          22    0.195387    0.196546 0.000433887
          23    0.199403     0.19667   0.0004328
          24    0.199003    0.196768 0.000425623
          25    0.192115    0.196582 0.000448671
          26    0.194629    0.196506 0.000437561
          27    0.192983    0.196376 0.000440807
          28    0.197393    0.196412 0.000426322
          29     0.19606      0.1964 0.000411538
          30    0.196934    0.196418 0.000397982
