           1      76.923      76.923           0
           2     82.1667     79.5449     2.62184
           3      78.296     79.1286     1.56992
           4     71.3699     77.1889     2.23486
           5     74.5872     76.6686     1.80763
           6     83.4017     77.7908     1.85409
           7     74.4955       77.32     1.63617
           8     79.7768     77.6271     1.44987
           9     77.0648     77.5646     1.28019
          10     75.0467     77.3128     1.17239
          11     77.7571     77.3532     1.06124
          12     83.8601     77.8955      1.1102
          13     82.0383     78.2141      1.0698
          14     85.1201     78.7074     1.10648
          15     84.3206     79.0816     1.09595
          16     76.2074      78.902     1.04078
          17     80.0207     78.9678    0.979859
          18     77.3981     78.8806    0.927927
          19     71.1266     78.4725    0.967968
          20     86.3484     78.8663     0.99917
          21     83.5695     79.0903    0.976433
          22     86.9443     79.4473    0.997094
          23      77.059     79.3434    0.958399
          24     73.0134     79.0797    0.954751
          25     82.6928     79.2242    0.927099
          26     75.6653     79.0873    0.901184
          27     78.8382     79.0781    0.867214
          28     78.8447     79.0698     0.83571
          29     79.9001     79.0984    0.806885
          30     79.4099     79.1088    0.779595
           1     65.7494     65.7494           0
           2     71.3669     68.5582     2.80874
           3      69.602     68.9061     1.65854
           4     70.6818       69.35     1.25397
           5     70.0695     69.4939    0.981918
           6     63.9518     68.5702     1.22311
           7     68.8864     68.6154      1.0347
           8     69.5267     68.7293    0.903287
           9     71.8485     69.0759    0.868748
          10     67.9036     68.9587    0.785825
          11     59.9846     68.1428     1.08204
          12     67.5302     68.0918    0.989082
          13     69.8141     68.2243    0.919419
          14     62.3885     67.8074    0.947801
          15     75.5502     68.3236     1.02225
          16     71.8689     68.5452    0.981564
          17     71.5062     68.7194    0.938326
          18     66.8659     68.6164    0.890635
          19     64.5842     68.4042    0.868775
          20     76.7697     68.8224    0.924255
          21     69.6884     68.8637    0.880108
          22      70.408     68.9339    0.842081
          23     69.7705     68.9703    0.805458
          24     71.5622     69.0783    0.778693
          25     62.4934     68.8149    0.791979
          26      70.064     68.8629    0.762424
          27     73.2466     69.0253    0.751393
          28     74.3887     69.2168     0.74897
          29     72.5085     69.3303    0.731541
          30     67.2589     69.2613    0.710101
           1     63.4127     63.4127           0
           2      55.506     59.4593     3.95336
           3     63.3553      60.758     2.62606
           4     60.3497     60.6559     1.85971
           5     58.9362      60.312     1.48102
           6     54.2993     59.3099     1.57051
           7      60.883     59.5346     1.34621
           8     55.9999     59.0928     1.24677
           9     61.7172     59.3844     1.13756
          10       59.97     59.4429     1.01915
          11      61.134     59.5967    0.934583
          12     65.9479     60.1259     1.00399
          13     58.8604     60.0286    0.928654
          14     61.8387     60.1579    0.869434
          15     68.5594      60.718    0.984297
          16     56.2293     60.4374    0.962518
          17      58.527     60.3251    0.911085
          18     60.9083     60.3575     0.85959
          19     64.6903     60.5855    0.844465
          20      58.604     60.4864    0.807232
          21     61.4358     60.5316    0.769161
          22     58.9184     60.4583    0.737023
          23     58.0561     60.3539    0.711953
          24     54.8665     60.1252    0.718967
          25     64.5307     60.3014    0.711768
          26     60.6419     60.3145     0.68397
          27     59.0896     60.2692    0.659712
          28     54.8453     60.0755    0.664572
          29     61.0001     60.1073    0.642039
          30     60.2806     60.1131    0.620295
           1     54.7409     54.7409           0
           2     54.7756     54.7583   0.0173403
           3     50.8051     53.4406     1.31776
           4     54.6932     53.7537    0.983016
           5     59.5452      54.912     1.38617
           6     54.2081     54.7947     1.13786
           7     47.8778     53.8066     1.37885
           8     54.9952     53.9552     1.20332
           9     51.1166     53.6398     1.10711
          10     58.1303     54.0888     1.08729
          11     52.5837      53.952    0.992961
          12     56.7043     54.1813    0.935012
          13     44.3364      53.424     1.14597
          14     51.8476     53.3114     1.06693
          15     46.2442     52.8403     1.09933
          16       49.15     52.6096     1.05388
          17     53.0257     52.6341    0.990252
          18     54.8791     52.7588    0.941912
          19     53.8066      52.814    0.892665
          20     52.8646     52.8165     0.84686
          21     50.9638     52.7283    0.810341
          22     57.7269     52.9555    0.805345
          23     51.2328     52.8806    0.773171
          24     48.7891     52.7101    0.759631
          25     55.3774     52.8168    0.736383
          26     53.3968     52.8391    0.707845
          27     50.6947     52.7597     0.68574
          28     57.4338     52.9266    0.681555
          29     46.1315     52.6923     0.69813
          30     53.6167     52.7231    0.675161
           1     43.1587     43.1587           0
           2     45.7392     44.4489     1.29024
           3     45.5806     44.8262    0.834993
           4     39.6891     43.5419     1.41348
           5     49.5263     44.7388     1.62212
           6     44.0365     44.6217     1.32962
           7     44.5536      44.612     1.12377
           8     46.9144     44.8998     1.01488
           9     37.6824     44.0979     1.20174
          10     41.7328     43.8614     1.10058
          11     46.3669     44.0891     1.02124
          12     44.4469     44.1189    0.932737
          13     44.9111     44.1799    0.860155
          14     49.4361     44.5553    0.880414
          15     46.0872     44.6575    0.825958
          16     41.7911     44.4783     0.79311
          17     41.6132     44.3098    0.763823
          18     45.3379     44.3669    0.722401
          19     45.7448     44.4394     0.68716
          20     42.2818     44.3315    0.660764
          21     49.2836     44.5673    0.671294
          22     45.1454     44.5936    0.640593
          23     37.0621     44.2662    0.694193
          24     46.5053     44.3595    0.671156
          25     42.6239       44.29    0.647482
          26     39.2971      44.098    0.651047
          27     44.3061     44.1057    0.626518
          28     43.8569     44.0968    0.603793
          29     41.9245     44.0219    0.587397
          30     43.5404     44.0059    0.567706
           1     33.2944     33.2944           0
           2     37.7852     35.5398     2.24544
           3     40.5401     37.2066     2.11159
           4     36.9195     37.1348     1.49484
           5     39.0154     37.5109     1.21746
           6     39.2472     37.8003     1.03532
           7      31.297     36.8713     1.27623
           8     35.1906     36.6612     1.12504
           9     40.7903       37.12     1.09313
          10     38.4062     37.2486    0.986149
          11     36.4313     37.1743    0.895094
          12     41.9158     37.5694    0.907626
          13      40.608     37.8032    0.866996
          14      29.882     37.2374    0.982052
          15     39.7575     37.4054     0.92955
          16     40.1273     37.5755       0.886
          17     37.5152      37.572     0.83226
          18     39.8891     37.7007    0.795151
          19     38.9906     37.7686    0.755196
          20     37.9261     37.7764    0.716485
          21     37.8147     37.7783    0.681515
          22     38.6005     37.8156    0.650873
          23     39.4116      37.885     0.62579
          24     37.7621     37.8799     0.59917
          25     36.4575      37.823    0.577513
          26      36.782      37.783      0.5563
          27     40.2969     37.8761    0.543336
          28      35.952     37.8074    0.528062
          29     38.9015     37.8451    0.510923
          30     35.8835     37.7797     0.49791
           1      29.524      29.524           0
           2      33.136       31.33     1.80599
           3     30.5117     31.0572     1.07777
           4     30.3431     30.8787    0.782736
           5      36.911     32.0852     1.35025
           6     35.5753     32.6668     1.24651
           7      34.047      32.864     1.07179
           8     32.1859     32.7792    0.932059
           9     34.3952     32.9588     0.84138
          10     35.2109      33.184    0.785528
          11     32.8079     33.1498    0.711359
          12     32.1635     33.0676     0.65456
          13     30.7077     32.8861    0.628878
          14     29.9998     32.6799     0.61765
          15     30.5747     32.5396    0.591882
          16     33.9201     32.6259    0.560338
          17     38.1732     32.9522    0.619292
          18     30.0594     32.7915    0.605588
          19     30.7318     32.6831    0.582996
          20     31.5137     32.6246     0.55616
          21     31.9053     32.5903    0.530122
          22       29.97     32.4712    0.519295
          23     34.2987     32.5507    0.502525
          24     32.4175     32.5451    0.481163
          25     33.4165       32.58     0.46283
          26     30.6935     32.5074    0.450554
          27     31.0535     32.4536    0.436877
          28     29.4562     32.3465    0.434382
          29     29.8957      32.262    0.427571
          30     30.6301     32.2076    0.416639
           1     26.8111     26.8111           0
           2     29.0644     27.9378      1.1267
           3     27.9714      27.949    0.650595
           4     28.5343     28.0953    0.482751
           5     29.5688       28.39    0.476109
           6     31.0923     28.8404    0.594946
           7     30.3281     29.0529    0.545891
           8     28.2606     28.9539    0.483016
           9     31.1039     29.1927    0.488393
          10     29.1393     29.1874    0.436865
          11     26.4038     28.9343    0.469241
          12     27.7518     28.8358    0.439546
          13     32.3114     29.1032    0.484724
          14     28.8939     29.0882    0.449016
          15     28.4215     29.0438    0.420368
          16     29.6217     29.0799    0.394874
          17     26.0851     28.9037    0.410626
          18     29.1321     28.9164     0.38735
          19     27.9377     28.8649        0.37
          20     27.0345     28.7734    0.362747
          21     26.5806      28.669    0.360496
          22     27.1768     28.6011    0.350347
          23     29.1442     28.6247      0.3356
          24     29.4715       28.66    0.323244
          25     28.8447     28.6674    0.310132
          26     28.2635     28.6519     0.29837
          27     28.5059     28.6465    0.287158
          28     28.9642     28.6578    0.276945
          29     25.9986     28.5661     0.28252
          30      27.521     28.5313    0.275154
           1     23.3254     23.3254           0
           2      21.883     22.6042      0.7212
           3     25.1094     23.4393    0.933138
           4     23.0035     23.3303    0.668761
           5     25.1001     23.6843    0.627397
           6     24.7344     23.8593    0.541338
           7     25.0885     24.0349    0.490059
           8     26.0705     24.2894    0.494836
           9     24.0923     24.2675    0.436953
          10     25.5648     24.3972    0.411793
          11     26.2256     24.5634    0.407885
          12     23.1717     24.4474    0.389991
          13     26.7121     24.6216    0.398799
          14     26.2951     24.7412    0.388084
          15     23.1429     24.6346    0.376672
          16     24.7031     24.6389     0.35237
          17     24.6465     24.6393    0.330995
          18     24.2402     24.6172    0.312852
          19     22.1287     24.4862    0.323616
          20     25.3174     24.5278    0.309809
          21     25.4689     24.5726    0.298076
          22     23.2942     24.5145    0.290084
          23     25.3182     24.5494    0.279379
          24     25.7265     24.5985    0.271944
          25     30.2579     24.8248    0.345376
          26     26.9921     24.9082    0.342136
          27     24.8411     24.9057     0.32923
          28      23.944     24.8714    0.319108
          29     24.8166     24.8695    0.307913
          30     24.4468     24.8554    0.297806
           1     22.7345     22.7345           0
           2       19.96     21.3472     1.38725
           3     23.7733     22.1559     1.13818
           4     22.8517     22.3299    0.823397
           5     18.3411     21.5321     1.02138
           6     23.5657      21.871    0.900196
           7     20.9499     21.7395    0.772101
           8     20.0606     21.5296    0.700818
           9     22.2497     21.6096    0.623221
          10     20.4824     21.4969    0.568708
          11     19.8831     21.3502    0.534927
          12     21.6562     21.3757    0.488985
          13     21.1518     21.3585     0.45013
          14     23.1147     21.4839    0.435211
          15     22.2799      21.537    0.408619
          16     20.8806     21.4959    0.384424
          17     21.2912     21.4839    0.361304
          18     20.1006     21.4071    0.349201
          19     21.8017     21.4278    0.330964
          20     19.4156     21.3272    0.329706
          21     22.5305     21.3845    0.318804
          22     20.6245       21.35    0.305925
          23     21.6297     21.3621    0.292574
          24     22.2883     21.4007    0.282764
          25      22.779     21.4559    0.276764
          26     21.2605     21.4483    0.266013
          27     20.4782     21.4124     0.25848
          28      21.902     21.4299    0.249691
          29     22.2175      21.457    0.242453
          30     20.7044      21.432    0.235572
           1     20.0496     20.0496           0
           2     20.4665      20.258    0.208448
           3     17.9769     19.4977    0.769847
           4     19.0408     19.3835    0.556215
           5     17.7167     19.0501    0.544747
           6     20.3869     19.2729    0.497468
           7     19.7324     19.3386    0.425531
           8     19.0815     19.3064    0.369919
           9     19.7264     19.3531    0.329558
          10     17.7612     19.1939    0.335002
          11     19.2337     19.1975    0.303042
          12     19.3824     19.2129    0.277067
          13     17.3401     19.0688    0.292764
          14      18.872     19.0548    0.271412
          15     18.2474      19.001     0.25834
          16     20.1565     19.0732    0.252215
          17     17.8287          19    0.247967
          18     18.9848     18.9991    0.233787
          19     21.0522     19.1072    0.246128
          20     19.3789     19.1208    0.233892
          21      19.901     19.1579    0.225557
          22     18.6984      19.137    0.216072
          23     16.4822     19.0216    0.236541
          24     18.2761     18.9905    0.228591
          25     19.8404     19.0245    0.221876
          26     18.9319      19.021    0.213202
          27     19.3536     19.0333    0.205523
          28      19.048     19.0338    0.198047
          29     20.2564      19.076    0.195692
          30     18.6069     19.0603    0.189701
           1     16.8783     16.8783           0
           2     17.2762     17.0773    0.198985
           3     16.4278     16.8608    0.245082
           4     16.8297      16.853    0.173473
           5      14.691     16.4206    0.452793
           6      18.284     16.7312    0.482836
           7      17.906      16.899    0.441233
           8     17.5865     16.9849    0.391664
           9     18.4234     17.1448    0.380603
          10     17.2313     17.1534    0.340531
          11     16.2059     17.0673    0.319839
          12     16.1194     16.9883    0.302469
          13      19.623      17.191    0.344221
          14      16.664     17.1533    0.320902
          15     18.1601     17.2204     0.30619
          16      15.753     17.1287    0.300741
          17     18.1075     17.1863    0.288303
          18     18.9276      17.283    0.288517
          19     17.9103     17.3161    0.274899
          20     18.6265     17.3816    0.268897
          21     17.1122     17.3687    0.256093
          22     15.5168     17.2846    0.258279
          23     17.5458     17.2959    0.247056
          24     16.0205     17.2428    0.242434
          25     17.1034     17.2372    0.232601
          26     15.5092     17.1707     0.23315
          27     15.7574     17.1184    0.230375
          28     18.0784     17.1527    0.224627
          29     17.6988     17.1715    0.217559
          30     18.5818     17.2185    0.215375
           1     14.2836     14.2836           0
           2     15.5187     14.9011     0.61754
           3      14.691     14.8311    0.363353
           4     17.2818     15.4438     0.66437
           5     15.4212     15.4392    0.514638
           6     14.3082     15.2507    0.460545
           7     16.3297     15.4049    0.418638
           8     16.3696     15.5255    0.382081
           9     16.0218     15.5806    0.341448
          10     16.4389     15.6664     0.31723
          11     14.8963     15.5964    0.295364
          12     14.4832     15.5037     0.28514
          13      14.371     15.4165    0.276384
          14     16.4759     15.4922    0.266837
          15     14.6255     15.4344    0.255043
          16     15.4382     15.4347    0.238571
          17     14.2914     15.3674    0.233971
          18     15.3728     15.3677    0.220591
          19     16.3001     15.4168    0.214351
          20     15.5909     15.4255    0.203537
          21     15.1432      15.412    0.194069
          22     15.8472     15.4318    0.186092
          23     15.9481     15.4543    0.179228
          24     14.3937     15.4101    0.177197
          25     14.4306     15.3709    0.174419
          26     14.7855     15.3484    0.169082
          27     14.5916     15.3203    0.165096
          28     15.2001     15.3161    0.159148
          29     14.4964     15.2878    0.156142
          30     16.5942     15.3313    0.157007
           1     13.3954     13.3954           0
           2     13.1681     13.2818    0.113671
           3     12.8925      13.152    0.145414
           4     14.0676     13.3809     0.25094
           5     14.4869     13.6021    0.294465
           6     13.3438     13.5591    0.244253
           7     12.9402     13.4707    0.224565
           8     15.2966     13.6989    0.299861
           9     12.7011      13.588    0.286753
          10      13.719     13.6011    0.256814
          11     13.0304     13.5492    0.238021
          12     12.6048     13.4705    0.231096
          13     14.0239     13.5131    0.216797
          14     12.6849     13.4539    0.209252
          15     14.1285     13.4989    0.199927
          16     14.2989     13.5489    0.193583
          17     13.5775     13.5506    0.181847
          18     13.4855      13.547    0.171485
          19     13.4664     13.5427    0.162264
          20     14.4304     13.5871    0.160207
          21     12.8695      13.553    0.156172
          22     14.2426     13.5843    0.152168
          23     13.5922     13.5846    0.145402
          24     13.9974     13.6018     0.14027
          25     13.8335     13.6111    0.134861
          26     13.2687     13.5979    0.130238
          27     13.9889     13.6124    0.126155
          28     14.4036     13.6407    0.124807
          29     14.1677     13.6589     0.12179
          30     14.1234     13.6743    0.118675
           1     12.2875     12.2875           0
           2     12.5125        12.4    0.112515
           3     12.3547     12.3849   0.0666961
           4     12.7749     12.4824    0.108309
           5     12.1607      12.418    0.105732
           6     11.9471     12.3396    0.116682
           7     11.3068      12.192    0.177458
           8     12.5861     12.2413    0.161384
           9     11.7647     12.1883    0.151857
          10     12.1184     12.1813    0.136005
          11     12.7295     12.2312    0.132733
          12     12.9292     12.2893    0.134406
          13     12.8022     12.3288    0.129778
          14     12.7597     12.3596     0.12403
          15     11.9861     12.3347     0.11812
          16     13.2056     12.3891    0.123172
          17     13.1202     12.4321    0.123433
          18     12.4807     12.4348    0.116405
          19     11.6002     12.3909    0.118548
          20     12.7345     12.4081    0.113769
          21     11.9292     12.3853    0.110592
          22     11.2146      12.332    0.118112
          23     13.1116     12.3659    0.117839
          24     12.9233     12.3892    0.115188
          25     12.7861      12.405    0.111619
          26     12.1085     12.3936    0.107845
          27     12.1879      12.386    0.104054
          28     12.1371     12.3771    0.100662
          29     12.9866     12.3981   0.0993764
          30     12.2684     12.3938    0.096104
           1     10.8557     10.8557           0
           2     11.3313     11.0935     0.23783
           3     11.6323     11.2731     0.22609
           4     11.6741     11.3734      0.1887
           5     11.1548     11.3297    0.152562
           6     11.1367     11.2975     0.12865
           7     10.8291     11.2306    0.127667
           8     11.9512     11.3207    0.142612
           9     11.1415     11.3008    0.127337
          10     12.2447     11.3952    0.147927
          11      11.538     11.4081    0.134433
          12     11.0018     11.3743    0.127306
          13     10.6347     11.3174    0.130192
          14     10.9579     11.2917     0.12324
          15     10.5887     11.2448    0.123935
          16     11.4455     11.2574    0.116607
          17     12.0089     11.3016    0.118117
          18     12.0163     11.3413    0.118229
          19     11.0901     11.3281    0.112612
          20     11.1324     11.3183     0.10728
          21     10.8234     11.2947    0.104729
          22     11.5665     11.3071    0.100617
          23     10.8936     11.2891    0.097809
          24     12.0787      11.322   0.0992561
          25     10.7164     11.2978   0.0982371
          26     10.2473     11.2574    0.102668
          27     11.1721     11.2542   0.0988426
          28     11.6687      11.269   0.0963908
          29     11.8325     11.2885   0.0950157
          30     10.5284     11.2631   0.0952264
           1     10.7078     10.7078           0
           2     9.80732     10.2575    0.450216
           3      10.796      10.437    0.315889
           4     10.0457     10.3392    0.243855
           5     10.6497     10.4013    0.198837
           6     9.85263     10.3099    0.186332
           7     10.6359     10.3564    0.164222
           8     10.2156     10.3388    0.143305
           9     10.3223      10.337    0.126397
          10     9.54088     10.2574    0.138271
          11     9.65162     10.2023    0.136658
          12      10.627     10.2377    0.129675
          13     10.8361     10.2837    0.127856
          14     9.90124     10.2564    0.121484
          15     10.4243     10.2676    0.113648
          16     10.4343      10.278    0.106817
          17     9.59724      10.238    0.108034
          18     9.94187     10.2215    0.103175
          19      9.9858     10.2091   0.0983793
          20     10.5125     10.2243   0.0945552
          21     10.1696     10.2217   0.0899777
          22     10.0581     10.2143   0.0861118
          23     10.7402     10.2371   0.0854013
          24     9.91236     10.2236   0.0828777
          25     9.75899      10.205   0.0816369
          26     10.2306      10.206   0.0784404
          27     10.4547     10.2152   0.0760395
          28     9.44559     10.1877   0.0782592
          29      10.327     10.1925    0.075665
          30      10.057      10.188   0.0732388
           1     10.2075     10.2075           0
           2     9.36993     9.78874    0.418808
           3     9.13183     9.56977    0.326211
           4     8.85062     9.38998    0.292456
           5     8.61241     9.23447    0.274779
           6     10.1418     9.38569    0.270565
           7     9.25122     9.36648    0.229475
           8     9.73894     9.41304    0.204112
           9     9.89449     9.46653     0.18779
          10     9.99509     9.51939    0.176085
          11     9.41721      9.5101    0.159545
          12     9.32458     9.49464    0.146462
          13     9.75302     9.51452    0.136184
          14     9.22637     9.49393    0.127751
          15     9.14956     9.47098    0.121125
          16     8.31159     9.39851    0.134492
          17     8.64299     9.35407    0.133923
          18     9.80945     9.37937    0.128773
          19     9.33966     9.37728    0.121825
          20     9.65347     9.39109    0.116395
          21     8.64586      9.3556    0.116263
          22       10.27     9.39716    0.118387
          23     9.00645     9.38018    0.114391
          24     10.1711     9.41313    0.114372
          25     9.03268     9.39791    0.110752
          26     9.26856     9.39294    0.106523
          27     10.5247     9.43486    0.110742
          28     9.20254     9.42656    0.107036
          29     9.12505     9.41616    0.103801
          30     9.69459     9.42544     0.10071
           1     8.58292     8.58292           0
           2     8.27535     8.42913    0.153788
           3     9.30082      8.7197    0.303826
           4     9.05516     8.80356    0.230626
           5     8.79889     8.80263    0.178645
           6     8.92652     8.82328    0.147317
           7     8.85237     8.82743    0.124575
           8      8.5138     8.78823    0.114788
           9     8.80999     8.79065    0.101262
          10     8.65166     8.77675   0.0916317
          11     8.24665     8.72856   0.0958754
          12     7.90901     8.66026    0.111015
          13     8.81169     8.67191    0.102781
          14     8.48653     8.65867   0.0960738
          15     8.58662     8.65387   0.0895687
          16     8.13895     8.62168    0.089752
          17      8.1015     8.59108   0.0896886
          18     8.24321     8.57176   0.0867397
          19     8.18759     8.55154   0.0845022
          20     8.11175     8.52955    0.083127
          21     8.79532     8.54221    0.080076
          22     8.63564     8.54645   0.0764675
          23      8.5055     8.54467   0.0730889
          24     8.91274     8.56001   0.0716381
          25     9.07856     8.58075   0.0717753
          26     8.09064      8.5619   0.0714895
          27     8.77727     8.56988   0.0692517
          28     9.13205     8.58995   0.0696876
          29     7.95471     8.56805   0.0707197
          30     8.83248     8.57686   0.0688879
           1     8.29205     8.29205           0
           2     7.91361     8.10283    0.189221
           3     7.67091     7.95886    0.180731
           4     7.78989     7.91662    0.134596
           5     8.05034     7.94336    0.107633
           6     8.44619     8.02717    0.121436
           7     7.90681     8.00997    0.104062
           8       7.947      8.0021   0.0904638
           9     8.18312     8.02221   0.0822779
          10     7.68021     7.98801   0.0811503
          11     7.69096     7.96101   0.0782131
          12     8.46081     8.00266   0.0826585
          13     7.74975      7.9832   0.0784842
          14     7.80561     7.97052   0.0737612
          15     7.95861     7.96972   0.0686726
          16     8.33009     7.99225   0.0680714
          17     7.57372     7.96763   0.0685178
          18     7.74762     7.95541   0.0657454
          19     7.71448     7.94273   0.0634685
          20     8.22101     7.95664   0.0617983
          21     7.81767     7.95002   0.0591533
          22     7.85153     7.94554   0.0565778
          23     8.96848     7.99002   0.0700056
          24     7.69877     7.97788    0.068115
          25     8.08818      7.9823   0.0654824
          26     8.01595     7.98359   0.0629268
          27      8.0867     7.98741   0.0606716
          28     7.88264     7.98367   0.0585842
          29     8.42095     7.99875   0.0585045
          30     7.71819     7.98939   0.0572892
           1     7.39327     7.39327           0
           2     7.16372      7.2785    0.114773
           3     6.86925     7.14208    0.151657
           4     7.67692     7.27579    0.171401
           5     8.20244     7.46112    0.227978
           6     7.47986     7.46424    0.186169
           7     7.50056     7.46943    0.157427
           8     7.40093     7.46087    0.136605
           9     6.93201     7.40211    0.134041
          10     7.48118     7.41001     0.12015
          11     7.47644     7.41605    0.108848
          12      7.4331     7.41747    0.099374
          13     7.46927     7.42146   0.0914976
          14     8.01551     7.46389   0.0947435
          15     7.72225     7.48111   0.0898674
          16     7.50509     7.48261   0.0840766
          17     6.93009     7.45011   0.0854024
          18     7.19553     7.43597   0.0817509
          19      7.5413     7.44151   0.0775271
          20     7.56972     7.44792   0.0738275
          21     7.49388     7.45011    0.070258
          22     7.91142     7.47108   0.0701936
          23     7.14073     7.45672    0.068593
          24     7.66886     7.46555    0.066265
          25     7.50107     7.46698    0.063575
          26     7.56071     7.47058   0.0611872
          27     7.44061     7.46947   0.0588879
          28     7.28023     7.46271   0.0571469
          29     7.83025     7.47539   0.0565788
          30     7.26725     7.46845   0.0550988
           1     6.76928     6.76928           0
           2     6.69469     6.73199   0.0372943
           3     6.89858     6.78752     0.05956
           4     6.73451     6.77426   0.0441512
           5     6.60134     6.73968   0.0486387
           6     7.20485     6.81721   0.0871079
           7     6.61635     6.78851   0.0790138
           8     6.95358     6.80915    0.071471
           9     6.80477     6.80866   0.0630334
          10     6.90286     6.81808   0.0571604
          11     6.70065     6.80741   0.0527941
          12     7.17377     6.83794   0.0570507
          13     7.15476     6.86231   0.0578618
          14     7.16922     6.88423   0.0578818
          15     7.22153     6.90672   0.0583886
          16     7.19343     6.92464   0.0574821
          17     6.75811     6.91484   0.0548764
          18     6.84797     6.91113   0.0518712
          19     7.31342      6.9323   0.0534387
          20     7.06389     6.93888   0.0511216
          21     6.58012     6.92179   0.0515401
          22     6.82583     6.91743   0.0493348
          23     7.18574      6.9291    0.048563
          24     7.01981     6.93288   0.0466489
          25     6.80688     6.92784    0.045027
          26     6.87964     6.92598   0.0433002
          27      7.0439     6.93035   0.0418939
          28     6.63396     6.91977   0.0417347
          29     6.94536     6.92065   0.0402796
          30     6.90337     6.92007    0.038918
           1     6.70716     6.70716           0
           2     6.56916     6.63816   0.0690006
           3     5.73796      6.3381    0.302701
           4     6.26654     6.32021    0.214788
           5      6.5267     6.36151    0.171423
           6     6.42098     6.37142    0.140317
           7     6.78447     6.43043    0.132459
           8     6.42508     6.42976    0.114715
           9     6.85739     6.47727    0.111771
          10     6.24159      6.4537    0.102712
          11      6.4955      6.4575   0.0929837
          12     6.50194     6.46121   0.0849629
          13     6.30434     6.44914   0.0790805
          14     6.29272     6.43797   0.0740619
          15     6.43476     6.43775   0.0689482
          16     6.45897     6.43908   0.0645088
          17     6.83461     6.46235   0.0649086
          18     6.30764     6.45375    0.061797
          19     6.47813     6.45503   0.0584682
          20     6.40888     6.45273   0.0555158
          21     6.64509     6.46189   0.0535947
          22     6.23961     6.45178   0.0520897
          23     6.42553     6.45064   0.0497865
          24     6.03431     6.43329   0.0507254
          25     6.17268     6.42287   0.0497584
          26     6.14515     6.41219   0.0489851
          27     6.54872     6.41724   0.0474064
          28     6.78907     6.43052    0.047573
          29     6.60128     6.43641   0.0462793
          30     6.70382     6.44533   0.0455899
           1     5.93394     5.93394           0
           2     5.76972     5.85183    0.082106
           3     6.09467     5.93278   0.0938057
           4     6.11423     5.97814   0.0803588
           5     6.11046      6.0046   0.0676375
           6     6.33564     6.05978    0.078064
           7     6.12656     6.06932   0.0666624
           8     6.05371     6.06737   0.0577642
           9     6.37404     6.10144   0.0612886
          10     5.53379     6.04468   0.0789135
          11     5.87653     6.02939   0.0729984
          12     5.63395     5.99644   0.0743406
          13     6.23193     6.01455    0.070742
          14      5.9496     6.00991   0.0656585
          15     6.25253     6.02609   0.0632286
          16     5.86507     6.01602   0.0599949
          17     5.81606     6.00426   0.0575699
          18     5.76808     5.99114   0.0558409
          19     6.28843     6.00679    0.055089
          20     5.77721     5.99531   0.0535078
          21     5.93846      5.9926    0.050968
          22     6.47946     6.01473   0.0533977
          23     6.06849     6.01707   0.0510768
          24     5.68788     6.00335   0.0507894
          25     6.10244     6.00732   0.0488765
          26      5.9022     6.00327   0.0471327
          27     6.35361     6.01625    0.047173
          28     6.16411     6.02153   0.0457628
          29     6.09072     6.02391    0.044221
          30     6.01677     6.02368   0.0427222
           1     5.32188     5.32188           0
           2     5.64531      5.4836    0.161719
           3     5.48594     5.48438   0.0933717
           4     5.71447      5.5419   0.0875672
           5     5.46235     5.52599   0.0696703
           6     5.64531     5.54588   0.0602618
           7     5.52943     5.54353   0.0509846
           8     5.89946     5.58802   0.0626821
           9     6.00094      5.6339   0.0718392
          10     5.90547     5.66106   0.0697584
          11     5.79307     5.67306   0.0642301
          12     5.67834      5.6735   0.0586354
          13     5.87096     5.68869   0.0560348
          14     5.61073     5.68312   0.0521761
          15     5.46297     5.66844   0.0507422
          16     5.38935       5.651   0.0505687
          17     5.43978     5.63857   0.0490992
          18     5.45499     5.62837   0.0474014
          19     5.44144     5.61854    0.045904
          20     5.71689     5.62345   0.0438252
          21     5.47976     5.61661   0.0422439
          22       5.874     5.62831   0.0419428
          23     5.58431      5.6264   0.0401233
          24     5.57579     5.62429    0.038473
          25     5.95408     5.63748   0.0391889
          26     5.17762     5.61979   0.0415988
          27     5.94544     5.63185    0.041806
          28     5.71117     5.63469   0.0403847
          29      5.5196     5.63072   0.0391688
          30     5.61592     5.63023   0.0378439
           1     5.26278     5.26278           0
           2     4.91667     5.08973    0.173056
           3     5.40585      5.1951    0.145213
           4     5.48969     5.26875    0.126362
           5     5.22385     5.25977   0.0982903
           6     5.12521     5.23734    0.083328
           7     5.34692       5.253   0.0721438
           8     5.35674     5.26596   0.0638101
           9     5.35081     5.27539   0.0570594
          10     5.24207     5.27206   0.0511442
          11     5.38775     5.28258   0.0474421
          12     5.21964     5.27733   0.0436249
          13      5.1678     5.26891   0.0410041
          14     5.23493     5.26648   0.0380399
          15     5.40525     5.27573   0.0366017
          16      5.4426     5.28616    0.035791
          17     5.32655     5.28854   0.0337037
          18     5.32384      5.2905   0.0318366
          19     5.15512     5.28337   0.0309458
          20     4.84738     5.26157   0.0365663
          21     5.66403     5.28074    0.039712
          22     5.41159     5.28669   0.0383282
          23     5.35815     5.28979   0.0367554
          24     5.84485     5.31292   0.0421102
          25     5.27299     5.31132   0.0404222
          26     5.64507     5.32416   0.0409028
          27     5.40386     5.32711   0.0394692
          28     4.88856     5.31145   0.0411323
          29     5.14428     5.30568    0.040105
          30     5.42159     5.30955   0.0389373
           1     5.10445     5.10445           0
           2     4.93523     5.01984   0.0846052
           3     4.85108     4.96359   0.0745015
           4     4.91711     4.95197   0.0539469
           5     5.33312      5.0282   0.0869326
           6     5.31574     5.07612   0.0856442
           7     5.06176     5.07407   0.0724116
           8     4.98714      5.0632   0.0636448
           9     4.91825      5.0471   0.0583945
          10      4.8956     5.03195   0.0543825
          11     4.83075     5.01366   0.0524812
          12     4.86273     5.00108    0.049532
          13     5.24181      5.0196    0.049182
          14     5.14674     5.02868   0.0464305
          15     5.21952      5.0414    0.045058
          16     4.71333      5.0209   0.0468709
          17     4.96263     5.01747   0.0441608
          18     4.83177     5.00715   0.0428943
          19     4.85673     4.99924   0.0413391
          20      4.8739     4.99297   0.0397153
          21     4.90798     4.98892   0.0379929
          22     4.86477     4.98328   0.0366618
          23     4.70258     4.97107   0.0370966
          24     4.90981     4.96852   0.0356089
          25     4.87545      4.9648   0.0343572
          26     5.05891     4.96842   0.0332072
          27     4.70035     4.95849   0.0334605
          28     5.17811     4.96633   0.0331836
          29     4.92326     4.96485   0.0320534
          30     4.79582     4.95921   0.0314749
           1      4.6147      4.6147           0
           2     4.94411     4.77941    0.164702
           3     4.63355     4.73079      0.1068
           4     4.49599     4.67209   0.0956487
           5      4.5892     4.65551   0.0759209
           6     4.75473     4.67205   0.0641571
           7     4.58144      4.6591   0.0557461
           8     4.67213     4.66073    0.048305
           9     4.43801     4.63599    0.049267
          10      4.8683     4.65922   0.0498147
          11     4.68372     4.66144    0.045114
          12     4.90696      4.6819   0.0459855
          13     4.31722     4.65385    0.050757
          14      4.5699     4.64786    0.047373
          15     4.69507       4.651    0.044214
          16     4.68268     4.65298   0.0414058
          17     4.95739     4.67089   0.0428181
          18     4.66146     4.67037   0.0403727
          19     4.60811     4.66709    0.038329
          20      4.4959     4.65853   0.0373559
          21     4.37242     4.64491   0.0380551
          22     4.72721     4.64865   0.0364765
          23     4.65434     4.64889   0.0348553
          24     4.44446     4.64038   0.0344415
          25     4.54994     4.63676   0.0332326
          26     4.65149     4.63732   0.0319338
          27     4.78612     4.64284   0.0312186
          28     4.86561     4.65079   0.0311173
          29     4.64806      4.6507   0.0300253
          30     4.77487     4.65484    0.029301
           1      4.4633      4.4633           0
           2     4.34632     4.40481   0.0584867
           3     4.17278     4.32747   0.0843929
           4     4.53855     4.38024   0.0796607
           5     4.52585     4.40936   0.0682319
           6     4.32346     4.39504   0.0575212
           7     4.63569     4.42942   0.0595414
           8     4.31012     4.41451   0.0536774
           9     4.24863     4.39608   0.0508006
          10     4.48702     4.40517   0.0463386
          11     4.40183     4.40487    0.041916
          12     4.33452     4.39901   0.0387103
          13     4.44512     4.40255   0.0357846
          14     4.29369     4.39478   0.0340303
          15     4.45676     4.39891   0.0319489
          16      4.3847     4.39802   0.0298986
          17     4.45189     4.40119   0.0282631
          18     4.38112     4.40008     0.02667
          19     4.22163     4.39068   0.0269188
          20      4.2898     4.38564   0.0260309
          21     4.36284     4.38455   0.0247841
          22     4.21609      4.3769   0.0248404
          23      4.3238     4.37459   0.0238478
          24     4.37258     4.37451   0.0228327
          25     4.40886     4.37588   0.0219434
          26     4.47308     4.37962   0.0214115
          27     4.39964     4.38036   0.0206165
          28     4.26869     4.37637    0.020263
          29     4.38751     4.37676   0.0195555
          30     4.47925     4.38017   0.0191989
           1     4.05056     4.05056           0
           2     4.20069     4.12562    0.075065
           3     4.21381     4.15502   0.0523684
           4     4.26782     4.18322   0.0465457
           5     4.16278     4.17913   0.0362852
           6     3.95661     4.14204    0.047468
           7     4.34217     4.17063   0.0492629
           8     4.13921      4.1667   0.0428434
           9     4.18885     4.16917   0.0378643
          10     4.37248      4.1895   0.0395009
          11     4.10192     4.18153   0.0366062
          12     4.21049     4.18395   0.0335038
          13     4.33393     4.19548   0.0329076
          14     4.00051     4.18156   0.0334986
          15     4.17398     4.18105   0.0311896
          16     4.34864     4.19153   0.0309985
          17     4.14727     4.18892   0.0292341
          18     4.03737      4.1805   0.0288195
          19     4.16879     4.17989   0.0272675
          20      4.3487     4.18833   0.0272104
          21      4.0134        4.18   0.0271896
          22     4.25879     4.18358   0.0261705
          23     4.10055     4.17997    0.025266
          24     4.11311     4.17718   0.0243503
          25     4.18855     4.17764   0.0233604
          26     4.28847      4.1819   0.0228452
          27     4.52153     4.19448   0.0253274
          28     3.98538     4.18701    0.025523
          29      4.0552     4.18247   0.0250431
          30     4.67872     4.19901   0.0293083
           1     3.98752     3.98752           0
           2     3.96611     3.97682   0.0107072
           3     3.89891     3.95085   0.0266933
           4     3.92414     3.94417   0.0200211
           5     3.83971     3.92328   0.0260193
           6     4.00418     3.93676    0.025162
           7     4.05901     3.95423   0.0275174
           8     4.07748     3.96963   0.0283772
           9     3.89545     3.96139   0.0263486
          10     3.92356     3.95761   0.0238687
          11     4.11649     3.97205   0.0259759
          12      3.7557     3.95402   0.0297884
          13     4.10047     3.96529   0.0296267
          14     3.90597     3.96105   0.0277543
          15     3.94334     3.95987   0.0258648
          16     3.92467     3.95767   0.0242941
          17     3.86362     3.95214   0.0234814
          18     3.84285     3.94607   0.0229559
          19     4.06934     3.95255   0.0226626
          20     4.08428     3.95914   0.0224858
          21     3.74251     3.94882    0.023746
          22     4.34752     3.96695   0.0290008
          23     3.82936     3.96097   0.0283495
          24     3.94302     3.96022   0.0271528
          25     3.85047     3.95583   0.0264115
          26     4.04819     3.95938   0.0256228
          27     3.84875     3.95528   0.0249937
          28     4.07324      3.9595   0.0244502
          29      3.9294     3.95846   0.0236148
          30     3.98595     3.95937   0.0228325
           1     3.54819     3.54819           0
           2      3.7294      3.6388    0.090606
           3     3.87967     3.71909   0.0958296
           4     3.86396      3.7553   0.0768332
           5     3.84849     3.77394   0.0623647
           6     3.87734     3.79117   0.0537575
           7     3.82336     3.79577   0.0456654
           8     3.53541     3.76323    0.051217
           9     3.81003     3.76843   0.0454676
          10     3.78309     3.76989   0.0406939
          11     3.74442     3.76758   0.0368818
          12     3.77766     3.76842   0.0336788
          13     3.79277     3.77029   0.0310365
          14     3.78344     3.77123   0.0287496
          15     3.61984     3.76114   0.0286041
          16      4.1836     3.78754   0.0375912
          17     3.76325     3.78611   0.0353397
          18      3.5249      3.7716   0.0363417
          19     3.60353     3.76276   0.0354957
          20     3.81191     3.76521   0.0337637
          21     3.85015     3.76926   0.0323694
          22     3.84302     3.77261   0.0310446
          23     3.79609     3.77363   0.0296817
          24     3.70309     3.77069   0.0285697
          25      3.6484      3.7658   0.0278363
          26     3.75861     3.76552   0.0267456
          27      3.6926     3.76282   0.0258773
          28     3.86559     3.76649   0.0252047
          29     3.69603     3.76406   0.0244411
          30     3.67496     3.76109   0.0237984
           1      3.6841      3.6841           0
           2     3.47984     3.58197    0.102129
           3     3.67379     3.61258   0.0664339
           4     3.59137     3.60728   0.0472742
           5     3.70225     3.62627    0.041252
           6     3.66452     3.63265   0.0342801
           7     3.62531      3.6316    0.028991
           8     3.79651     3.65221   0.0324852
           9     3.43831     3.62845    0.037224
          10      3.4013     3.60573   0.0403042
          11     3.33829     3.58142     0.04382
          12     3.66332     3.58824   0.0405801
          13     3.57626     3.58732   0.0373396
          14     3.44951     3.57748    0.035944
          15     3.69804     3.58552   0.0344138
          16     3.46221     3.57781   0.0331008
          17     3.42908     3.56906   0.0323002
          18     3.63787     3.57288   0.0306919
          19     3.53516      3.5709   0.0290995
          20     3.34215     3.55946   0.0298817
          21     3.58784     3.56081   0.0284553
          22      3.7043     3.56733    0.027904
          23     3.41796     3.56084   0.0274428
          24     3.53828      3.5599   0.0262912
          25     3.55082     3.55954   0.0252203
          26     3.58686     3.56059   0.0242537
          27     3.50589     3.55856   0.0234258
          28     3.42542     3.55381   0.0230691
          29      3.6868     3.55839   0.0227269
          30     3.44258     3.55453    0.022293
           1     3.37521     3.37521           0
           2     3.35585     3.36553  0.00967648
           3     3.36064      3.3639  0.00581933
           4     3.41098     3.37567   0.0124688
           5     3.50611     3.40176   0.0278187
           6      3.3065     3.38588   0.0277128
           7     3.36502      3.3829   0.0236104
           8     3.47952     3.39498   0.0237475
           9     3.46513     3.40277   0.0223468
          10     3.57807      3.4203   0.0265856
          11     3.40301     3.41873   0.0240989
          12     3.40524     3.41761   0.0220279
          13     3.48435     3.42274   0.0209029
          14     3.34345     3.41708   0.0201641
          15     3.30539     3.40963   0.0201945
          16     3.37753     3.40763   0.0189965
          17     3.42972     3.40892   0.0178914
          18     3.46938     3.41228   0.0171993
          19     3.52021     3.41796    0.017232
          20     3.28641     3.41139   0.0176214
          21     3.41518     3.41157   0.0167623
          22     3.32617     3.40768   0.0164469
          23     3.33494     3.40452   0.0160306
          24     3.33353     3.40156   0.0156306
          25     3.51751      3.4062   0.0156933
          26     3.31291     3.40261   0.0154987
          27     3.51641     3.40683   0.0154977
          28     3.29821     3.40295   0.0154296
          29      3.4157     3.40339   0.0148946
          30     3.39762      3.4032   0.0143908
           1     3.18494     3.18494           0
           2     3.29523     3.24009   0.0551447
           3     3.24799     3.24272   0.0319465
           4     3.30713     3.25882   0.0277409
           5     3.33056     3.27317   0.0258371
           6     3.25047     3.26939   0.0214326
           7     3.27853     3.27069   0.0181609
           8     3.13625     3.25389   0.0230171
           9     3.15468     3.24286   0.0230988
          10     3.39684     3.25826   0.0257668
          11     3.19874     3.25285   0.0239269
          12     3.30184     3.25693   0.0222204
          13     3.43614     3.27072   0.0246539
          14     3.30582     3.27322   0.0229624
          15     3.13389     3.26394   0.0233077
          16     3.24967     3.26304   0.0218206
          17     3.09098     3.25292   0.0228597
          18     3.18675     3.24925   0.0218637
          19     3.28418     3.25108   0.0207625
          20      3.1963     3.24835   0.0198866
          21     3.10675      3.2416   0.0200818
          22     3.22547     3.24087   0.0191613
          23     3.10988     3.23517   0.0191745
          24     3.13387     3.23095   0.0188372
          25     3.39294     3.23743   0.0191947
          26     3.18912     3.23557    0.018535
          27     3.21944     3.23498   0.0178453
          28     3.13328     3.23134   0.0175756
          29     3.17384     3.22936   0.0170743
          30     3.26889     3.23068   0.0165479
           1     3.14644     3.14644           0
           2     3.32482     3.23563   0.0891869
           3     3.19353      3.2216     0.05337
           4     3.28289     3.23692   0.0407307
           5     3.23803     3.23714   0.0315506
           6     3.06303     3.20812   0.0388032
           7     3.03183     3.18294   0.0413492
           8     3.14931     3.17874   0.0360553
           9     3.14595     3.17509   0.0320058
          10     3.16484     3.17407   0.0286452
          11     3.12314     3.16944   0.0263209
          12     3.08786     3.16264   0.0249708
          13     2.89481     3.14204   0.0308556
          14     3.11032     3.13977   0.0286564
          15     3.22012     3.14513     0.02721
          16     3.04407     3.13881   0.0262247
          17     3.14772     3.13934   0.0246393
          18     3.11431     3.13795   0.0232718
          19     3.20628     3.14154   0.0223047
          20     3.06782     3.13786   0.0214788
          21     3.33827      3.1474   0.0225495
          22     3.13624     3.14689   0.0215061
          23     3.04638     3.14252   0.0210093
          24     3.20117     3.14497   0.0202628
          25     3.25829      3.1495    0.019957
          26     3.08722      3.1471   0.0193231
          27     3.08469     3.14479   0.0187368
          28     3.06394      3.1419   0.0182846
          29     3.03064     3.13807   0.0180552
          30     3.00748     3.13371    0.017978
           1      2.9315      2.9315           0
           2     2.86341     2.89746   0.0340457
           3     3.01836     2.93776    0.044839
           4     2.96282     2.94402   0.0323188
           5     2.98004     2.95123   0.0260496
           6     2.94786     2.95066   0.0212769
           7     2.99747     2.95735   0.0191853
           8     3.02041     2.96523     0.01839
           9     2.95662     2.96428   0.0162467
          10      3.2043     2.98828   0.0280582
          11     2.94813     2.98463   0.0256407
          12     2.84011     2.97259    0.026323
          13       3.039     2.97769   0.0247467
          14     2.91649     2.97332   0.0233244
          15     2.86069     2.96581   0.0229754
          16     2.94605     2.96458    0.021527
          17     2.98523     2.96579   0.0202575
          18     3.13266     2.97506   0.0212299
          19     2.94867     2.97367   0.0201295
          20     3.20224      2.9851   0.0222548
          21     2.91008     2.98153   0.0214679
          22     2.96107      2.9806     0.02049
          23     2.95652     2.97955   0.0196068
          24     2.96251     2.97884   0.0187855
          25     3.01662     2.98035   0.0180817
          26     2.98427     2.98051    0.017373
          27      3.0236      2.9821   0.0167932
          28     3.08097     2.98563   0.0165631
          29     3.07559     2.98873     0.01628
          30     2.90311     2.98588   0.0159849
           1     2.77677     2.77677           0
           2     2.76408     2.77042  0.00634386
           3     2.85935     2.80006   0.0298688
           4     2.93571     2.83398   0.0399505
           5     3.05176     2.87753   0.0534298
           6     2.91725     2.88415   0.0441246
           7      2.6467     2.85023   0.0504121
           8     2.88152     2.85414   0.0438331
           9     2.83717     2.85226   0.0387031
          10     2.82417     2.84945   0.0347308
          11     2.87705     2.85196   0.0315153
          12     2.74776     2.84327   0.0300511
          13     2.83251     2.84245   0.0276554
          14     2.92685     2.84847   0.0263041
          15     2.86903     2.84985   0.0245261
          16     2.86299     2.85067   0.0229568
          17     2.76285      2.8455   0.0221743
          18     2.84361      2.8454   0.0209064
          19     2.93004     2.84985    0.020271
          20     2.90745     2.85273   0.0194452
          21     2.74466     2.84758   0.0191986
          22     2.73877     2.84264   0.0189617
          23     2.87743     2.84415   0.0181815
          24     2.83313     2.84369   0.0174135
          25     2.97279     2.84886   0.0174825
          26     2.89471     2.85062    0.016889
          27     2.87414     2.85149   0.0162748
          28     2.75936      2.8482   0.0160242
          29     2.80036     2.84655   0.0155495
          30     2.86426     2.84714   0.0150339
           1     2.66819     2.66819           0
           2     2.67307     2.67063   0.0024423
           3     2.68887     2.67671  0.00624017
           4     2.68085     2.67775  0.00453218
           5     2.80829     2.70386   0.0263447
           6     2.80875     2.72134   0.0277193
           7     2.76045     2.72693   0.0240842
           8     2.77318     2.73271   0.0216439
           9     2.69896     2.72896    0.019453
          10     2.75668     2.73173   0.0176188
          11     2.76045     2.73434   0.0161493
          12     2.72304      2.7334   0.0147723
          13     2.73087      2.7332   0.0135899
          14     2.83175     2.74024    0.014417
          15     2.73156     2.73966    0.013434
          16     2.67596     2.73568    0.013182
          17     2.70754     2.73403   0.0124926
          18     2.66524     2.73021   0.0123825
          19     2.71241     2.72927   0.0117501
          20     2.77725     2.73167   0.0114023
          21      2.6026     2.72552    0.012466
          22     2.74417     2.72637   0.0119161
          23      2.6887     2.72473   0.0115034
          24     2.68732     2.72317   0.0111234
          25     2.75206     2.72433   0.0107316
          26     2.77342     2.72622    0.010482
          27      2.7509     2.72713   0.0101277
          28     2.78496      2.7292  0.00997546
          29     2.68814     2.72778  0.00972888
          30     2.59729     2.72343   0.0103567
           1     2.80204     2.80204           0
           2     2.56056      2.6813    0.120738
           3     2.76071     2.70777   0.0745651
           4     2.54499     2.66708   0.0666031
           5     2.64862     2.66338   0.0517225
           6     2.58386     2.65013   0.0442624
           7     2.49498     2.62797   0.0434819
           8     2.59539     2.62389    0.037876
           9     2.69439     2.63173   0.0343095
          10     2.65686     2.63424     0.03079
          11     2.67944     2.63835   0.0281521
          12     2.68356     2.64211   0.0259739
          13     2.74354     2.64992   0.0251341
          14     2.64853     2.64982   0.0232699
          15     2.65524     2.65018   0.0216661
          16     2.60885      2.6476   0.0204307
          17     2.55467     2.64213   0.0199545
          18      2.5587      2.6375   0.0193758
          19      2.6903     2.64027   0.0185372
          20     2.62192     2.63936   0.0176099
          21      2.6684     2.64074   0.0168073
          22     2.62966     2.64024   0.0160331
          23     2.68219     2.64206   0.0154283
          24     2.73856     2.64608    0.015309
          25     2.62515     2.64524   0.0147077
          26     2.53445     2.64098   0.0147593
          27     2.55199     2.63769   0.0145796
          28     2.54974     2.63455   0.0143961
          29     2.60904     2.63367   0.0139187
          30     2.57647     2.63176   0.0135812
           1     2.46593     2.46593           0
           2     2.46726     2.46659 0.000663111
           3     2.53446     2.48922   0.0226255
           4     2.59508     2.51568   0.0309256
           5     2.63517     2.53958   0.0338371
           6     2.53519     2.53885   0.0276375
           7     2.45224     2.52648   0.0264324
           8     2.50017     2.52319   0.0231261
           9     2.61451     2.53333     0.02278
          10     2.61708     2.54171    0.022029
          11     2.55126     2.54258   0.0199449
          12     2.58203     2.54587   0.0185015
          13     2.58874     2.54916   0.0173355
          14     2.59936     2.55275   0.0164451
          15      2.5283     2.55112   0.0153961
          16     2.53344     2.55001    0.014444
          17      2.5444     2.54968   0.0135718
          18     2.61396     2.55325   0.0132846
          19      2.5152     2.55125   0.0127246
          20     2.53738     2.55056   0.0120915
          21     2.44168     2.54537   0.0126159
          22     2.63555     2.54947   0.0127079
          23     2.39204     2.54263   0.0139393
          24     2.65134     2.54716   0.0140936
          25     2.45396     2.54343   0.0140227
          26     2.49585      2.5416   0.0135963
          27     2.51864     2.54075   0.0131107
          28     2.53685     2.54061   0.0126345
          29     2.45327      2.5376   0.0125576
          30      2.5125     2.53676   0.0121606
           1     2.41736     2.41736           0
           2      2.3865     2.40193   0.0154299
           3     2.34659     2.38349   0.0204854
           4       2.407     2.38937   0.0156328
           5     2.37572     2.38664   0.0124129
           6     2.36943     2.38377   0.0105328
           7     2.44494     2.39251   0.0124739
           8      2.4237     2.39641    0.011485
           9     2.46585     2.40412    0.012733
          10     2.45981     2.40969   0.0126773
          11     2.56969     2.42424   0.0185219
          12     2.44176      2.4257    0.016971
          13     2.41435     2.42482   0.0156355
          14     2.39719     2.42285   0.0146096
          15     2.46573     2.42571    0.013898
          16     2.53452     2.43251   0.0146718
          17     2.41323     2.43138   0.0138283
          18     2.39126     2.42915   0.0132266
          19     2.34104     2.42451   0.0133429
          20     2.54717     2.43064   0.0140657
          21     2.37249     2.42787   0.0136627
          22     2.45038      2.4289    0.013067
          23     2.47516     2.43091   0.0126469
          24     2.42238     2.43055   0.0121137
          25     2.42042     2.43015   0.0116262
          26     2.44951     2.43089   0.0111948
          27     2.48782       2.433   0.0109767
          28     2.47737     2.43459   0.0106954
          29     2.34699     2.43157    0.010753
          30     2.39968      2.4305   0.0104426
           1     2.29532     2.29532           0
           2     2.30953     2.30242   0.0071071
           3     2.35591     2.32025   0.0182949
           4     2.30333     2.31602   0.0136104
           5     2.34204     2.32122   0.0117567
           6     2.39937     2.33425   0.0161791
           7     2.48514      2.3558   0.0255267
           8     2.39538     2.36075   0.0226534
           9      2.3543     2.36003   0.0199913
          10     2.33914     2.35794   0.0180024
          11     2.28886     2.35166   0.0174529
          12       2.402     2.35586   0.0164751
          13     2.33228     2.35404    0.015263
          14     2.26505     2.34769   0.0154947
          15      2.3808      2.3499   0.0145927
          16     2.42817     2.35479   0.0145005
          17     2.33445     2.35359   0.0136733
          18     2.35048     2.35342   0.0128924
          19     2.35617     2.35356   0.0121959
          20     2.42978     2.35737   0.0121815
          21     2.35996      2.3575   0.0115875
          22     2.40957     2.35986    0.011299
          23     2.36797     2.36022   0.0108023
          24     2.35351     2.35994   0.0103462
          25     2.37479     2.36053  0.00994147
          26     2.34795     2.36005  0.00956371
          27     2.35726     2.35994  0.00920326
          28     2.45429     2.36331  0.00948706
          29     2.40489     2.36475  0.00926567
          30     2.30764     2.36284  0.00915163
           1     2.29869     2.29869           0
           2     2.24052     2.26961   0.0290878
           3     2.23428     2.25783   0.0205107
           4     2.24686     2.25509   0.0147601
           5     2.26289     2.25665    0.011539
           6      2.2996     2.26381   0.0118331
           7     2.16424     2.24958   0.0173883
           8      2.1993      2.2433   0.0163178
           9     2.17137     2.23531   0.0164614
          10     2.24578     2.23635   0.0147607
          11     2.29027     2.24125   0.0142227
          12     2.32335      2.2481   0.0146754
          13     2.23841     2.24735     0.01352
          14     2.26569     2.24866   0.0125854
          15     2.24354     2.24832   0.0117214
          16     2.22942     2.24714   0.0110278
          17     2.21896     2.24548   0.0104906
          18     2.24457     2.24543  0.00989077
          19     2.29571     2.24808  0.00972281
          20     2.26618     2.24898  0.00926815
          21     2.25124     2.24909  0.00881642
          22     2.29699     2.25127  0.00868358
          23     2.23183     2.25042  0.00834039
          24      2.3132     2.25304  0.00840289
          25     2.30577     2.25515  0.00833126
          26     2.27403     2.25587   0.0080373
          27     2.29126     2.25718  0.00784415
          28     2.23489     2.25639  0.00760064
          29     2.26469     2.25667  0.00733945
          30     2.28324     2.25756  0.00714568
           1     2.22224     2.22224           0
           2     2.12432     2.17328   0.0489617
           3     2.16731     2.17129    0.028338
           4     2.14931      2.1658   0.0207777
           5        2.22     2.17664   0.0194051
           6     2.20083     2.18067    0.016349
           7     2.14499     2.17557   0.0147274
           8     2.23143     2.18256   0.0145402
           9     2.16169     2.18024   0.0130311
          10     2.08824     2.17104   0.0148484
          11     2.23538     2.17689   0.0146492
          12     2.21073     2.17971    0.013667
          13     2.20403     2.18158   0.0127103
          14      2.1458     2.17902   0.0120418
          15      2.2406     2.18313   0.0119383
          16     2.12599     2.17956   0.0117244
          17      2.2492     2.18365   0.0117504
          18      2.1447     2.18149   0.0112878
          19     2.18931      2.1819   0.0106851
          20      2.1482     2.18022   0.0102758
          21      2.1402     2.17831  0.00995825
          22     2.22426      2.1804   0.0097218
          23     2.15825     2.17944   0.0093393
          24     2.07515     2.17509  0.00994157
          25     2.17962     2.17527  0.00953734
          26      2.1816     2.17551  0.00916641
          27      2.1976     2.17633  0.00885822
          28     2.16473     2.17592  0.00854604
          29     2.15428     2.17517  0.00827977
          30      2.2195     2.17665  0.00813435
           1      2.1391      2.1391           0
           2     2.10084     2.11997   0.0191327
           3     2.14213     2.12736   0.0132876
           4      2.0594     2.11037   0.0194136
           5     2.05044     2.09838   0.0192303
           6     2.06513     2.09284   0.0166507
           7     2.20183     2.10841   0.0209868
           8     2.09552      2.1068   0.0182464
           9      2.0704     2.10275   0.0165923
          10     2.06383     2.09886   0.0153424
          11     2.10438     2.09936   0.0138868
          12     2.10257     2.09963   0.0126797
          13     2.12544     2.10162   0.0118314
          14     2.11723     2.10273   0.0110104
          15     2.12961     2.10452   0.0104056
          16     2.03949     2.10046   0.0105481
          17     2.19888     2.10625   0.0114757
          18     2.10298     2.10607    0.010821
          19     2.08675     2.10505   0.0102859
          20     2.10613      2.1051  0.00975825
          21     2.13139     2.10636  0.00936598
          22     2.13281     2.10756  0.00901074
          23     2.04965     2.10504  0.00897061
          24      2.0581     2.10308  0.00880859
          25      2.0702     2.10177  0.00855069
          26     2.11861     2.10242  0.00824072
          27     2.07588     2.10143  0.00799032
          28     2.07097     2.10035  0.00777613
          29      2.1057     2.10053  0.00750547
          30     1.96838     2.09613  0.00848413
           1     2.08936     2.08936           0
           2     2.04293     2.06614   0.0232194
           3     2.05557     2.06262   0.0138617
           4     2.02251     2.05259    0.014022
           5     2.08568     2.05921   0.0127189
           6     2.07386     2.06165   0.0106681
           7     2.02693     2.05669   0.0102908
           8     2.13005     2.06586   0.0127869
           9     2.06404     2.06566   0.0112788
          10     2.02231     2.06132   0.0109801
          11     2.02999     2.05847   0.0103322
          12     2.07283     2.05967  0.00950757
          13     2.12056     2.06436  0.00992101
          14     2.05628     2.06378  0.00920316
          15     2.02975     2.06151  0.00886292
          16     2.04699      2.0606  0.00833999
          17     2.00796     2.05751  0.00842391
          18     2.05098     2.05714  0.00795042
          19     2.03327     2.05589  0.00762455
          20     1.95199     2.05069  0.00890533
          21     2.09533     2.05282  0.00873326
          22     1.99457     2.05017  0.00873763
          23     2.01312     2.04856  0.00850305
          24     1.99231     2.04622   0.0084717
          25     2.01895     2.04513  0.00819863
          26     2.02143     2.04421  0.00792953
          27     2.00934     2.04292  0.00773871
          28     2.09796     2.04489  0.00771194
          29     2.10664     2.04702  0.00773991
          30     1.97362     2.04457  0.00786753
           1     1.96277     1.96277           0
           2     1.96951     1.96614  0.00336557
           3      1.9283     1.95353    0.012763
           4     1.97237     1.95824   0.0101799
           5     1.94311     1.95521  0.00844569
           6     2.05507     1.97185    0.018015
           7      1.8842     1.95933   0.0197138
           8     1.95891     1.95928   0.0170727
           9     2.03249     1.96741   0.0171135
          10     1.95173     1.96584   0.0153869
          11     1.95553     1.96491   0.0139495
          12     1.95487     1.96407   0.0127616
          13     1.90335      1.9594   0.0126341
          14     2.01456     1.96334   0.0123426
          15     1.92866     1.96103   0.0117206
          16      2.0093     1.96404   0.0113711
          17     1.90575     1.96061   0.0112182
          18     1.90986      1.9578    0.010946
          19     1.99001     1.95949   0.0104919
          20      1.9607     1.95955  0.00995363
          21     2.02138      1.9625  0.00991498
          22     1.99726     1.96408  0.00958476
          23     1.93038     1.96261  0.00927499
          24     1.99636     1.96402  0.00899078
          25     1.92681     1.96253  0.00875114
          26     1.91278     1.96062  0.00862281
          27     1.95974     1.96058  0.00829736
          28     2.03761     1.96333   0.0084556
          29     1.88951     1.96079  0.00854674
          30     1.94763     1.96035  0.00826858
           1     1.96289     1.96289           0
           2     1.87075     1.91682   0.0460675
           3     1.83343     1.88902   0.0384703
           4     1.87514     1.88555   0.0274233
           5     1.90145     1.88873   0.0214787
           6     1.92424     1.89465    0.018509
           7     1.99655     1.90921   0.0213686
           8     1.95667     1.91514   0.0194336
           9     1.90845      1.9144   0.0171549
          10     1.82023     1.90498   0.0180031
          11     1.90869     1.90532   0.0162879
          12     1.90179     1.90502   0.0148716
          13     1.84738     1.90059   0.0143807
          14     1.94004     1.90341   0.0136089
          15     1.89376     1.90276   0.0126855
          16     1.94216     1.90523   0.0121189
          17     1.96762      1.9089   0.0119608
          18      1.9499     1.91117   0.0115045
          19     1.92387     1.91184   0.0109027
          20     1.87629     1.91006   0.0104949
          21     1.93642     1.91132   0.0100612
          22      1.9361     1.91245  0.00965891
          23     1.91729     1.91266  0.00923181
          24     1.91159     1.91261   0.0088389
          25     1.95699     1.91439  0.00866177
          26       1.887     1.91333  0.00838836
          27     1.89755     1.91275  0.00809286
          28     1.89718     1.91219  0.00781827
          29     1.95198     1.91357  0.00766759
          30     1.93409     1.91425  0.00743911
           1      1.8188      1.8188           0
           2     1.82447     1.82163  0.00283362
           3     1.92323      1.8555   0.0339054
           4     1.83512      1.8504   0.0245102
           5     1.89058     1.85844   0.0206155
           6     1.91914     1.86856   0.0196389
           7     1.81924     1.86151   0.0180314
           8      1.8412     1.85897   0.0158206
           9     1.81702     1.85431   0.0147107
          10     1.77772     1.84665   0.0152246
          11     1.87322     1.84907   0.0139815
          12     1.89367     1.85278   0.0132935
          13     1.84937     1.85252   0.0122311
          14     1.82453     1.85052   0.0114989
          15     1.90133     1.85391   0.0112279
          16     1.88902      1.8561   0.0107296
          17     1.86572     1.85667   0.0100946
          18     1.79444     1.85321   0.0101257
          19     1.86447      1.8538  0.00959629
          20      1.7944     1.85083  0.00957613
          21     1.87176     1.85183  0.00916304
          22      1.8018     1.84956  0.00902775
          23     1.87924     1.85085  0.00872234
          24     1.77913     1.84786  0.00886954
          25     1.87454     1.84893  0.00857407
          26     1.85158     1.84903  0.00823833
          27     1.83386     1.84847  0.00794723
          28      1.8561     1.84874    0.007663
          29     1.85859     1.84908  0.00740183
          30     1.83186      1.8485  0.00717384
           1      1.7521      1.7521           0
           2     1.89719     1.82464    0.072541
           3      1.7685     1.80593   0.0458732
           4     1.76294     1.79518   0.0341714
           5     1.78699     1.79354   0.0265197
           6     1.76906     1.78946   0.0220344
           7     1.78664     1.78906   0.0186268
           8     1.84067     1.79551   0.0173736
           9      1.8334     1.79972     0.01589
          10     1.82492     1.80224   0.0144342
          11     1.87408     1.80877   0.0145983
          12     1.82149     1.80983   0.0133685
          13     1.85953     1.81365   0.0128778
          14     1.84389     1.81581   0.0121166
          15     1.80651     1.81519    0.011297
          16     1.72713     1.80969   0.0119149
          17     1.78265      1.8081   0.0113045
          18     1.87003     1.81154   0.0111997
          19     1.79742      1.8108   0.0106199
          20      1.8088      1.8107   0.0100754
          21      1.8451     1.81234  0.00972267
          22     1.76799     1.81032  0.00948681
          23     1.77617     1.80884  0.00918577
          24     1.77796     1.80755  0.00888832
          25     1.83007     1.80845  0.00857284
          26     1.79664     1.80799  0.00824904
          27     1.75077     1.80588  0.00821577
          28      1.7928     1.80541  0.00793067
          29     1.77592     1.80439  0.00771959
          30     1.78825     1.80385   0.0074772
           1     1.73678     1.73678           0
           2     1.75344     1.74511  0.00833052
           3      1.7425     1.74424  0.00488748
           4     1.74652     1.74481  0.00350276
           5     1.74104     1.74406  0.00281613
           6     1.77448     1.74913  0.00556734
           7      1.7738     1.75265  0.00587874
           8     1.72926     1.74973  0.00587096
           9      1.7805     1.75315   0.0062046
          10     1.78202     1.75604  0.00625592
          11      1.7506     1.75554  0.00568026
          12     1.75538     1.75553  0.00518536
          13     1.79057     1.75822  0.00547884
          14     1.73975      1.7569  0.00524115
          15     1.71482      1.7541  0.00562838
          16     1.69346     1.75031  0.00648723
          17     1.74298     1.74988  0.00610891
          18     1.70766     1.74753  0.00621886
          19     1.71784     1.74597  0.00608654
          20     1.68171     1.74276  0.00660789
          21     1.71832     1.74159  0.00639211
          22      1.7873     1.74367  0.00643905
          23     1.75023     1.74395  0.00615933
          24     1.72788     1.74328  0.00593504
          25     1.71305     1.74208  0.00581975
          26     1.75384     1.74253   0.0056097
          27     1.77716     1.74381  0.00554827
          28     1.78444     1.74526  0.00553989
          29     1.74897     1.74539  0.00534698
          30     1.77516     1.74638   0.0052601
           1     1.73716     1.73716           0
           2     1.67279     1.70497   0.0321852
           3     1.69022     1.70005   0.0192219
           4     1.69603     1.69905   0.0136292
           5     1.74892     1.70902   0.0145243
           6      1.6834     1.70475   0.0126045
           7     1.62303     1.69308   0.0158044
           8     1.69109     1.69283   0.0136892
           9     1.65109     1.68819   0.0129328
          10     1.73851     1.69322   0.0126144
          11     1.69918     1.69376    0.011423
          12     1.62014     1.68763   0.0120987
          13     1.64598     1.68442    0.011581
          14     1.75281     1.68931   0.0117821
          15     1.64564      1.6864   0.0113482
          16     1.66655     1.68516   0.0106875
          17     1.76608     1.68992   0.0111106
          18     1.65242     1.68784   0.0106803
          19     1.64629     1.68565   0.0103365
          20     1.68392     1.68556  0.00980642
          21     1.72477     1.68743  0.00951278
          22     1.70154     1.68807  0.00909275
          23     1.73904     1.69029  0.00896658
          24     1.70367     1.69084  0.00860293
          25     1.66118     1.68966  0.00833651
          26     1.69554     1.68988  0.00801265
          27     1.68793     1.68981  0.00771051
          28     1.73009     1.69125    0.007568
          29     1.68846     1.69115  0.00730301
          30     1.64771     1.68971  0.00720244
           1     1.63186     1.63186           0
           2     1.61532     1.62359  0.00827178
           3     1.62493     1.62404  0.00479665
           4     1.64712     1.62981  0.00669345
           5     1.65942     1.63573  0.00787118
           6     1.69892     1.64626   0.0123379
           7     1.57281     1.63577   0.0147932
           8     1.62948     1.63498   0.0128354
           9     1.67456     1.63938   0.0121441
          10      1.6917     1.64461   0.0120562
          11     1.69633     1.64931   0.0118755
          12     1.65427     1.64973   0.0108487
          13     1.67288     1.65151   0.0101369
          14     1.74535     1.65821    0.011533
          15     1.61704     1.65547   0.0110819
          16     1.66228     1.65589   0.0103749
          17     1.64358     1.65517  0.00977244
          18      1.6463     1.65468  0.00922671
          19     1.66409     1.65517  0.00874165
          20     1.61269     1.65305  0.00856069
          21     1.67563     1.65412  0.00821351
          22      1.5755     1.65055  0.00860819
          23     1.62951     1.64963  0.00827611
          24     1.69279     1.65143  0.00812528
          25     1.63315      1.6507  0.00782775
          26     1.64493     1.65048  0.00752393
          27     1.57652     1.64774  0.00774071
          28     1.61823     1.64669  0.00753324
          29     1.67113     1.64753  0.00731754
          30      1.5901     1.64561    0.007324
           1      1.5787      1.5787           0
           2      1.6411      1.6099      0.0312
           3     1.58872     1.60284    0.019347
           4     1.55462     1.59078   0.0182342
           5     1.61669     1.59596   0.0150442
           6      1.5614      1.5902   0.0135677
           7     1.63659     1.59683   0.0132438
           8     1.59763     1.59693   0.0114699
           9     1.61173     1.59857   0.0102483
          10     1.60871     1.59959  0.00922231
          11     1.61768     1.60123  0.00850254
          12     1.53376     1.59561  0.00958423
          13     1.61966     1.59746  0.00900823
          14     1.58028     1.59623  0.00842985
          15     1.62611     1.59823  0.00809663
          16     1.60817     1.59885  0.00759918
          17     1.53618     1.59516  0.00803395
          18     1.62661     1.59691  0.00777333
          19     1.64526     1.59945  0.00778085
          20     1.60539     1.59975  0.00738753
          21     1.59335     1.59944  0.00703356
          22     1.59035     1.59903  0.00671897
          23     1.64848     1.60118  0.00677055
          24     1.55964     1.59945  0.00670939
          25     1.62477     1.60046  0.00651461
          26     1.58361     1.59981  0.00629253
          27     1.61996     1.60056  0.00610079
          28     1.62297     1.60136  0.00593307
          29     1.60435     1.60146  0.00572576
          30     1.55655     1.59997  0.00573058
           1      1.5471      1.5471           0
           2     1.57974     1.56342     0.01632
           3     1.57687     1.56791   0.0104346
           4     1.57893     1.57066  0.00787572
           5     1.52241     1.56101   0.0114176
           6     1.57857     1.56394  0.00977084
           7     1.55868     1.56319  0.00829189
           8     1.57556     1.56473   0.0073456
           9     1.60373     1.56907  0.00779365
          10     1.53521     1.56568  0.00774968
          11      1.5515     1.56439  0.00712745
          12     1.61128      1.5683   0.0075894
          13     1.57215     1.56859  0.00698751
          14      1.5122     1.56457  0.00762074
          15     1.51198     1.56106  0.00791355
          16     1.54366     1.55997   0.0074819
          17     1.50576     1.55678  0.00771759
          18     1.53468     1.55556  0.00737911
          19     1.57268     1.55646  0.00703786
          20      1.5463     1.55595    0.006696
          21      1.5633      1.5563  0.00637876
          22     1.58449     1.55758  0.00621549
          23     1.56078     1.55772  0.00594073
          24      1.5252     1.55636  0.00584698
          25     1.50036     1.55412  0.00603914
          26     1.56612     1.55459  0.00582053
          27     1.54119     1.55409  0.00562274
          28     1.54248     1.55367  0.00543405
          29      1.5644     1.55404  0.00525634
          30     1.55962     1.55423  0.00508151
           1     1.51087     1.51087           0
           2     1.53239     1.52163   0.0107621
           3     1.45498     1.49942   0.0230682
           4     1.49256      1.4977   0.0164015
           5     1.51348     1.50086   0.0130908
           6     1.49775     1.50034   0.0107011
           7     1.59507     1.51387    0.016277
           8      1.5476     1.51809   0.0147132
           9     1.51977     1.51827   0.0129772
          10     1.48254      1.5147   0.0121448
          11     1.51776     1.51498   0.0109889
          12     1.46946     1.51119   0.0107247
          13     1.53579     1.51308   0.0100452
          14     1.44634     1.50831   0.0104506
          15     1.54281     1.51061  0.00999721
          16     1.50996     1.51057  0.00935162
          17      1.5278     1.51158  0.00884258
          18      1.5329     1.51277  0.00842052
          19     1.54607     1.51452  0.00815557
          20     1.50933     1.51426   0.0077414
          21      1.5247     1.51476  0.00738029
          22     1.48973     1.51362  0.00712818
          23     1.51372     1.51362  0.00681121
          24     1.50413     1.51323  0.00653323
          25     1.50218     1.51279  0.00628203
          26     1.54163      1.5139  0.00613665
          27     1.51142      1.5138  0.00590571
          28      1.5025      1.5134  0.00570519
          29     1.52022     1.51364  0.00550997
          30     1.51222     1.51359  0.00532334
           1     1.44513     1.44513           0
           2     1.50564     1.47538   0.0302559
           3     1.47741     1.47606   0.0174813
           4     1.43889     1.46677   0.0154648
           5     1.42431     1.45827   0.0146831
           6     1.48633     1.46295   0.0128681
           7     1.52227     1.47142   0.0137878
           8     1.44382     1.46797   0.0124293
           9     1.49058     1.47049   0.0112458
          10     1.48906     1.47234   0.0102286
          11     1.48454     1.47345  0.00931836
          12     1.46898     1.47308  0.00851463
          13     1.48008     1.47362  0.00785081
          14     1.44695     1.47171  0.00751397
          15     1.35608       1.464   0.0104097
          16     1.48135     1.46509  0.00979749
          17       1.486     1.46632  0.00928501
          18     1.44947     1.46538  0.00880387
          19     1.44463     1.46429  0.00839897
          20     1.54024     1.46809  0.00882674
          21     1.44992     1.46722  0.00844033
          22     1.48269     1.46793  0.00807818
          23     1.45908     1.46754  0.00772854
          24     1.42696     1.46585  0.00759023
          25     1.46222      1.4657  0.00728174
          26     1.45453     1.46528  0.00700925
          27     1.47505     1.46564  0.00675437
          28     1.50618     1.46709  0.00666777
          29     1.43355     1.46593  0.00653684
          30     1.43361     1.46485  0.00640643
           1     1.45836     1.45836           0
           2     1.38287     1.42061   0.0377463
           3     1.48971     1.44364   0.0317073
           4     1.37939     1.42758   0.0275817
           5     1.40708     1.42348   0.0217544
           6     1.46367     1.43018   0.0189836
           7     1.43217     1.43046   0.0160466
           8     1.44694     1.43252   0.0140485
           9     1.45388      1.4349   0.0126149
          10     1.43696      1.4351    0.011285
          11     1.47785     1.43899   0.0109223
          12     1.44385     1.43939  0.00997882
          13      1.4086     1.43703  0.00947992
          14     1.49032     1.44083  0.00956661
          15     1.38523     1.43712  0.00964676
          16     1.40153      1.4349  0.00929388
          17     1.45164     1.43588  0.00878544
          18     1.41211     1.43456  0.00838764
          19     1.43679     1.43468  0.00793477
          20     1.42269     1.43408  0.00755144
          21     1.43693     1.43422  0.00718413
          22     1.44477      1.4347  0.00686657
          23     1.45352     1.43552  0.00661209
          24     1.43727     1.43559  0.00633102
          25     1.43803     1.43569  0.00607329
          26     1.46116     1.43667  0.00591672
          27     1.42154     1.43611  0.00572085
          28     1.47005     1.43732  0.00564445
          29     1.46475     1.43826  0.00552788
          30     1.41769     1.43758   0.0053843
           1     1.41832     1.41832           0
           2     1.38254     1.40043   0.0178916
           3     1.38006     1.39364   0.0123617
           4     1.41209     1.39825  0.00988357
           5     1.37793     1.39419  0.00866822
           6      1.3295     1.38341   0.0128961
           7      1.3915     1.38456   0.0109604
           8     1.37918     1.38389  0.00951579
           9     1.37819     1.38326  0.00841601
          10     1.39007     1.38394  0.00755831
          11     1.41637     1.38689  0.00744532
          12     1.40175     1.38813  0.00690848
          13     1.38689     1.38803   0.0063556
          14      1.3351     1.38425  0.00699419
          15     1.36532     1.38299  0.00663236
          16     1.40842     1.38458  0.00640438
          17     1.44022     1.38785  0.00684854
          18     1.42018     1.38965  0.00670202
          19     1.38147     1.38922  0.00635406
          20     1.38178     1.38884  0.00603943
          21     1.37447     1.38816  0.00578527
          22     1.38392     1.38797  0.00551941
          23     1.40326     1.38863   0.0053157
          24     1.38267     1.38838  0.00509545
          25     1.41923     1.38962  0.00504074
          26     1.42721     1.39106  0.00505426
          27     1.40923     1.39174  0.00490978
          28     1.39657     1.39191  0.00473433
          29     1.38213     1.39157  0.00458059
          30     1.37539     1.39103  0.00445802
           1     1.37063     1.37063           0
           2     1.35796      1.3643  0.00633333
           3     1.36818     1.36559  0.00387943
           4     1.35148     1.36206  0.00446898
           5      1.3867     1.36699  0.00602144
           6     1.33836     1.36222  0.00685143
           7     1.35329     1.36094  0.00592941
           8     1.34249     1.35864  0.00562914
           9     1.37519     1.36048  0.00529415
          10     1.36263     1.36069  0.00474014
          11      1.3336     1.35823  0.00494452
          12     1.35069      1.3576  0.00455721
          13     1.33757     1.35606  0.00446615
          14     1.40027     1.35922  0.00520298
          15     1.39985     1.36193  0.00554953
          16     1.35191      1.3613  0.00522873
          17      1.3439     1.36028  0.00501701
          18     1.35507     1.35999  0.00473894
          19     1.41958     1.36312  0.00547094
          20     1.37166     1.36355   0.0052077
          21     1.38888     1.36476  0.00509827
          22     1.37495     1.36522  0.00488303
          23     1.36167     1.36507  0.00466846
          24     1.36353       1.365  0.00447016
          25     1.30657     1.36266  0.00488335
          26     1.34779     1.36209   0.0047265
          27     1.32297     1.36064  0.00477337
          28     1.37575     1.36118  0.00463129
          29     1.35867      1.3611  0.00446958
          30     1.33155     1.36011  0.00442892
