           1    0.140712    0.140712           0
           2    0.313851    0.227281   0.0865693
           3   -0.051112    0.134484    0.105402
           4  -0.0227867    0.095166   0.0842652
           5   0.0317493   0.0824827   0.0664924
           6   -0.314976   0.0162396   0.0856484
           7    0.555219   0.0932366     0.10568
           8    0.215707    0.108545   0.0927932
           9   -0.114939   0.0837138   0.0855203
          10   -0.102477   0.0650947   0.0787251
          11    0.255019   0.0823605   0.0732728
          12    0.018528   0.0770411   0.0670998
          13    0.424133    0.103741   0.0672501
          14    0.211005    0.111402   0.0627311
          15    0.712979    0.151507   0.0708443
          16   -0.175517    0.131068   0.0693492
          17   -0.163861     0.11372   0.0674128
          18   0.0743707    0.111533    0.063595
          19    0.330032    0.123033   0.0612442
          20   -0.174536    0.108155   0.0599761
          21  -0.0640827   0.0999531   0.0576352
          22   -0.585965    0.068775   0.0631816
          23    0.390248   0.0827521   0.0619689
          24   -0.107952   0.0748061   0.0598605
          25    0.330744   0.0850436   0.0583217
          26    0.262757   0.0918788    0.056449
          27   -0.212768   0.0805956   0.0554776
          28    0.625291    0.100049    0.056889
          29    0.380259    0.109711   0.0557362
          30   0.0370427    0.107289   0.0539008
           1   -0.307056   -0.307056           0
           2   -0.197997   -0.252527   0.0545293
           3   -0.402504   -0.302519   0.0590796
           4   -0.143251   -0.262702   0.0577113
           5   -0.174845   -0.245131   0.0480324
           6   -0.103187   -0.221473   0.0458011
           7   -0.509501    -0.26262   0.0564929
           8   0.0762587    -0.22026   0.0647143
           9    0.156008   -0.178453   0.0707472
          10     0.04492   -0.156115    0.067105
          11   -0.304872   -0.169639    0.062187
          12   -0.246109   -0.176011   0.0571253
          13    0.313203   -0.138379   0.0646329
          14   0.0526053   -0.124738   0.0613737
          15    0.121075    -0.10835   0.0594395
          16   -0.134963   -0.110013   0.0556254
          17   -0.448376   -0.129917   0.0559135
          18    0.183693   -0.112494   0.0555203
          19    0.145261  -0.0989283   0.0542409
          20  0.00169867  -0.0938969   0.0517028
          21    0.095264  -0.0848893   0.0499973
          22    0.179456  -0.0728736   0.0491615
          23  -0.0506027  -0.0719053   0.0469855
          24    0.534955  -0.0466194   0.0516046
          25    0.115195  -0.0401469   0.0499188
          26    0.493765  -0.0196118   0.0521718
          27    0.132128  -0.0139918   0.0505159
          28    0.187971 -0.00677886   0.0492098
          29   -0.313677  -0.0173616   0.0486476
          30    0.183099  -0.0106796   0.0474707
           1    0.104387    0.104387           0
           2    0.140459    0.122423    0.018036
           3    0.293008    0.179284   0.0578074
           4  -0.0320773    0.126444   0.0668054
           5     0.29772    0.160699    0.062058
           6   -0.148867    0.109105   0.0723148
           7   0.0213173   0.0965638   0.0623906
           8    0.122312   0.0997823   0.0541276
           9    0.248051    0.116257   0.0504989
          10   -0.141421   0.0904888   0.0520008
          11    -0.27568   0.0572007   0.0576241
          12     0.34292   0.0810107    0.057741
          13    0.201997   0.0903173   0.0539232
          14     0.29416    0.104878   0.0520031
          15   -0.394181   0.0716069   0.0587425
          16  -0.0940587   0.0612528   0.0559156
          17    -0.03276   0.0557227   0.0528139
          18    0.133299   0.0600324   0.0499795
          19   0.0244613   0.0581603    0.047313
          20    0.170856   0.0637951   0.0452373
          21    0.276661   0.0739316   0.0442071
          22   -0.340245   0.0551053   0.0461631
          23    0.266483   0.0642957   0.0450576
          24    0.133133   0.0671639   0.0432346
          25    0.011632   0.0649426   0.0415286
          26   -0.115264   0.0580116    0.040497
          27   -0.020288   0.0551116    0.039076
          28  -0.0698613   0.0506483   0.0379182
          29   -0.102051   0.0453828   0.0369642
          30  -0.0532907   0.0420937    0.035862
           1    0.082224    0.082224           0
           2  -0.0276613   0.0272813   0.0549427
           3    0.101669   0.0520773   0.0402626
           4   -0.163243 -0.00175267    0.060895
           5   0.0247013  0.00353813   0.0474649
           6   -0.126981  -0.0182151   0.0444426
           7 -0.00925067  -0.0169345   0.0375827
           8   -0.182805  -0.0376683   0.0385906
           9    0.036392  -0.0294394   0.0350144
          10    0.314891   0.0049936    0.046545
          11   -0.124301 -0.00676048   0.0437116
          12  -0.0786773  -0.0127536   0.0403506
          13   0.0387547 -0.00879138    0.037328
          14    0.133995  0.00140762   0.0360326
          15   -0.177781  -0.0105383   0.0356081
          16   -0.164597   -0.020167   0.0346721
          17   0.0124853  -0.0182463   0.0326254
          18    0.175688 -0.00747215   0.0325919
          19   -0.187312  -0.0169374   0.0322491
          20    0.191408 -0.00652013   0.0323191
          21   -0.045312 -0.00836737   0.0307971
          22  0.00302933 -0.00784933   0.0293684
          23    0.239149  0.00288974   0.0300472
          24   -0.139597 -0.00304722   0.0293742
          25  -0.0803627 -0.00613984    0.028344
          26  -0.0771147 -0.00886964   0.0273685
          27   -0.165101   -0.014656   0.0269635
          28    0.205616 -0.00678914   0.0271475
          29     -0.1654  -0.0122585   0.0267596
          30   0.0255787  -0.0109972   0.0258829
           1     -0.1396     -0.1396           0
           2  -0.0752693   -0.107435   0.0321653
           3    -0.18492   -0.133263   0.0318116
           4    -0.02124   -0.105257   0.0359209
           5   -0.059712  -0.0961483   0.0292773
           6  -0.0514427  -0.0886973   0.0250391
           7   0.0400773   -0.070301   0.0280402
           8    0.097744  -0.0492953    0.032108
           9   -0.266485  -0.0734276   0.0372048
          10   -0.078752    -0.07396   0.0332812
          11   0.0567573  -0.0620766   0.0323646
          12    0.150283    -0.04438   0.0344392
          13    0.118203  -0.0318736   0.0340587
          14    0.126563  -0.0205568   0.0335016
          15   -0.035648  -0.0215628   0.0312045
          16    0.150125  -0.0108323    0.031099
          17   0.0933733 -0.00470259   0.0298486
          18   -0.133323  -0.0118481   0.0290346
          19  -0.0715547  -0.0149906   0.0276431
          20    0.127248 -0.00787867   0.0271718
          21    0.192768  0.00167594   0.0275551
          22   -0.358803  -0.0147095   0.0309635
          23    0.084584  -0.0103923      0.0299
          24   -0.132715  -0.0154891   0.0290772
          25   -0.086264  -0.0183201   0.0280332
          26   -0.075056  -0.0205023   0.0270217
          27    0.008808  -0.0194167   0.0260243
          28     0.19872  -0.0116261   0.0262599
          29  -0.0528667  -0.0130482    0.025378
          30    0.116987 -0.00871369   0.0248977
           1  -0.0379787  -0.0379787           0
           2  -0.0247467  -0.0313627    0.006616
           3  -0.0838933  -0.0488729    0.017922
           4  -0.0303867  -0.0442513   0.0134892
           5    0.146579 -0.00608533   0.0395704
           6   -0.036672  -0.0111831   0.0327088
           7   -0.060928  -0.0182895   0.0285428
           8     0.00476  -0.0154083   0.0248861
           9    0.257651   0.0149316    0.037446
          10   0.0309387   0.0165323   0.0335309
          11   0.0854293   0.0227956   0.0309698
          12   -0.049584    0.016764   0.0289077
          13   -0.167864  0.00256185   0.0301462
          14   0.0240747  0.00409848   0.0279523
          15  -0.0178693  0.00263396   0.0260633
          16   0.0304107     0.00437   0.0244417
          17    0.012192  0.00483012   0.0229636
          18  -0.0262267  0.00310474   0.0217189
          19    0.095728  0.00797965   0.0211145
          20    0.085568   0.0118591   0.0204032
          21   0.0992027   0.0160183    0.019848
          22   0.0915333   0.0194508   0.0192331
          23    0.205317   0.0275319   0.0200761
          24 -0.00373333   0.0262292   0.0192655
          25   0.0436987    0.026928   0.0184921
          26  -0.0437627   0.0242091   0.0179734
          27  -0.0931093    0.019864   0.0178324
          28  0.00574933   0.0193599   0.0171911
          29     0.00464   0.0188523   0.0165955
          30  -0.0557813   0.0163645   0.0162247
           1  -0.0512693  -0.0512693           0
           2  -0.0875547   -0.069412   0.0181427
           3   0.0338747  -0.0349831    0.035987
           4    0.008848  -0.0240253   0.0277057
           5   0.0726107 -0.00469813   0.0288809
           6   0.0922533   0.0114604   0.0285862
           7    0.093888   0.0232358   0.0268766
           8   -0.108069  0.00682267   0.0284808
           9    0.112856   0.0186041   0.0277435
          10   0.0482027    0.021564   0.0249904
          11    0.148832   0.0331338   0.0253936
          12    0.015264   0.0316447   0.0232288
          13    0.122648   0.0386449   0.0224849
          14  -0.0577867    0.031757   0.0219269
          15   0.0108693   0.0303644   0.0204603
          16   0.0386027   0.0308793   0.0191458
          17   -0.072824   0.0247791   0.0189907
          18  -0.0154773   0.0225427   0.0180438
          19    0.114837   0.0274003   0.0177455
          20   0.0979387   0.0309272   0.0172004
          21   0.0543573   0.0320429   0.0163988
          22   0.0958693   0.0349441   0.0159025
          23  -0.0325707   0.0320087   0.0154763
          24 0.000965333   0.0307152   0.0148738
          25   0.0702107    0.032295   0.0143536
          26   -0.139891   0.0256725   0.0152983
          27  -0.0653867      0.0223   0.0151022
          28   -0.104525   0.0177705   0.0152414
          29   -0.015824    0.016612    0.014752
          30    -0.06216   0.0139863   0.0144916
           1  -0.0755413  -0.0755413           0
           2   0.0491547  -0.0131933    0.062348
           3   -0.150168  -0.0588516   0.0581415
           4    0.115795    -0.01519   0.0599712
           5    0.041472  -0.0038576   0.0478158
           6  -0.0685627  -0.0146418   0.0405035
           7    -0.00676  -0.0135158   0.0342502
           8  0.00511467   -0.011187   0.0297528
           9    0.034456 -0.00611556   0.0267251
          10  -0.0183573 -0.00733973    0.023935
          11   -0.095472  -0.0153518    0.023085
          12   -0.144035  -0.0260753   0.0236451
          13    -0.10628  -0.0322449   0.0226084
          14  -0.0501467  -0.0335236   0.0209704
          15  -0.0755653  -0.0363264   0.0197225
          16   -0.057776   -0.037667   0.0184974
          17    0.132395  -0.0276634   0.0200492
          18  -0.0156347  -0.0269951   0.0189144
          19   0.0533227  -0.0227679   0.0183839
          20  -0.0352693  -0.0233929   0.0174517
          21   0.0580773  -0.0195134   0.0170472
          22   -0.053216  -0.0210453   0.0163259
          23 -0.00850933  -0.0205003   0.0156094
          24  -0.0268053   -0.020763   0.0149472
          25  -0.0663733  -0.0225874   0.0144525
          26   0.0236747  -0.0208081    0.013999
          27  -0.0443653  -0.0216806   0.0134988
          28 -0.00554667  -0.0211044   0.0130205
          29   0.0178347  -0.0197617    0.012635
          30 -0.00718133  -0.0193423   0.0122138
           1   0.0505947   0.0505947           0
           2  -0.0121867    0.019204   0.0313907
           3   0.0386213   0.0256764   0.0192445
           4  -0.0477893     0.00731   0.0228583
           5   -0.116787  -0.0175093   0.0304877
           6  0.00763467  -0.0133187   0.0252434
           7   -0.067184  -0.0210137   0.0226799
           8   0.0256027  -0.0151867   0.0204875
           9   0.0293307  -0.0102403   0.0187331
          10    0.115808  0.00236453   0.0209672
          11    0.038608  0.00565939   0.0192497
          12    -0.03756  0.00205778   0.0179377
          13   0.0685387  0.00717169   0.0172746
          14 -0.00523733  0.00628533   0.0160177
          15   0.0842373   0.0114821   0.0157913
          16 -0.00625067   0.0103738   0.0148129
          17  -0.0142533  0.00892518   0.0139895
          18    0.079584   0.0128507   0.0137612
          19  -0.0455333  0.00977782   0.0133746
          20     0.03208   0.0108929   0.0127372
          21    -0.05884  0.00757232   0.0125623
          22    0.019784  0.00812739   0.0119905
          23  -0.0811467  0.00424591    0.012097
          24   0.0170747  0.00478044   0.0115943
          25  -0.0150747  0.00398624   0.0111492
          26    0.109896  0.00805969   0.0114602
          27    0.044312  0.00940237    0.011109
          28  -0.0258427  0.00814362   0.0107786
          29   0.0461067  0.00945269   0.0104824
          30  -0.0230213  0.00837022   0.0101846
           1  0.00246933  0.00246933           0
           2    0.051072   0.0267707   0.0243013
           3   0.0348347   0.0294587   0.0142856
           4   -0.039728    0.012162   0.0200303
           5   0.0483813   0.0194059   0.0171231
           6   0.0936507     0.03178   0.0186705
           7  -0.0323893    0.022613    0.018249
           8     0.04688   0.0256463   0.0160926
           9   -0.066224   0.0154385    0.017482
          10   0.0404373   0.0179384    0.015835
          11  0.00493867   0.0167566   0.0143719
          12    0.128997     0.02611   0.0161125
          13  -0.0716853   0.0185873   0.0166212
          14   0.0123387    0.018141   0.0153947
          15   -0.025912   0.0152041   0.0146295
          16      0.0288   0.0160538    0.013711
          17      0.0156   0.0160271   0.0128793
          18   0.0344667   0.0170516   0.0121858
          19   0.0557307   0.0190873    0.011705
          20  -0.0191947   0.0171732   0.0112681
          21    -0.01504   0.0156392   0.0108273
          22    0.053264   0.0173495   0.0104642
          23  0.00452533   0.0167919   0.0100144
          24   0.0838267    0.019585   0.0099866
          25   0.0174053   0.0194978  0.00957921
          26   -0.022152   0.0178959  0.00934178
          27  -0.0712773   0.0145932  0.00957666
          28    0.024024     0.01493  0.00923444
          29  -0.0759947   0.0117947  0.00944586
          30  -0.0161547    0.010863    0.009173
           1    -0.02788    -0.02788           0
           2  -0.0169413  -0.0224107  0.00546933
           3    0.016496 -0.00944178   0.0133478
           4   -0.011744  -0.0100173  0.00945584
           5   -0.058496  -0.0197131   0.0121513
           6   0.0601547 -0.00640178    0.016602
           7     0.05676  0.00262133   0.0166821
           8   0.0566267    0.009372   0.0159465
           9    -0.09512 -0.00223822   0.0182368
          10    0.007896  -0.0012248   0.0163429
          11    0.046664  0.00312873   0.0154104
          12    0.049824     0.00702    0.014596
          13   -0.003992  0.00617292   0.0134531
          14    0.030504  0.00791086   0.0125758
          15   0.0720107   0.0121842   0.0124629
          16  -0.0201893   0.0101608   0.0118323
          17  0.00759733     0.01001   0.0111155
          18   0.0569707    0.012619   0.0107997
          19   -0.022224   0.0107851   0.0103788
          20   0.0536667   0.0129292   0.0100769
          21   0.0833067   0.0162805    0.010154
          22     0.02232    0.016555  0.00968539
          23  -0.0479973   0.0137484  0.00967093
          24   0.0606187   0.0157013  0.00946292
          25   0.0736933    0.018021  0.00936825
          26   0.0418613   0.0189379   0.0090473
          27  -0.0820507   0.0151976  0.00947526
          28  0.00737333   0.0149182  0.00913486
          29   0.0305893   0.0154586  0.00883079
          30  -0.0213973     0.01423  0.00861935
           1    0.007632    0.007632           0
           2  -0.0235947 -0.00798133   0.0156133
           3    0.044272  0.00943644   0.0196122
           4   0.0302133   0.0146307   0.0148087
           5  -0.0132187   0.0090608   0.0127516
           6   -0.025832  0.00324533   0.0119257
           7    0.000808  0.00289714    0.010085
           8   -0.046208   -0.003241   0.0106751
           9      0.0062   -0.002192  0.00947282
          10    0.046304   0.0026576  0.00976248
          11    0.025304  0.00471636  0.00906731
          12   -0.038384  0.00112467  0.00902296
          13   0.0672293  0.00620964  0.00973373
          14   -0.039776  0.00292495  0.00959164
          15   0.0352587  0.00508053  0.00918583
          16  -0.0359067  0.00251883  0.00896629
          17  -0.0180107  0.00131122   0.0085085
          18    0.015568  0.00210326   0.0080609
          19  -0.0704933 -0.00171761  0.00852862
          20  -0.0153547 -0.00239947  0.00811964
          21    0.014384 -0.00160025  0.00776456
          22   0.0204827-0.000596485  0.00747095
          23   -0.006488-0.000852638  0.00714334
          24 0.000429333-0.000799222  0.00683943
          25   0.0525493  0.00133472   0.0068985
          26    0.064248  0.00375446  0.00705576
          27     0.03608   0.0049517  0.00689416
          28  -0.0198187  0.00406705  0.00670202
          29   -0.026064  0.00302805  0.00654973
          30   0.0131493  0.00336542  0.00633662
           1   -0.029992   -0.029992           0
           2 -0.00717067  -0.0185813   0.0114107
           3  0.00302667  -0.0113787  0.00976112
           4  -0.0427653  -0.0192253   0.0104504
           5   0.0140133  -0.0125776   0.0104747
           6  0.00134667  -0.0102569  0.00886179
           7   0.0288533 -0.00466971    0.009344
           8  -0.0269387 -0.00745333  0.00855753
           9  -0.0200827 -0.00885659  0.00767638
          10    -0.01244 -0.00921493  0.00687531
          11  -0.0206133  -0.0102512  0.00630469
          12  -0.0656693  -0.0148693  0.00737915
          13   0.0145067  -0.0126096  0.00715408
          14    -0.03664  -0.0143261  0.00684218
          15  -0.0477893   -0.016557  0.00674909
          16     0.06568  -0.0114172  0.00814089
          17  -0.0204827  -0.0119504  0.00766561
          18  -0.0193467  -0.0123613  0.00723888
          19  -0.0150773  -0.0125043  0.00684878
          20 0.000890667  -0.0118345  0.00653175
          21    0.011256   -0.010735  0.00630949
          22  -0.0321627   -0.011709  0.00609419
          23 -0.00486933  -0.0114116  0.00583079
          24   -0.037568  -0.0125014  0.00568795
          25 -0.00328533  -0.0121328  0.00546813
          26   0.0113893  -0.0112281  0.00533093
          27  -0.0721893  -0.0134859   0.0056046
          28  -0.0250027  -0.0138972  0.00541637
          29     0.01364  -0.0129477  0.00531182
          30  -0.0396053  -0.0138363  0.00520807
           1   0.0481093   0.0481093           0
           2   0.0342987    0.041204  0.00690533
           3  0.00781867   0.0300756    0.011821
           4   0.0323867   0.0306533  0.00837868
           5   0.0165653   0.0278357  0.00707532
           6  -0.0262907   0.0188147   0.0107123
           7   0.0389227   0.0216872  0.00949833
           8    0.031448   0.0229073  0.00831578
           9   0.0386107   0.0246521  0.00753853
          10   0.0171947   0.0239064  0.00678378
          11  -0.0627707   0.0160267  0.00998713
          12   0.0260053   0.0168582   0.0091548
          13    0.003288   0.0158144  0.00848564
          14   0.0252693   0.0164897  0.00788515
          15    -0.01776   0.0142064  0.00768759
          16   -0.025408   0.0117305  0.00760538
          17    0.005856   0.0113849  0.00715236
          18  -0.0100827   0.0101923  0.00684797
          19   0.0263173    0.011041  0.00653289
          20  -0.0798613  0.00649587  0.00768563
          21    0.045248  0.00834121   0.0075398
          22   -0.051688  0.00561261  0.00768933
          23   0.0275227  0.00656522   0.0074089
          24   0.0316667  0.00761111  0.00717018
          25  -0.0229893  0.00638709  0.00698546
          26   0.0793973  0.00919518   0.0072752
          27  -0.0137573  0.00834509  0.00705199
          28  -0.0239147  0.00719295  0.00689244
          29  0.00389867  0.00707936  0.00665149
          30   -0.042648  0.00542178   0.0066363
           1 -0.00628267 -0.00628267           0
           2   0.0440107    0.018864   0.0251467
           3   -0.026512  0.00373867   0.0209657
           4  -0.0419467 -0.00768267   0.0187144
           5   0.0169387  -0.0027584   0.0153096
           6 -0.00534667 -0.00318978   0.0125077
           7   -0.024192  -0.0061901   0.0109885
           8  -0.0236347 -0.00837067  0.00976293
           9   0.0327893 -0.00379733  0.00974931
          10   0.0620853  0.00279093   0.0109291
          11   -0.033376 -0.00049697   0.0104181
          12   0.0507173  0.00377089   0.0104241
          13   -0.004984  0.00309744  0.00961243
          14  -0.0189227  0.00152457  0.00903731
          15   0.0365413  0.00385902  0.00873114
          16  0.00725067    0.004071  0.00816999
          17  -0.0179093  0.00277804  0.00778252
          18  0.00189067  0.00272874   0.0073376
          19  -0.0144453  0.00182484  0.00699928
          20     0.00948   0.0022076  0.00665113
          21    0.036904  0.00385981  0.00653867
          22  -0.0123547  0.00312279  0.00627779
          23  -0.0248507  0.00190655  0.00612069
          24  -0.0110053  0.00136856  0.00588476
          25   -0.022128 0.000428693  0.00572218
          26   0.0230107  0.00129723  0.00556587
          27 -0.00561067  0.00104138  0.00536187
          28    -0.04708-0.000677238  0.00544516
          29   0.0132827-0.000195862  0.00527605
          30   0.0420053  0.00121084   0.0052877
           1  -0.0306613  -0.0306613           0
           2-0.000853333  -0.0157573    0.014904
           3   -0.001168  -0.0108942  0.00988397
           4  -0.0633253   -0.024002   0.0148546
           5  -0.0695467  -0.0331109   0.0146755
           6   0.0199413  -0.0242689   0.0148916
           7  -0.0374133  -0.0261467    0.012725
           8   0.0321813  -0.0188557   0.0132138
           9    0.019904   -0.014549   0.0124238
          10  -0.0144987   -0.014544   0.0111122
          11  -0.0337067  -0.0162861   0.0102012
          12   -0.051536  -0.0192236  0.00976467
          13  -0.0411707  -0.0209118  0.00913947
          14    0.008032  -0.0188444  0.00871041
          15   -0.018408  -0.0188153    0.008109
          16    0.034048  -0.0155113  0.00827361
          17  -0.0218453  -0.0158839  0.00778063
          18    0.031136  -0.0132717  0.00778687
          19      0.0086  -0.0121206  0.00745505
          20  -0.0100507  -0.0120171  0.00707324
          21   0.0171547  -0.0106279   0.0068699
          22    -0.02256  -0.0111703  0.00657261
          23   0.0128773  -0.0101248  0.00636679
          24  0.00437067 -0.00952078  0.00612558
          25 -0.00462933 -0.00932512  0.00587871
          26-1.86667e-05 -0.00896718  0.00565941
          27   0.0175013 -0.00798686   0.0055333
          28  -0.0337013 -0.00890524  0.00541054
          29   0.0687707 -0.00622676  0.00586764
          30  -0.0467253 -0.00757671  0.00582721
           1    0.034432    0.034432           0
           2   0.0301653   0.0322987  0.00213333
           3     0.02516   0.0299191  0.00267943
           4  -0.0294293    0.015082   0.0149576
           5 -0.00723467   0.0106187   0.0124161
           6    0.007376   0.0100782   0.0101521
           7     0.00872  0.00988419  0.00858227
           8  0.00133867    0.008816  0.00750883
           9  -0.0506213  0.00221185  0.00935243
          10   -0.018624 0.000128267  0.00862065
          11 -0.00657333 -0.00048097  0.00782144
          12 -0.00385067-0.000761778  0.00714548
          13    0.020512 0.000874667  0.00677354
          14   0.0148293  0.00187143   0.0063498
          15  -0.0244693 0.000115378  0.00616666
          16     0.00872 0.000653167  0.00579339
          17 -0.00362133 0.000401725  0.00544775
          18  -0.0147467-0.000439852  0.00520468
          19-0.000149333-0.000424561  0.00492316
          20  -0.0203893  -0.0014228    0.004776
          21    -0.01436 -0.00203886  0.00458447
          22   0.0207387 -0.00100352  0.00449206
          23   0.0225013 1.84348e-05  0.00441229
          24    0.000424 3.53333e-05  0.00422448
          25   0.0474693  0.00193269  0.00447421
          26   0.0140507  0.00239877  0.00432387
          27    -0.00012  0.00230548  0.00416169
          28   -0.013408  0.00174429  0.00404938
          29   0.0217867   0.0024354  0.00396791
          30   -0.006016  0.00215369   0.0038437
           1   -0.025064   -0.025064           0
           2   -0.014712   -0.019888    0.005176
           3   0.0155253 -0.00808356   0.0121768
           4 0.000370667    -0.00597  0.00886593
           5   0.0106293 -0.00265013  0.00762787
           6    0.008616-0.000772444  0.00650502
           7  -0.0212693 -0.00370057  0.00622889
           8 -0.00209867 -0.00350033   0.0053981
           9  -0.0200187  -0.0053357  0.00510221
          10     -0.0328 -0.00808213  0.00532625
          11   -0.008176 -0.00809067  0.00481778
          12   0.0353707 -0.00446889  0.00569735
          13    0.004704 -0.00376328  0.00528809
          14   -0.000928 -0.00356076      0.0049
          15   -0.023792 -0.00490951  0.00475687
          16   0.0326427  -0.0025625  0.00503069
          17   -0.030464 -0.00420376  0.00500242
          18   0.0159973 -0.00308148  0.00484801
          19    0.042912-0.000660772  0.00518546
          20   0.0171707   0.0002308   0.0049995
          21   0.0319253  0.00174006  0.00498923
          22   0.0138107  0.00228873  0.00478858
          23 -0.00455733  0.00199107  0.00458532
          24    0.010744  0.00235578  0.00440523
          25  -0.0112987   0.0018096   0.0042605
          26    0.016128  0.00236031  0.00413024
          27  -0.0221173  0.00145373  0.00407641
          28    0.021568   0.0021721  0.00399328
          29    -0.02152  0.00135513  0.00393877
          30 -0.00257333  0.00122418  0.00380747
           1   0.0241733   0.0241733           0
           2  -0.0260213   -0.000924   0.0250973
           3  -0.0101893 -0.00401244   0.0148154
           4    -0.00144 -0.00336933   0.0104958
           5 -0.00288267   -0.003272  0.00813061
           6   -0.023528   -0.006648  0.00744772
           7 -0.00773067 -0.00680267  0.00629637
           8   -0.005832 -0.00668133  0.00545417
           9  0.00870133 -0.00497215  0.00510476
          10   -0.023288 -0.00680373  0.00491951
          11  0.00476533   -0.005752  0.00457247
          12  -0.0241413 -0.00728444  0.00444649
          13   -0.037272 -0.00959118   0.0046958
          14   0.0307653 -0.00670857  0.00521631
          15   -0.009256  -0.0068784  0.00485909
          16  -0.0227547 -0.00787067  0.00465231
          17 -0.00381067 -0.00763184  0.00437661
          18    -0.00444 -0.00745452  0.00413011
          19   -0.000536 -0.00709039  0.00392363
          20  0.00942133  -0.0062648  0.00381274
          21  -0.0397067 -0.00785727  0.00396087
          22   -0.001832 -0.00758339  0.00378646
          23   -0.012656 -0.00780394   0.0036248
          24  0.00969867 -0.00707467  0.00354628
          25 -0.00102667 -0.00683275  0.00341006
          26   -0.005256  -0.0067721  0.00327684
          27   -0.010696 -0.00691743  0.00315649
          28    0.015848 -0.00610438  0.00314846
          29    0.020736 -0.00517885  0.00317581
          30    0.021848 -0.00427796  0.00319766
           1    0.013976    0.013976           0
           2  -0.0246693 -0.00534667   0.0193227
           3  -0.0200427  -0.0102453   0.0121841
           4  0.00804533 -0.00567267  0.00975373
           5    0.024864 0.000434667  0.00971497
           6   -0.030432 -0.00470978  0.00945441
           7   0.0152427 -0.00185943   0.0084836
           8  -0.0190533 -0.00400867  0.00765492
           9  -0.0245627 -0.00629244  0.00712683
          10    0.028408  -0.0028224  0.00725773
          11      0.0124 -0.00143855  0.00670913
          12  0.00714933-0.000722889  0.00616624
          13 -0.00734133   -0.001232  0.00569492
          14 -0.00897333 -0.00178495  0.00530139
          15    0.017016-0.000531556    0.005092
          16 -0.00575733-0.000858167  0.00477431
          17  0.00936533-0.000256784  0.00452483
          18    0.023312  0.00105259  0.00446247
          19   -0.011656 0.000383719  0.00427374
          20  0.00857333   0.0007932  0.00407505
          21    0.011256  0.00129143  0.00390804
          22  0.00650133  0.00152824  0.00373368
          23 -0.00309067  0.00132742  0.00357331
          24   0.0268773    0.002392  0.00358299
          25 -0.00855733  0.00195403  0.00346448
          26  -0.0144053  0.00132482  0.00338751
          27   0.0177253  0.00193225  0.00331575
          28   -0.004912  0.00168781  0.00320447
          29 -0.00150133  0.00157784  0.00309395
          30   0.0186107   0.0021456  0.00304249
           1   -0.005216   -0.005216           0
           2  -0.0169333  -0.0110747  0.00585867
           3   0.0212933-0.000285333   0.0113071
           4  -0.0195973 -0.00511333  0.00933997
           5 -0.00764533 -0.00561973  0.00725241
           6 -0.00489333 -0.00549867  0.00592281
           7    0.009432 -0.00336571  0.00544117
           8    -0.01856   -0.005265  0.00508056
           9   0.0142933 -0.00309185  0.00497982
          10    0.022592-0.000523467  0.00514155
          11  -0.0323867 -0.00342012  0.00547902
          12  -0.0378347   -0.006288  0.00576551
          13 5.86667e-05 -0.00579979  0.00532592
          14  -0.0130347 -0.00631657  0.00495785
          15     0.01012  -0.0052208   0.0047438
          16  -0.0166667 -0.00593617  0.00449471
          17   0.0135467 -0.00479012  0.00437483
          18  -0.0162587 -0.00542726  0.00417355
          19-0.000642667 -0.00517544   0.0039558
          20  -0.0190613 -0.00586973  0.00381649
          21    0.010832 -0.00507441   0.0037163
          22   -0.016096 -0.00557539   0.0035786
          23   -0.008672 -0.00571003  0.00342212
          24   0.0325707   -0.004115  0.00364405
          25  -0.0197093 -0.00473877  0.00355047
          26   0.0294933 -0.00342215  0.00365646
          27  -0.0152987 -0.00386202  0.00354582
          28  -0.0370213 -0.00504629  0.00361624
          29  -0.0243813 -0.00571301  0.00355245
          30 -0.00507467 -0.00569173  0.00343205
           1    0.018424    0.018424           0
           2  0.00141333  0.00991867  0.00850533
           3  0.00737333  0.00907022  0.00498331
           4    0.018032   0.0113107  0.00417568
           5     0.02492   0.0140325  0.00422733
           6  0.00737067   0.0129222  0.00362579
           7 -0.00989867   0.0096621  0.00447422
           8   0.0321147   0.0124687  0.00478444
           9   0.0315147   0.0145849  0.00472042
          10  -0.0162507   0.0115013  0.00522821
          11    -0.01464  0.00912485  0.00529264
          12   -0.002952  0.00811844   0.0049352
          13   0.0352027   0.0102018  0.00499496
          14  0.00759733   0.0100158  0.00462818
          15 -0.00476533   0.0090304  0.00441985
          16  0.00602667  0.00884267  0.00413865
          17  -0.0103413   0.0077142  0.00404806
          18 -0.00122933  0.00721733  0.00384875
          19   -0.004056    0.006624  0.00368859
          20 -0.00369067  0.00610827   0.0035371
          21    -0.05136  0.00337168  0.00433687
          22  -0.0203547  0.00229321  0.00427337
          23  -0.0138427  0.00159165  0.00414318
          24 -0.00504533  0.00131511  0.00397642
          25  -0.0134853 0.000723093  0.00385972
          26    0.002384 0.000786974  0.00370885
          27   0.0204453  0.00151506  0.00364235
          28   -0.021072 0.000708381  0.00360137
          29    0.016872  0.00126575  0.00351938
          30  -0.0266987   0.0003336  0.00352551
           1  0.00878133  0.00878133           0
           2  -0.0177493   -0.004484   0.0132653
           3   -0.010072 -0.00634667    0.007882
           4 -0.00914667 -0.00704667   0.0056172
           5    0.005304 -0.00457653  0.00500333
           6 -0.00525867 -0.00469022  0.00408678
           7   0.0130747 -0.00215238  0.00428608
           8   -0.016848 -0.00398933  0.00414153
           9  -0.0131893 -0.00501156  0.00379283
          10  -0.0406693 -0.00857733  0.00492171
          11-0.000930667 -0.00788218   0.0045058
          12   0.0111493 -0.00629622  0.00440838
          13  0.00846133 -0.00516103  0.00421102
          14 -0.00785067 -0.00535314  0.00390338
          15 -0.00585333 -0.00538649    0.003634
          16   0.0116453   -0.004322  0.00356207
          17   0.0106107 -0.00344361  0.00345936
          18   0.0149707 -0.00242059  0.00341819
          19  -0.0214533 -0.00342232  0.00338491
          20  0.00108533 -0.00319693   0.0032191
          21 0.000229333 -0.00303378  0.00306632
          22   -0.016112 -0.00362824  0.00298345
          23    0.020736 -0.00256893  0.00304124
          24  0.00248533 -0.00235833  0.00291937
          25 -0.00178667 -0.00233547  0.00280025
          26  -0.0155627 -0.00284421  0.00273807
          27  0.00648533 -0.00249867  0.00265727
          28    0.018736 -0.00174029  0.00267056
          29  0.00813067 -0.00139991  0.00259921
          30    0.002424 -0.00127244  0.00251431
           1   0.0112133   0.0112133           0
           2    0.010864   0.0110387 0.000174667
           3 -0.00869067  0.00446222  0.00657722
           4   -0.014728-0.000335333   0.0066818
           5    0.001112-4.58667e-05  0.00518379
           6  -0.0112587 -0.00191467  0.00462675
           7    0.018136 0.000949714  0.00484719
           8    0.014264    0.002614  0.00451567
           9   0.0116933  0.00362281  0.00410824
          10    0.020976  0.00535813  0.00406367
          11  0.00760533  0.00556242   0.0036814
          12   0.0106933     0.00599  0.00338774
          13  -0.0207813  0.00393067  0.00373523
          14    0.012656   0.0045539  0.00351386
          15    0.032848  0.00644018   0.0037761
          16  -0.0458853  0.00316983   0.0048137
          17   -0.005344  0.00266902  0.00454934
          18  0.00286933  0.00268015  0.00428917
          19 -0.00334933  0.00236281  0.00406954
          20    -0.00456  0.00201667  0.00387619
          21 -0.00473867  0.00169498    0.003701
          22  -0.0344213 5.33333e-05  0.00389194
          23    -0.01376-0.000547246  0.00376706
          24 -0.00491733-0.000729333  0.00361128
          25 -0.00496267-0.000898667  0.00346796
          26   0.0142267-0.000316923  0.00338231
          27  0.00388533-0.000161284  0.00325835
          28  -0.0283627 -0.00116848  0.00329741
          29    -6.4e-05 -0.00113039   0.0031819
          30  -0.0122107 -0.00149973  0.00309612
           1   0.0143973   0.0143973           0
           2   0.0199893   0.0171933    0.002796
           3  0.00787467   0.0140871  0.00350064
           4   0.0244667    0.016682  0.00358618
           5    0.009976   0.0153408  0.00308468
           6  -0.0125387   0.0106942  0.00528528
           7  0.00204533  0.00945867  0.00463461
           8   0.0152667   0.0101847  0.00407882
           9    0.001208  0.00918726   0.0037329
          10 -0.00676267  0.00759227  0.00370022
          11  0.00572533  0.00742255  0.00335127
          12  0.00490133  0.00721244  0.00306649
          13    0.008176  0.00728656  0.00282173
          14    -0.03452  0.00430038  0.00396762
          15   0.0157893  0.00506631  0.00377223
          16  0.00643467  0.00515183  0.00352963
          17  0.00775467  0.00530494  0.00331905
          18   0.0149867  0.00584281  0.00317512
          19 -0.00244267  0.00540674  0.00303485
          20     0.01284   0.0057784  0.00290301
          21 0.000386667  0.00552165  0.00277322
          22    -0.01004   0.0048143  0.00273714
          23   0.0208213  0.00551026  0.00270644
          24  0.00993333  0.00569456  0.00259776
          25  -0.0218133  0.00459424  0.00272382
          26 -0.00102133  0.00437826  0.00262586
          27  0.00219733  0.00429748  0.00252803
          28    -0.03556    0.002874  0.00282148
          29     0.00776  0.00304248  0.00272765
          30  0.00898133  0.00324044  0.00264259
           1    0.009488    0.009488           0
           2  -0.0140853 -0.00229867   0.0117867
           3   0.0180133    0.004472   0.0095995
           4 -0.00221067  0.00280133  0.00699045
           5  -0.0159227-0.000943467  0.00658357
           6  -0.0107627    -0.00258  0.00561906
           7  -0.0139147 -0.00419924  0.00501743
           8  0.00188267   -0.003439  0.00441123
           9  0.00138933 -0.00290252  0.00392716
          10  -0.0158267 -0.00419493  0.00374278
          11   -0.001328  -0.0039343  0.00339549
          12-0.000554667 -0.00365267  0.00311241
          13 -0.00718933 -0.00392472   0.0028759
          14   0.0101547 -0.00291905  0.00284616
          15   -0.019224 -0.00400604  0.00286393
          16 7.73333e-05 -0.00375083  0.00269109
          17 -0.00919467 -0.00407106  0.00254804
          18   0.0146213 -0.00303259  0.00261716
          19    0.004688 -0.00262625  0.00250871
          20  0.00481867   -0.002254  0.00240891
          21  -0.0124187 -0.00273803   0.0023419
          22 -0.00431733 -0.00280982  0.00223407
          23   0.0218827 -0.00173623  0.00238948
          24  0.00239733   -0.001564  0.00229423
          25   -0.021136 -0.00234688  0.00233566
          26   0.0110773 -0.00183056  0.00230266
          27   0.0156613 -0.00118272  0.00230851
          28     -0.0108 -0.00152619  0.00225089
          29   -0.004016 -0.00161205  0.00217359
          30   -0.006648 -0.00177991  0.00210658
           1   0.0187787   0.0187787           0
           2    0.015952   0.0173653  0.00141333
           3  -0.0185707  0.00538667   0.0120064
           4  0.00891467  0.00626867  0.00853552
           5-0.000554667    0.004904  0.00675095
           6  0.00510667  0.00493778  0.00551223
           7   -0.001048  0.00408267  0.00473652
           8    -0.00944  0.00239233  0.00443657
           9  0.00675467  0.00287704   0.0039426
          10   -0.014488  0.00114053  0.00393074
          11    0.001832  0.00120339  0.00355604
          12  0.00289067    0.001344  0.00324925
          13    0.022376  0.00296185  0.00339865
          14   -0.020328  0.00129829  0.00355923
          15 -0.00917067 0.000600356  0.00338617
          16  0.00548533 0.000905667  0.00318215
          17   -0.004568 0.000583686   0.0030064
          18 -0.00126667 0.000480889  0.00283633
          19   -0.005832 0.000148632  0.00270339
          20   0.0101653 0.000649467  0.00261311
          21 -0.00454133 0.000402286  0.00249782
          22  0.00529867 0.000624848  0.00239196
          23   -0.022424-0.000377275  0.00249563
          24  -0.0108107   -0.000812  0.00242861
          25  0.00621333-0.000530987  0.00234633
          26 -0.00369867-0.000652821  0.00225757
          27   -0.007296-0.000898864  0.00218624
          28   -0.010928 -0.00125705  0.00213695
          29    0.002992 -0.00111053  0.00206714
          30 -0.00894667 -0.00137173  0.00201406
           1 -0.00405067 -0.00405067           0
           2 -0.00446667 -0.00425867    0.000208
           3  -0.0174187 -0.00864533  0.00438831
           4  0.00747467 -0.00461533  0.00508621
           5   0.0142853  -0.0008352  0.00545996
           6 -0.00728267 -0.00190978  0.00458572
           7 -0.00493067 -0.00234133  0.00389959
           8   0.0116347-0.000594333  0.00380225
           9   0.0134133 0.000962074  0.00369687
          10   -0.031232 -0.00225733  0.00461498
          11    0.009432 -0.00119467  0.00430754
          12   -0.018168 -0.00260911  0.00417889
          13  -0.0100213 -0.00317928  0.00388607
          14    0.000296 -0.00293105  0.00360636
          15   -0.003632 -0.00297778  0.00335766
          16  -0.0147573   -0.003714  0.00322594
          17 -0.00644267 -0.00387451  0.00303449
          18    0.005104  -0.0033757   0.0029041
          19  0.00694667 -0.00283242  0.00280021
          20 -0.00918667 -0.00315013  0.00267545
          21-0.000250667 -0.00301206   0.0025486
          22 -0.00263467 -0.00299491  0.00243006
          23   -0.022944 -0.00386226   0.0024787
          24 -0.00859467 -0.00405944  0.00238136
          25 -0.00531467 -0.00410965  0.00228467
          26      0.0098 -0.00357467  0.00225929
          27   -0.012368 -0.00390035  0.00219827
          28  -0.0125227 -0.00420829  0.00214057
          29 -0.00575733  -0.0042617  0.00206613
          30 -0.00871733 -0.00441022  0.00200159
           1   -0.005584   -0.005584           0
           2    -0.01948   -0.012532    0.006948
           3-0.000746667 -0.00860356  0.00561465
           4   -0.022832  -0.0121607  0.00533059
           5  -0.0271627  -0.0151611  0.00510407
           6  -0.0281947  -0.0173333  0.00469962
           7  -0.0173867   -0.017341  0.00397191
           8   0.0161867    -0.01315  0.00542182
           9   -0.009656  -0.0127618  0.00479733
          10     0.02672  -0.0088136  0.00583092
          11 -0.00121067 -0.00812242  0.00531936
          12  0.00930667    -0.00667  0.00506845
          13  0.00934133 -0.00543836  0.00482223
          14-0.000909333 -0.00511486  0.00447623
          15  0.00594133 -0.00437778  0.00423183
          16   0.0106293 -0.00343983  0.00406811
          17    0.010984 -0.00259137  0.00391439
          18  0.00595467 -0.00211659  0.00372093
          19  0.00734667 -0.00161853  0.00355472
          20  0.00335733 -0.00136973  0.00338147
          21  0.00381867 -0.00112267  0.00322589
          22  -0.0123093 -0.00163115  0.00311751
          23  0.00952533 -0.00114609  0.00301812
          24 -0.00301067 -0.00122378  0.00289068
          25  0.00197867 -0.00109568   0.0027756
          26  0.00254933-0.000955487  0.00267039
          27   -0.015888 -0.00150854  0.00262843
          28   0.0246373-0.000574762  0.00269946
          29  -0.0100747-0.000902345  0.00262523
          30    0.011416-0.000491733  0.00256924
           1  0.00100267  0.00100267           0
           2   0.0151653    0.008084  0.00708133
           3   0.0149387   0.0103689  0.00468357
           4   0.0219867   0.0132733  0.00440496
           5    -0.00456  0.00970667  0.00493592
           6   -0.014504  0.00567156  0.00570301
           7    -0.00428   0.0042499  0.00502521
           8  -0.0146187  0.00189133  0.00494999
           9 -0.00796267 0.000796444  0.00450069
          10   -0.014168     -0.0007  0.00429469
          11  0.00433867-0.000241939   0.0039116
          12  0.00331733 5.46667e-05  0.00358309
          13   0.0131813  0.00106441  0.00344716
          14  0.00108267  0.00106571  0.00319145
          15  0.00914667  0.00160444  0.00301953
          16   0.0187227  0.00267433  0.00302035
          17   -0.016072  0.00157161  0.00304389
          18 -0.00493333  0.00121022  0.00289247
          19  0.00230667  0.00126793  0.00273662
          20  -0.0189733 0.000255867  0.00278647
          21  -0.0136853   -0.000408  0.00273234
          22  -0.0128053-0.000971515  0.00266543
          23 -0.00412267 -0.00110852  0.00255059
          24 -0.00331467 -0.00120044  0.00244373
          25  0.00192267 -0.00107552  0.00234727
          26   0.0108827 -0.00061559  0.00230161
          27   0.0160107 1.97531e-07  0.00229874
          28   0.0173653 0.000620381   0.0023003
          29  0.00498133 0.000770759  0.00222465
          30    0.021384  0.00145787  0.00225638
           1 -0.00154133 -0.00154133           0
           2     0.00068-0.000430667  0.00111067
           3  -0.0110133 -0.00395822  0.00358536
           4     0.01636  0.00112133  0.00567709
           5   -0.002336 0.000429867  0.00445148
           6  0.00773067  0.00164667  0.00383289
           7   -0.001856  0.00114629  0.00327781
           8    0.007192    0.001902  0.00293753
           9   -0.013016 0.000244444  0.00307555
          10  0.00784533  0.00100453  0.00285394
          11 -0.00423467 0.000528242  0.00262505
          12  0.00821333  0.00116867  0.00248044
          13   0.0124533  0.00203672  0.00244121
          14     0.00424   0.0021941   0.0022656
          15   0.0120427  0.00285067  0.00220899
          16 -0.00670933  0.00225317  0.00215097
          17 -0.00771733  0.00166667  0.00210389
          18 -0.00267467  0.00142548  0.00199817
          19  -0.0113627 0.000752421  0.00200635
          20-0.000122667 0.000708667  0.00190389
          21  0.00186933 0.000763937   0.0018118
          22  -0.0173733-6.04848e-05  0.00191413
          23 -0.00278133-0.000178783  0.00183283
          24 -0.00506667-0.000382444  0.00176658
          25   -0.001984-0.000446507  0.00169566
          26   0.0223093 0.000428718  0.00184935
          27 -0.00382933 0.000271012  0.00178651
          28   -0.011768-0.000158952  0.00177441
          29  0.00362133-2.85977e-05  0.00171708
          30 -0.00713067-0.000265333  0.00167567
           1   0.0112187   0.0112187           0
           2  0.00217067  0.00669467    0.004524
           3  0.00614933  0.00651289  0.00261825
           4    -0.00244  0.00427467   0.0029047
           5    0.010064  0.00543253  0.00253042
           6   -0.004416  0.00379111  0.00263874
           7 -0.00195467  0.00297029   0.0023764
           8   -0.002768    0.002253  0.00217944
           9  0.00634667  0.00270785  0.00197517
          10     0.00384  0.00282107  0.00177027
          11   0.0114587   0.0036063  0.00178344
          12    0.002032  0.00347511  0.00163333
          13  0.00501333  0.00359344   0.0015071
          14 -0.00459467  0.00300857  0.00151292
          15 -0.00716267  0.00233049  0.00156318
          16   -0.007224  0.00173333  0.00157946
          17    0.002792  0.00179561  0.00148495
          18    0.005648  0.00200963  0.00141629
          19 -0.00586133  0.00159537  0.00140226
          20 -0.00217867  0.00140667  0.00134362
          21    0.009304  0.00178273  0.00133222
          22 -0.00753867  0.00135903  0.00133902
          23   0.0196267  0.00215328  0.00150595
          24   0.0112827  0.00253367  0.00149117
          25  0.00527467  0.00264331  0.00143448
          26 -0.00176267  0.00247385  0.00138858
          27   -0.000608   0.0023597  0.00134103
          28    0.003176  0.00238886  0.00129258
          29    -0.00228  0.00222786  0.00125756
          30  0.00816533  0.00242578  0.00123093
           1-0.000181333-0.000181333           0
           2      -8e-05-0.000130667 5.06667e-05
           3    0.002736 0.000824889 0.000956003
           4    0.012608  0.00377067  0.00302235
           5   0.0259253   0.0082016  0.00501138
           6    0.000584    0.006932  0.00428421
           7    0.011064  0.00752229  0.00366862
           8  0.00302667  0.00696033  0.00322644
           9  -0.0124347  0.00480533   0.0035694
          10-0.000261333  0.00429867  0.00323252
          11 0.000938667  0.00399321  0.00293984
          12   0.0105867  0.00454267  0.00273936
          13 -0.00213867  0.00402872  0.00257172
          14   -0.003408  0.00349752  0.00243949
          15 -0.00649067  0.00283164  0.00236665
          16 -0.00353867   0.0024335  0.00224931
          17  0.00533867  0.00260439  0.00211976
          18   0.0134507  0.00320696   0.0020874
          19  -0.0130587  0.00235088  0.00215208
          20    0.001944  0.00233053  0.00204174
          21 -0.00193067  0.00212762  0.00195266
          22 0.000629333  0.00205952  0.00186303
          23  0.00194133  0.00205438   0.0017802
          24 -0.00201067    0.001885   0.0017128
          25 -0.00605067  0.00156757  0.00167325
          26 -0.00150133  0.00144954  0.00161193
          27 -0.00121333  0.00135091  0.00155421
          28   -0.010432 0.000930095  0.00155568
          29 -0.00242667 0.000814345  0.00150553
          30  0.00180267 0.000847289  0.00145485
           1 -0.00247467 -0.00247467           0
           2    0.003504 0.000514667  0.00298933
           3  0.00277867  0.00126933  0.00188367
           4  -0.0229493 -0.00478533  0.00619944
           5  -0.0187893 -0.00758613  0.00555917
           6    0.005328 -0.00543378   0.0050235
           7    0.000608 -0.00457067  0.00433247
           8  0.00198133 -0.00375167  0.00384038
           9   0.0152507  -0.0016403  0.00399111
          10   0.0180187   0.0003256  0.00407528
          11  0.00468533 0.000721939  0.00370748
          12   0.0105893  0.00154422  0.00348291
          13   0.0115413  0.00231323  0.00329481
          14  0.00494933  0.00250152   0.0030562
          15   0.0169147   0.0034624  0.00300305
          16   -0.003872    0.003004  0.00284625
          17 -0.00406667  0.00258808  0.00270574
          18 -0.00694667  0.00205837  0.00260541
          19  0.00835467  0.00238975  0.00248666
          20 0.000573333  0.00229893   0.0023608
          21    0.010536  0.00269117  0.00227956
          22  0.00939467  0.00299588  0.00219473
          23   -0.004848  0.00265484  0.00212469
          24   -0.001008  0.00250222  0.00203995
          25  0.00668533  0.00266955   0.0019638
          26    0.007112  0.00284041  0.00189447
          27 -0.00785067  0.00244444  0.00186547
          28    0.010496    0.002732  0.00182046
          29    0.012312  0.00306234  0.00178736
          30    0.005128   0.0031312  0.00172813
           1 -0.00857867 -0.00857867           0
           2   0.0138347    0.002628   0.0112067
           3 -0.00396533 0.000430222  0.00683325
           4  0.00697333    0.002066  0.00510122
           5   0.0179227  0.00523733  0.00506664
           6 -0.00169067  0.00408267  0.00429501
           7   0.0150507  0.00564952  0.00395368
           8  -0.0184667    0.002635  0.00456191
           9-0.000546667  0.00228148  0.00403873
          10    0.006056  0.00265893  0.00363202
          11  0.00256533  0.00265042  0.00328529
          12   -0.002504  0.00222089  0.00302965
          13    0.003192  0.00229559  0.00278788
          14  0.00477333  0.00247257  0.00258713
          15  0.00183733  0.00243022  0.00240886
          16-0.000997333    0.002216  0.00226344
          17  -0.0137067  0.00127937   0.0023233
          18 -0.00618933 0.000864444  0.00222938
          19-0.000802667 0.000776702  0.00211061
          20  0.00285067   0.0008804  0.00200498
          21 -0.00399733 0.000648127  0.00192121
          22  0.00434667 0.000816242   0.0018395
          23   0.0117253  0.00129055  0.00182057
          24  -0.0126533 0.000709556  0.00183735
          25  0.00918133  0.00104843   0.0017946
          26 -0.00834667 0.000687077  0.00176166
          27    0.009296  0.00100593  0.00172488
          28  0.00730933  0.00123105  0.00167731
          29  0.00750667  0.00144745  0.00163285
          30  -0.0200613 0.000730489  0.00173276
           1 -0.00833067 -0.00833067           0
           2   -0.005256 -0.00679333  0.00153733
           3  0.00257067   -0.003672  0.00324508
           4    -0.00416   -0.003794  0.00229786
           5 -0.00271733 -0.00357867  0.00179289
           6  0.00917867 -0.00145244  0.00258143
           7 -0.00274667 -0.00163733  0.00218953
           8 -0.00606667   -0.002191  0.00197537
           9  0.00140533 -0.00179141  0.00178735
          10  0.00356267   -0.001256  0.00168593
          11  0.00377333-0.000798788  0.00159205
          12   -0.005832 -0.00121822  0.00151265
          13  -0.0194667 -0.00262195  0.00197649
          14    0.002816 -0.00223352  0.00187065
          15    0.002784 -0.00189902  0.00177331
          16   0.0216613  -0.0004265  0.00221808
          17  0.00766667 4.95686e-05  0.00213722
          18   -0.008344-0.000416741  0.00206824
          19  0.00256533-0.000259789  0.00196265
          20-0.000165333-0.000255067  0.00186194
          21   0.0135973 0.000404571  0.00188991
          22   -0.011632-0.000142545  0.00188319
          23  0.00550933 0.000103188  0.00181615
          24    0.002056 0.000184556  0.00174073
          25  0.00442133 0.000354027  0.00167823
          26 -0.00800267 3.26154e-05  0.00164412
          27  0.00608267 0.000256691  0.00159784
          28 -0.00575733 4.19048e-05  0.00155463
          29-0.000453333 2.48276e-05  0.00150016
          30  0.00406133 0.000159378  0.00145552
           1  0.00447467  0.00447467           0
           2    -0.00584-0.000682667  0.00515733
           3  -0.0137547    -0.00504  0.00527754
           4  0.00188533 -0.00330867  0.00411384
           5  0.00610133 -0.00142667  0.00370083
           6 -0.00354133 -0.00177911   0.0030422
           7   -0.002264 -0.00184838  0.00257206
           8 -0.00497067 -0.00223867   0.0022614
           9   0.0115093-0.000711111  0.00251216
          10 -0.00140267-0.000780267  0.00224801
          11   -0.005712 -0.00122861  0.00208224
          12    0.005904-0.000634222  0.00199158
          13  0.00395467-0.000281231  0.00186568
          14   -0.005536-0.000656571   0.0017676
          15   -0.019552 -0.00191627  0.00207235
          16  0.00572533 -0.00143867  0.00199648
          17 -0.00584533 -0.00169788  0.00189319
          18   -0.006456 -0.00196222  0.00180439
          19  0.00831467 -0.00142133  0.00179044
          20  0.00370933  -0.0011648  0.00171782
          21  -0.0124667 -0.00170298  0.00172032
          22  0.00321067 -0.00147964   0.0016554
          23 -0.00268533 -0.00153206  0.00158266
          24   -0.013976 -0.00205056  0.00160153
          25-0.000986667   -0.002008  0.00153673
          26 -0.00866933 -0.00226421   0.0014985
          27 0.000330667  -0.0021681  0.00144513
          28  -0.0121147 -0.00252333  0.00143716
          29   -0.009592 -0.00276708  0.00140798
          30  -0.0125787 -0.00309413    0.001399
           1   -0.002536   -0.002536           0
           2 -0.00977867 -0.00615733  0.00362133
           3 -0.00627467 -0.00619644  0.00209114
           4   0.0160773   -0.000628  0.00576142
           5  0.00239733-2.29333e-05  0.00450361
           6    0.000352 3.95556e-05  0.00367771
           7 0.000610667 0.000121143  0.00310931
           8   -0.010584   -0.001217   0.0030069
           9  0.00573333-0.000444741    0.002762
          10  0.00445333 4.50667e-05   0.0025185
          11   -0.006256-0.000527758  0.00234898
          12 -0.00329067   -0.000758  0.00215664
          13 -0.00241333-0.000885333   0.0019879
          14    0.009424-0.000148952  0.00198229
          15   -0.000888-0.000198222  0.00184607
          16 -0.00218667  -0.0003225  0.00173131
          17 0.000650667-0.000265255  0.00162729
          18  0.00180533-0.000150222  0.00153853
          19-0.000818667-0.000185404  0.00145573
          20   -0.001216-0.000236933  0.00138198
          21  -0.0123573-0.000814095  0.00143565
          22   -0.014128 -0.00141927  0.00149665
          23-0.000789333 -0.00139188  0.00143036
          24 -0.00536533 -0.00155744  0.00137944
          25  -0.0109867 -0.00193461  0.00137582
          26  0.00349333 -0.00172585  0.00133823
          27  0.00880267  -0.0013359  0.00134546
          28  0.00926133-0.000957429  0.00135063
          29 -0.00126933-0.000968184  0.00130327
          30 -0.00498667 -0.00110213  0.00126618
           1 -0.00128533 -0.00128533           0
           2   -0.006784 -0.00403467  0.00274933
           3  0.00491733 -0.00105067  0.00337992
           4  0.00146133-0.000422667   0.0024711
           5 -0.00107467-0.000553067  0.00191854
           6    0.004592 0.000304444  0.00178583
           7 -0.00131733 7.27619e-05  0.00152698
           8   -0.000312 2.46667e-05  0.00132328
           9 0.000733333 0.000103407  0.00116967
          10   -0.014632 -0.00137013  0.00180716
          11    0.001888 -0.00107394  0.00166126
          12-0.000197333 -0.00100089  0.00151827
          13 -0.00622933 -0.00140308  0.00145336
          14  -0.0105227 -0.00205448  0.00149494
          15 -0.00867733   -0.002496  0.00146007
          16  0.00256533 -0.00217967  0.00140192
          17 -0.00149333 -0.00213929   0.0013175
          18   -0.001352 -0.00209556  0.00124292
          19    0.014768   -0.001208  0.00147309
          20 -0.00207467 -0.00125133  0.00139816
          21-0.000781333 -0.00122895  0.00133011
          22 -0.00319467  -0.0013183  0.00127135
          23 -0.00902933 -0.00165357  0.00126023
          24    0.005344   -0.001362  0.00124131
          25 -0.00933067 -0.00168075  0.00123255
          26 -0.00221333 -0.00170123  0.00118437
          27  -0.0108427  -0.0020398  0.00118889
          28 -0.00135467 -0.00201533  0.00114591
          29 -0.00116533 -0.00198602  0.00110607
          30   -0.003936 -0.00205102  0.00107054
           1-0.000677333-0.000677333           0
           2    0.008984  0.00415333  0.00483067
           3  0.00908267  0.00579644  0.00323701
           4   -0.005152  0.00305933  0.00356804
           5    0.002496  0.00294667  0.00276609
           6  0.00722667     0.00366  0.00236847
           7  0.00296267  0.00356038   0.0020042
           8  0.00793867  0.00410767  0.00181993
           9 -0.00990933  0.00255022  0.00223646
          10   -0.011656   0.0011296  0.00245348
          11 -0.00839467 0.000263758  0.00238218
          12 -0.00195467 7.88889e-05  0.00218247
          13    0.003024 0.000305436  0.00202032
          14    0.007256 0.000801905  0.00193522
          15 -0.00565867   0.0003712  0.00185236
          16     0.01428   0.0012405  0.00193856
          17 -0.00230133  0.00103216  0.00183284
          18  0.00884533  0.00146622   0.0017817
          19  0.00191733  0.00148996  0.00168549
          20    0.012848  0.00205787  0.00169685
          21    0.004896  0.00219302  0.00161967
          22    0.007696  0.00244315  0.00156442
          23 -0.00538667  0.00210272  0.00153313
          24  0.00270933    0.002128  0.00146808
          25    0.012392  0.00253856  0.00146676
          26 -0.00136267  0.00238851  0.00141719
          27 -0.00105067  0.00226114  0.00136963
          28  0.00652267  0.00241333  0.00132855
          29    0.005968  0.00253591  0.00128777
          30  -0.0144827  0.00196862  0.00136733
           1 -0.00634933 -0.00634933           0
           2     0.00384 -0.00125467  0.00509467
           3   -0.007352 -0.00328711  0.00357529
           4  0.00530133    -0.00114  0.00331684
           5    0.006784   0.0004448  0.00301868
           6  -0.0143173 -0.00201556  0.00348257
           7 -0.00174667 -0.00197714  0.00294356
           8 -0.00123467 -0.00188433  0.00255089
           9 -0.00407733   -0.002128  0.00226283
          10  0.00663467 -0.00125173  0.00220548
          11 -0.00486667 -0.00158036  0.00202182
          12    0.013552-0.000319333  0.00223532
          13  0.00819733 0.000335795  0.00215804
          14    0.013464  0.00127352  0.00220707
          15   -0.005496 0.000822222  0.00210365
          16 -0.00512533   0.0004505  0.00200259
          17 -0.00864533 -8.4549e-05  0.00195572
          18 -0.00340533-0.000269037  0.00185308
          19  0.00678133 0.000102035  0.00179168
          20  0.00487467 0.000340667  0.00171641
          21  -0.0112827-0.000212825   0.0017239
          22   0.0166773 0.000554909  0.00181413
          23-0.000533333 0.000507594  0.00173411
          24   -0.008248 0.000142778  0.00169989
          25 -0.00634133-0.000116587  0.00165098
          26  0.00128267-6.27692e-05  0.00158712
          27-0.000741333-8.79012e-05  0.00152742
          28  0.00265067 9.90476e-06   0.0014751
          29  0.00389333 0.000143816  0.00142961
          30 -0.00326933 3.00444e-05  0.00138582
           1 -0.00388533 -0.00388533           0
           2   -0.008264 -0.00607467  0.00218933
           3  0.00239733 -0.00325067  0.00309398
           4  0.00700267-0.000687333  0.00337002
           5    0.004168 0.000283733  0.00278517
           6   -0.019984 -0.00309422  0.00407211
           7  0.00624267 -0.00176038    0.003691
           8 -0.00946133   -0.002723   0.0033383
           9   -0.000264 -0.00244978  0.00295675
          10   0.0123093-0.000973867  0.00302857
          11 -0.00629067 -0.00145721  0.00278176
          12  0.00590933-0.000843333  0.00261253
          13  -0.0139253 -0.00184964  0.00260536
          14    0.002848  -0.0015141  0.00243533
          15 -0.00277867  -0.0015984  0.00226873
          16  -0.0108933 -0.00217933  0.00220028
          17 -0.00435733 -0.00230745  0.00207077
          18 -0.00519467 -0.00246785  0.00195892
          19  0.00255733 -0.00220337  0.00187173
          20  0.00491733 -0.00184733  0.00181102
          21    0.002904 -0.00162108  0.00173742
          22  0.00742933  -0.0012097  0.00170688
          23 0.000693333 -0.00112696  0.00163308
          24  0.00942133-0.000687444  0.00162415
          25  0.00590933-0.000423573  0.00158002
          26   -0.011664-0.000855897   0.0015784
          27   0.0103787-0.000439802  0.00157478
          28  0.00490133-0.000249048  0.00152944
          29   -0.000608-0.000261425  0.00147581
          30  0.00373333-0.000128267  0.00143197
           1   -0.001168   -0.001168           0
           2  0.00113867-1.46667e-05  0.00115333
           3 -0.00476267 -0.00159733  0.00171704
           4   -0.004608    -0.00235   0.0014285
           5    0.003128  -0.0012544  0.00155715
           6  0.00639467 2.04444e-05  0.00180047
           7  0.00948533  0.00137257  0.00203562
           8    0.010112    0.002465  0.00207394
           9  0.00855733  0.00314193  0.00195029
          10 -0.00580533   0.0022472  0.00196047
          11 -0.00439467  0.00164339  0.00187329
          12   0.0145813  0.00272156  0.00202158
          13 -0.00681333   0.0019881    0.001999
          14     0.00148  0.00195181  0.00185107
          15   0.0138907  0.00274773  0.00189818
          16 0.000186667  0.00258767  0.00178278
          17 -0.00568533  0.00210102  0.00174391
          18    0.012904  0.00270119  0.00175029
          19 -0.00178933  0.00246484  0.00167239
          20 -0.00485067  0.00209907  0.00162819
          21 -0.00200533  0.00190362    0.001561
          22  0.00273867  0.00194158  0.00148884
          23-0.000426667  0.00183861  0.00142636
          24  0.00520533  0.00197889  0.00137282
          25   -0.008704  0.00155157  0.00138436
          26 0.000554667  0.00151323   0.0013306
          27 -0.00243733  0.00136691  0.00128871
          28 -0.00270133  0.00122162   0.0012503
          29   -0.002064  0.00110832  0.00121173
          30 -0.00468533   0.0009152  0.00118646
           1 -0.00674933 -0.00674933           0
           2    -0.00756 -0.00715467 0.000405333
           3   0.0138213-0.000162667  0.00699592
           4 -0.00350667-0.000998667    0.005017
           5   -0.004008 -0.00160053  0.00393248
           6    0.010928 0.000487556  0.00383011
           7  -0.0113333 -0.00120114  0.00365104
           8 -0.00560267 -0.00175133   0.0032094
           9 -0.00617067 -0.00224237  0.00287271
          10   -0.006128 -0.00263093  0.00259864
          11  0.00365867 -0.00205915   0.0024191
          12  0.00428533 -0.00153044  0.00227074
          13  -0.0150853 -0.00257313  0.00233456
          14  0.00358133 -0.00213352  0.00220564
          15   0.0135573 -0.00108747  0.00230443
          16 -0.00729867 -0.00147567  0.00219028
          17  0.00352533 -0.00118149  0.00207833
          18   0.0107813-0.000516889  0.00206911
          19  0.00971733 2.17544e-05  0.00202995
          20   0.0103733 0.000539333  0.00199412
          21  0.00408533  0.00070819  0.00190429
          22     0.01044  0.00115055  0.00186878
          23     0.00504  0.00131965  0.00179367
          24 -0.00202133  0.00118044  0.00172294
          25 -0.00417067   0.0009664  0.00166639
          26 -0.00180267 0.000859897  0.00160455
          27-0.000733333 0.000800889  0.00154511
          28  -0.0151147 0.000232476  0.00159372
          29  -0.0148693-0.000288276  0.00162356
          30  0.00561067-9.16444e-05  0.00158078
           1    0.004088    0.004088           0
           2 5.86667e-05  0.00207333  0.00201467
           3 -0.00949867   -0.001784  0.00402889
           4  0.00607467 0.000180667  0.00346062
           5     0.00092 0.000328533  0.00268466
           6   -0.007856 -0.00103556   0.0025818
           7  0.00225067-0.000566095  0.00223195
           8  0.00811733 0.000519333  0.00221683
           9 -0.00102667 0.000347556  0.00196259
          10    0.003768   0.0006896  0.00178841
          11  -0.0127813 -0.00053503  0.00202894
          12   -0.001544-0.000619111  0.00185407
          13 -0.00256533-0.000768821  0.00171205
          14  0.00754133-0.000175238  0.00169255
          15   0.0125867 0.000675556   0.0017907
          16 0.000490667    0.000664  0.00167509
          17 -0.00111733 0.000559216  0.00157696
          18 -0.00305333 0.000358519  0.00150026
          19 -0.00863733-0.000114947    0.001496
          20 -0.00111733-0.000165067  0.00142011
          21 -0.00406667-0.000350857  0.00136352
          22    -0.00492-0.000558545  0.00131655
          23   -0.005888-0.000790261  0.00127917
          24  0.00601867-0.000506556  0.00125714
          25  0.00545067-0.000268267  0.00122912
          26    0.000376-0.000243487  0.00118116
          27  0.00229067 -0.00014963  0.00114044
          28    0.003856-6.57143e-06  0.00110823
          29 -0.00335467-0.000122023  0.00107555
          30  0.00332267    -7.2e-06   0.0010454
           1  0.00453333  0.00453333           0
           2   -0.005688-0.000577333  0.00511067
           3  0.00255733 0.000467556  0.00313019
           4   -0.006128 -0.00118133  0.00276005
           5    -0.00384 -0.00171307  0.00220306
           6   -0.011328 -0.00331556  0.00240907
           7   -0.002856  -0.0032499  0.00203709
           8  0.00873067 -0.00175233  0.00231409
           9       0.002 -0.00133541  0.00208299
          10   0.0137973 0.000177867  0.00240023
          11    0.008064 0.000894788  0.00228639
          12 -0.00441067 0.000452667  0.00213349
          13    0.006608 0.000926154  0.00201884
          14    0.002488  0.00103771  0.00187241
          15 -0.00118667 0.000889422  0.00174941
          16-8.26667e-05 0.000828667  0.00163755
          17    0.005632  0.00111122  0.00156395
          18-0.000578667  0.00101733  0.00147749
          19  0.00818667  0.00139467  0.00144761
          20 -0.00795733 0.000927067  0.00145075
          21  0.00546667  0.00114324  0.00139676
          22   0.0105867  0.00157248  0.00139923
          23 -0.00265333  0.00138875  0.00134958
          24    0.005432  0.00155722  0.00130306
          25  -0.0142027 0.000926827  0.00139983
          26 -0.00459467 0.000714462  0.00136157
          27  0.00797333 0.000983309  0.00133747
          28  0.00882133  0.00126324  0.00131887
          29    0.004504  0.00137499  0.00127748
          30 -0.00279733  0.00123591  0.00124197
           1    0.001592    0.001592           0
           2  0.00613867  0.00386533  0.00227333
           3 -0.00702133 0.000236444  0.00385895
           4    -0.00384-0.000782667  0.00291279
           5     0.00576 0.000525867  0.00260823
           6  0.00341867    0.001008  0.00218351
           7    0.001184  0.00103314  0.00184557
           8 -0.00326133 0.000496333  0.00168605
           9 0.000866667 0.000537481  0.00148752
          10   -0.003528 0.000130933  0.00139121
          11 -0.00753333-0.000565818  0.00143841
          12  0.00387467-0.000195778  0.00136423
          13   -0.000968-0.000255179  0.00125631
          14   -0.002528-0.000417524  0.00117439
          15   -0.006832-0.000845156  0.00117396
          16 -0.00965067  -0.0013955  0.00122833
          17  0.00241067 -0.00117161  0.00117533
          18    -0.00668 -0.00147763  0.00114959
          19  0.00237867 -0.00127467  0.00110619
          20  0.00638933-0.000891467   0.0011172
          21 -0.00277333-0.000981079  0.00106644
          22 -0.00650133   -0.001232  0.00104731
          23   -0.001072 -0.00122504  0.00100076
          24   -0.007112 -0.00147033 0.000989057
          25 -0.00228533 -0.00150293 0.000949231
          26  0.00346133   -0.001312 0.000931764
          27    -0.00852 -0.00157896 0.000935491
          28 -0.00262667 -0.00161638 0.000902238
          29  0.00350133 -0.00143991 0.000888277
          30  0.00330933  -0.0012816 0.000872636
           1    0.003872    0.003872           0
           2 -0.00618667 -0.00115733  0.00502933
           3  0.00739733  0.00169422  0.00406974
           4   -0.001312 0.000942667  0.00297426
           5 -0.00312533 0.000129067  0.00244329
           6  0.00627733  0.00115378  0.00224273
           7 0.000386667  0.00104419  0.00189861
           8-0.000418667 0.000861333  0.00165438
           9   0.0107467   0.0019597  0.00182625
          10  0.00601333  0.00236507  0.00168299
          11-0.000541333  0.00210085  0.00154508
          12-0.000597333    0.001876  0.00142827
          13 -0.00235733  0.00155036  0.00135357
          14    0.006104  0.00187562  0.00129469
          15  0.00417867  0.00202916  0.00121503
          16   0.0138107   0.0027655  0.00135424
          17  0.00825333  0.00308831  0.00131241
          18  0.00942933  0.00344059  0.00128652
          19     0.00524   0.0035353  0.00122061
          20 0.000829333      0.0034  0.00116585
          21  0.00172533  0.00332025   0.0011118
          22    0.007376  0.00350461  0.00107597
          23    0.001552  0.00341971  0.00103163
          24 0.000405333  0.00329411 0.000995662
          25 -0.00661067  0.00289792  0.00103393
          26   -0.005984  0.00255631  0.00105046
          27  0.00280533  0.00256553  0.00101085
          28 -0.00781867  0.00219467  0.00104229
          29   -0.008176  0.00183706   0.0010674
          30 -0.00519467  0.00160267   0.0010575
           1 -0.00340267 -0.00340267           0
           2-9.06667e-05 -0.00174667    0.001656
           3  0.00372533 7.73333e-05  0.00205939
           4 0.000597333 0.000207333    0.001462
           5  0.00802133  0.00177013  0.00192998
           6 0.000106667  0.00149289  0.00160002
           7    0.003064  0.00171733  0.00137077
           8  0.00954933  0.00269633  0.00153873
           9  0.00547467  0.00300504   0.0013917
          10-9.06667e-05  0.00269547  0.00128269
          11  0.00170133  0.00260509  0.00116375
          12  -0.0117013  0.00141289  0.00159686
          13   0.0110853  0.00215692  0.00164658
          14 -0.00417067  0.00170495  0.00159003
          15 2.93333e-05  0.00159324  0.00148445
          16 -0.00689067    0.001063  0.00148637
          17 -0.00625333 0.000632627  0.00146103
          18 -0.00572267 0.000279556    0.001422
          19     0.00352 0.000450105  0.00135584
          20 -0.00200533 0.000327333  0.00129211
          21   -0.006104 2.10794e-05  0.00126663
          22   -0.009864-0.000428242  0.00128856
          23-5.06667e-05-0.000411826  0.00123137
          24    0.005568-0.000162667  0.00120499
          25   -0.004376  -0.0003312  0.00116801
          26 -0.00177333-0.000386667  0.00112355
          27    0.004008-0.000223901  0.00109332
          28 -0.00230933-0.000298381  0.00105618
          29  0.00599733-8.12874e-05  0.00104198
          30 -0.00204267-0.000146667  0.00100877
           1  0.00584533  0.00584533           0
           2-0.000306667  0.00276933    0.003076
           3   -0.002504  0.00101156  0.00249874
           4 -0.00585067   -0.000704  0.00246272
           5   -0.005352  -0.0016336  0.00212206
           6   -0.001504   -0.001612  0.00173279
           7   -0.001352 -0.00157486  0.00146495
           8  0.00285333 -0.00102133  0.00138417
           9  0.00344267-0.000525333  0.00131765
          10   -0.001728  -0.0006456  0.00118466
          11   -0.003128-0.000871273  0.00109507
          12  -0.0106507 -0.00168622  0.00128975
          13 -0.00534133 -0.00196738  0.00121926
          14 -0.00889067  -0.0024619  0.00123239
          15  0.00219733 -0.00215129  0.00118859
          16  0.00383733   -0.001777  0.00117314
          17  0.00295467 -0.00149867  0.00113658
          18    0.000456 -0.00139007  0.00107706
          19 0.000786667 -0.00127551  0.00102522
          20    -0.00416 -0.00141973 0.000983246
          21 -0.00479467 -0.00158044 0.000948961
          22 -0.00641333 -0.00180012 0.000931085
          23  0.00396533 -0.00154945 0.000924322
          24 -0.00667467   -0.001763 0.000910372
          25  0.00901867 -0.00133173 0.000973892
          26     0.00492 -0.00109128 0.000966087
          27-0.000554667 -0.00107141  0.00092983
          28-0.000818667 -0.00106238 0.000896052
          29 -0.00817333 -0.00130759   0.0008987
          30  0.00774667 -0.00100578 0.000919188
           1 -0.00247733 -0.00247733           0
           2  0.00840533    0.002964  0.00544133
           3    0.003488  0.00313867  0.00314641
           4-0.000458667  0.00223933  0.00239974
           5 -0.00530133   0.0007312  0.00239368
           6    0.015992  0.00327467  0.00320765
           7  0.00258133  0.00317562  0.00271277
           8    0.000208  0.00280467  0.00237843
           9 -0.00631467  0.00179141  0.00232949
          10 -0.00521333  0.00109093  0.00219816
          11    0.006008  0.00153794  0.00203794
          12  0.00735733  0.00202289  0.00192254
          13    -0.00236  0.00168574  0.00180033
          14  0.00435733  0.00187657  0.00167767
          15    0.012056   0.0025552  0.00170289
          16    0.001056   0.0024615  0.00159566
          17  -0.0162427  0.00136125  0.00185934
          18   -0.000952  0.00123274   0.0017577
          19  0.00433333  0.00139593  0.00167061
          20 -0.00443733  0.00110427  0.00161149
          21    0.006344  0.00135378  0.00155301
          22  0.00989333  0.00174194  0.00153077
          23 -0.00690933   0.0013658  0.00151029
          24 -0.00567467  0.00107244  0.00147545
          25 0.000554667  0.00105173  0.00141535
          26  0.00166667  0.00107538  0.00136003
          27 -0.00182933 0.000967802  0.00131311
          28    0.011296  0.00133667  0.00131801
          29    0.004328  0.00143982  0.00127593
          30 -0.00432267  0.00124773  0.00124754
           1 -0.00438933 -0.00438933           0
           2 -0.00480267   -0.004596 0.000206667
           3  0.00124533 -0.00264889  0.00195076
           4    0.006824-0.000280667  0.00274066
           5    0.003664 0.000508267  0.00226476
           6  0.00237067 0.000818667  0.00187504
           7 0.000234667 0.000735238  0.00158689
           8   -0.002608 0.000317333  0.00143643
           9 0.000453333 0.000332444   0.0012669
          10  0.00243733 0.000542933  0.00115253
          11 -0.00181333 0.000328727  0.00106428
          12    0.005752 0.000780667  0.00107152
          13  0.00338667 0.000981128  0.00100584
          14 -0.00161067    0.000796 0.000949448
          15  0.00850933  0.00131022  0.00102259
          16  -0.0128453   0.0004255  0.00130296
          17 -0.00593067 5.16078e-05  0.00127975
          18     -0.0066-0.000317926  0.00126188
          19  0.00339467-0.000122526  0.00120951
          20   -0.005968  -0.0004148  0.00118408
          21   0.0105973 0.000109587  0.00124238
          22-0.000890667 6.41212e-05  0.00118543
          23  0.00394133 0.000232696   0.0011452
          24      0.0162    0.000898   0.0012825
          25   -0.000112   0.0008576   0.0012308
          26 -0.00650933 0.000574256  0.00121598
          27    -6.4e-05 0.000550617  0.00117032
          28  0.00341067 0.000652762  0.00113236
          29  0.00570667 0.000827034  0.00110643
          30  0.00697067  0.00103182  0.00108835
           1    0.001888    0.001888           0
           2  0.00241867  0.00215333 0.000265333
           3    0.001776  0.00202756  0.00019821
           4  0.00324533    0.002332 0.000335157
           5 -0.00274933  0.00131573   0.0010489
           6   0.0117787  0.00305956  0.00194278
           7 -0.00198933  0.00233829  0.00179338
           8 -0.00356533  0.00160033  0.00171952
           9    0.002792  0.00173274  0.00152224
          10    0.006512  0.00221067  0.00144298
          11 -0.00442933  0.00160703  0.00143805
          12     4.8e-05  0.00147711  0.00131917
          13   -0.004328  0.00103056  0.00129301
          14   -0.002416 0.000784381  0.00122215
          15   -0.006088 0.000326222  0.00122654
          16   -0.008256-0.000210167  0.00126652
          17   0.0116347 0.000486588   0.0013787
          18     0.00968 0.000997333  0.00139659
          19   -0.001336 0.000874526  0.00132674
          20    0.001952   0.0009284  0.00125981
          21   0.0106987  0.00139365  0.00128547
          22 0.000386667  0.00134788   0.0012265
          23   -0.003344  0.00114388  0.00118958
          24  0.00239467    0.001196  0.00114013
          25 1.86667e-05  0.00114891  0.00109459
          26 -0.00419733 0.000943282  0.00107156
          27-2.66667e-06 0.000908247   0.0010317
          28    0.006728   0.0011161  0.00101567
          29   -0.002016  0.00100809 0.000985954
          30 0.000157333 0.000979733 0.000952944
           1     0.00052     0.00052           0
           2   0.0103253  0.00542267  0.00490267
           3-0.000789333    0.003352  0.00350709
           4  0.00125333  0.00282733  0.00253478
           5  0.00601333  0.00346453  0.00206424
           6  0.00694933  0.00404533  0.00178271
           7    -0.00144  0.00326171  0.00169826
           8-0.000725333  0.00276333  0.00155289
           9  0.00186933    0.002664  0.00137312
          10     0.00624   0.0030216  0.00127915
          11-0.000122667  0.00273576  0.00119182
          12  0.00438133  0.00287289  0.00109659
          13  0.00173067  0.00278503  0.00101254
          14  0.00338667    0.002828  0.00093841
          15 -0.00120267  0.00255929 0.000914004
          16 -0.00321333   0.0021985  0.00092798
          17   -0.008608  0.00156282  0.00107885
          18 -0.00174133  0.00137926  0.00103358
          19   -0.000792  0.00126498 0.000984327
          20  0.00829867  0.00161667 0.000997843
          21 0.000533333  0.00156508 0.000950539
          22-0.000522667  0.00147018 0.000911258
          23 -0.00142933  0.00134412 0.000879816
          24  -0.0160933 0.000617556  0.00111241
          25 -0.00696533  0.00031424  0.00110926
          26 -0.00196533 0.000226564  0.00106935
          27   -0.007416-5.64938e-05   0.0010672
          28  -0.0104293-0.000426952  0.00109307
          29 -0.00998933 -0.00075669  0.00110505
          30 -0.00277067-0.000823822  0.00106969
           1 -0.00220533 -0.00220533           0
           2    0.007408  0.00260133  0.00480667
           3 -0.00739733-0.000731556  0.00433699
           4 -0.00906133   -0.002814  0.00370693
           5  0.00714133-0.000822933  0.00349416
           6 -0.00169867-0.000968889   0.0028567
           7    0.001216-0.000656762  0.00243444
           8 -0.00654667   -0.001393  0.00223314
           9 -0.00484533 -0.00177659  0.00200646
          10 -0.00769867  -0.0023688  0.00188982
          11  0.00126933 -0.00203806  0.00174111
          12 0.000186667 -0.00185267  0.00160018
          13 0.000202667 -0.00169456  0.00148042
          14    0.002496 -0.00139524  0.00140291
          15    -0.00416 -0.00157956  0.00131898
          16  0.00114933   -0.001409  0.00124552
          17  0.00241867 -0.00118384  0.00119143
          18  -0.0158533 -0.00199881  0.00138779
          19 -0.00593333 -0.00220589  0.00132895
          20  0.00558933 -0.00181613  0.00131963
          21 -0.00588267 -0.00200978  0.00127007
          22  0.00161067 -0.00184521  0.00122209
          23   -0.005432 -0.00200116  0.00117812
          24  0.00409333 -0.00174722  0.00115619
          25  0.00189067 -0.00160171  0.00111849
          26    0.005816 -0.00131641  0.00111183
          27  0.00370667 -0.00113037  0.00108592
          28  0.00701333-0.000839524  0.00108608
          29    0.003984-0.000673195  0.00106108
          30   -0.002496-0.000733956   0.0010269
           1 -0.00130133 -0.00130133           0
           2   -0.005192 -0.00324667  0.00194533
           3 -0.00763733 -0.00471022  0.00184484
           4  0.00189067    -0.00306  0.00210356
           5   -0.006536  -0.0037552  0.00177152
           6     -0.0018 -0.00342933  0.00148269
           7 -0.00710667 -0.00395467  0.00135876
           8    0.003864 -0.00297733  0.00152966
           9    -0.00924 -0.00367319  0.00151793
          10  0.00314933 -0.00299093  0.00151946
          11  0.00405867 -0.00235006  0.00151647
          12-8.53333e-05 -0.00216133  0.00139715
          13    0.007104 -0.00144862  0.00146959
          14-0.000637333 -0.00139067  0.00136181
          15  0.00793067-0.000769244  0.00141188
          16    0.005528-0.000375667  0.00137809
          17   -0.000224-0.000366745  0.00129452
          18  0.00889067 0.000147556  0.00132442
          19    -0.00968-0.000369684  0.00135536
          20   -0.000624  -0.0003824  0.00128587
          21 -0.00312533-0.000513016  0.00123006
          22 -0.00365067-0.000655636  0.00118145
          23  0.00135467-0.000568232   0.0011323
          24 0.000162667-0.000537778  0.00108452
          25  0.00148533-0.000456853  0.00104338
          26    0.003104-0.000319897  0.00101176
          27-0.000453333 -0.00032484 0.000973577
          28 -0.00216533-0.000390571 0.000940462
          29    0.001496-0.000325517 0.000909782
          30   -0.003776-0.000440533 0.000886426
           1  0.00486133  0.00486133           0
           2    0.009608  0.00723467  0.00237333
           3    0.004048  0.00617244  0.00173375
           4  0.00285867    0.005344  0.00147962
           5       0.004   0.0050752   0.0011772
           6  0.00456267  0.00498978 0.000964972
           7  0.00395733  0.00484229  0.00082878
           8   -0.004992    0.003613  0.00142348
           9 0.000394667  0.00325541  0.00130533
          10    0.000192  0.00294907  0.00120704
          11 -0.00209867  0.00249018  0.00118433
          12   -0.005032  0.00186333  0.00124972
          13  0.00606933  0.00218687  0.00119423
          14  0.00208533  0.00217962  0.00110567
          15  0.00351733   0.0022688  0.00103318
          16 0.000957333  0.00218683  0.00096992
          17-0.000650667  0.00201992 0.000926244
          18  0.00218133  0.00202889 0.000873318
          19    0.001464  0.00199916 0.000826611
          20 -0.00131733  0.00183333 0.000801532
          21   -0.000872  0.00170451 0.000773217
          22  0.00800267  0.00199079 0.000790866
          23  0.00282667  0.00202713 0.000756572
          24  0.00146667  0.00200378 0.000724739
          25  0.00133333  0.00197696 0.000695662
          26-0.000986667  0.00186297 0.000678021
          27 -0.00199467   0.0017201 0.000667887
          28 -0.00286933  0.00155619 0.000664136
          29    0.003008  0.00160625 0.000642778
          30 -0.00398667  0.00141982 0.000648364
           1 -0.00328267 -0.00328267           0
           2 -0.00426667 -0.00377467    0.000492
           3  0.00200533   -0.001848  0.00194749
           4    0.009824     0.00107  0.00322662
           5-0.000802667 0.000695467  0.00252724
           6    0.007624  0.00185022  0.00236462
           7    -4.8e-05  0.00157905  0.00201678
           8  0.00645067    0.002188   0.0018497
           9 8.53333e-05  0.00195437  0.00164792
          10 -0.00917067 0.000841867  0.00184667
          11 -0.00291467 0.000500364  0.00170493
          12 0.000669333 0.000514444  0.00155644
          13    0.002784 0.000689026  0.00144232
          14 -0.00201333    0.000496  0.00134921
          15  0.00812533  0.00100462  0.00135512
          16  0.00290933  0.00112367  0.00127318
          17 -0.00383467    0.000832  0.00123099
          18    0.004728  0.00104844   0.0011806
          19 -0.00327467 0.000820912  0.00113968
          20  0.00673067   0.0011164  0.00112085
          21  0.00326933  0.00121892  0.00107106
          22    0.004664  0.00137552  0.00103315
          23  0.00148533  0.00138029  0.00098722
          24   -0.003712  0.00116811 0.000968713
          25  0.00394933  0.00127936 0.000935793
          26 -0.00225867  0.00114328 0.000909321
          27    0.006024  0.00132405 0.000893472
          28 -0.00218667  0.00119867 0.000870053
          29  0.00422933  0.00130317 0.000845995
          30  0.00539733  0.00143964 0.000828624
           1   -0.009064   -0.009064           0
           2    0.001656   -0.003704     0.00536
           3  0.00991467 0.000835556  0.00549401
           4   -0.001952 0.000138667  0.00394686
           5  0.00332533    0.000776  0.00312295
           6 -0.00330133 9.64444e-05  0.00263888
           7   -0.000192 5.52381e-05  0.00223064
           8   -0.001488-0.000137667   0.0019414
           9    0.001216 1.27407e-05  0.00171875
          10    0.007344 0.000745867  0.00170316
          11 -0.00151467 0.000540364  0.00155421
          12     0.00412 0.000838667  0.00144981
          13  0.00553867  0.00120021  0.00138177
          14     0.00236  0.00128305  0.00128195
          15 -0.00278667  0.00101173  0.00122388
          16 0.000274667 0.000965667  0.00114576
          17 -0.00970133 0.000338196  0.00124581
          18    0.001512 0.000403407  0.00117637
          19   -0.002808 0.000234386   0.0011255
          20    0.001616 0.000303467  0.00106998
          21  0.00282133 0.000423365  0.00102479
          22    -0.00576 0.000142303  0.00101672
          23 -0.00394133-3.52464e-05 0.000987598
          24  0.00258933 7.41111e-05 0.000951856
          25    -0.00044 5.35467e-05  0.00091322
          26   -0.007432-0.000234359 0.000923422
          27 -0.00277333-0.000328395 0.000893526
          28 0.000549333-0.000297048 0.000861593
          29-0.000325333-0.000298023 0.000831353
          30 -0.00410133  -0.0004248 0.000813107
           1 0.000298667 0.000298667           0
           2 -0.00214133-0.000921333     0.00122
           3 -0.00283467 -0.00155911 0.000950207
           4 -0.00268533 -0.00184067 0.000728506
           5   -0.002936 -0.00205973 0.000605328
           6-0.000373333 -0.00177867 0.000568577
           7 -0.00462667 -0.00218552  0.00062964
           8    0.005736 -0.00119533   0.0011304
           9 -0.00712267 -0.00185393  0.00119482
          10 -0.00231467     -0.0019  0.00106967
          11   -0.002808 -0.00198255 0.000971071
          12     0.00608 -0.00131067  0.00111231
          13 -0.00567733 -0.00164656   0.0010769
          14 -0.00382133  -0.0018019  0.00100905
          15 -0.00217067 -0.00182649 0.000939693
          16     0.00268 -0.00154483 0.000923025
          17 -0.00176533  -0.0015578 0.000867128
          18   -0.001456 -0.00155215 0.000817556
          19    0.005736 -0.00116856 0.000863237
          20 -0.00682667 -0.00145147 0.000866427
          21  0.00210667 -0.00128203 0.000841374
          22  0.00347733  -0.0010657 0.000830876
          23  0.00380533-0.000853913 0.000821691
          24 0.000381333-0.000802444 0.000788391
          25  0.00459467 -0.00058656 0.000786411
          26    0.002632-0.000462769 0.000765633
          27  0.00595467-0.000225086 0.000774122
          28  0.00505067-3.66667e-05 0.000769391
          29   -0.010696 -0.00040423 0.000828396
          30   -0.000912-0.000421156 0.000800486
           1   -0.001088   -0.001088           0
           2  0.00447467  0.00169333  0.00278133
           3  0.00502133  0.00280267  0.00195172
           4   -0.002792    0.001404  0.00196491
           5  0.00353067  0.00182933  0.00158033
           6   -0.002808  0.00105644   0.0015041
           7   -0.000776 0.000794667  0.00129787
           8 -0.00238667    0.000397  0.00119226
           9       0.004 0.000797333  0.00112511
          10   -0.006088   0.0001088  0.00121933
          11    0.002616 0.000336727  0.00112623
          12  0.00544267 0.000762222  0.00111268
          13  0.00284267 0.000922256  0.00103595
          14 -0.00814133 0.000274857  0.00115715
          15 -0.00177067 0.000138489  0.00108585
          16   -0.002336-1.61667e-05  0.00102742
          17 -0.00228267 -0.00014949 0.000974262
          18 0.000885333    -9.2e-05 0.000920341
          19 -0.00802933-0.000509754 0.000965601
          20 -0.00310933-0.000639733 0.000925225
          21   -0.002024-0.000705651  0.00088253
          22    0.002912-0.000541212 0.000857376
          23 -0.00337333-0.000664348 0.000828453
          24-0.000562667-0.000660111 0.000793195
          25 -0.00393867-0.000791253 0.000772026
          26     0.00492 -0.00057159 0.000773581
          27 -0.00221867-0.000632593 0.000746874
          28 0.000794667-0.000581619 0.000721509
          29-0.000170667-0.000567448 0.000696329
          30 -0.00183733-0.000609778 0.000674048
