           1   -0.971947   -0.971947           0
           2   -0.976843   -0.974395    0.002448
           3   -0.973264   -0.974018  0.00146274
           4   -0.965488   -0.971885  0.00237005
           5   -0.968923   -0.971293  0.00192909
           6   -0.979189   -0.972609  0.00205256
           7   -0.970197   -0.972264  0.00176861
           8   -0.975104   -0.972619  0.00157225
           9   -0.972235   -0.972577  0.00138725
          10   -0.969877   -0.972307  0.00126982
          11   -0.972933   -0.972364  0.00115001
          12   -0.978544   -0.972879  0.00116934
          13   -0.977979   -0.973271  0.00114494
          14   -0.979824   -0.973739  0.00115876
          15    -0.97888   -0.974082  0.00113188
          16   -0.972192   -0.973964  0.00106534
          17   -0.975088    -0.97403   0.0010029
          18   -0.972699   -0.973956  0.00094843
          19   -0.965115   -0.973491  0.00101062
          20   -0.982677    -0.97395  0.00106312
          21   -0.978752   -0.974179  0.00103676
          22   -0.982187   -0.974543   0.0010534
          23   -0.972485   -0.974453  0.00101053
          24   -0.968187   -0.974192  0.00100212
          25   -0.977659   -0.974331 0.000971149
          26   -0.970992   -0.974202 0.000941844
          27   -0.973157   -0.974164 0.000907116
          28   -0.974256   -0.974167 0.000874125
          29   -0.975728   -0.974221  0.00084516
          30   -0.973669   -0.974202 0.000816709
           1   -0.958789   -0.958789           0
           2   -0.969493   -0.964141    0.005352
           3   -0.964949   -0.964411  0.00310169
           4   -0.965915   -0.964787  0.00222523
           5   -0.966741   -0.965178  0.00176743
           6   -0.960112   -0.964333  0.00167192
           7   -0.966075   -0.964582  0.00143476
           8   -0.965445    -0.96469  0.00124722
           9   -0.968928   -0.965161   0.0011965
          10   -0.964496   -0.965094  0.00107224
          11    -0.95664   -0.964326  0.00123749
          12   -0.964816   -0.964367  0.00113041
          13   -0.965781   -0.964475   0.0010455
          14   -0.960048   -0.964159   0.0010183
          15   -0.970853   -0.964606  0.00104778
          16   -0.968517    -0.96485  0.00101014
          17   -0.967968   -0.965033 0.000966426
          18   -0.963003   -0.964921 0.000918113
          19   -0.962197   -0.964777 0.000880196
          20   -0.973024    -0.96519 0.000931285
          21   -0.965349   -0.965197 0.000885862
          22   -0.964752   -0.965177 0.000844878
          23   -0.966427   -0.965231 0.000809136
          24   -0.968203   -0.965355 0.000784519
          25   -0.958085   -0.965064 0.000806717
          26   -0.966827   -0.965132 0.000778027
          27    -0.96968   -0.965301 0.000767371
          28   -0.972411   -0.965554 0.000781844
          29   -0.969403   -0.965687 0.000765983
          30   -0.963349   -0.965609 0.000744102
           1   -0.960816   -0.960816           0
           2   -0.950267   -0.955541  0.00527467
           3   -0.958629   -0.956571  0.00321459
           4   -0.956235   -0.956487  0.00227461
           5   -0.954539   -0.956097  0.00180446
           6   -0.950427   -0.955152  0.00175039
           7   -0.955861   -0.955253  0.00148282
           8   -0.951669   -0.954805  0.00136006
           9   -0.958053   -0.955166  0.00125258
          10   -0.957648   -0.955414   0.0011475
          11   -0.956171   -0.955483  0.00104023
          12   -0.963829   -0.956179  0.00117706
          13   -0.955861   -0.956154  0.00108301
          14   -0.958379   -0.956313  0.00101518
          15   -0.965824   -0.956947  0.00113807
          16   -0.951531   -0.956609   0.0011171
          17   -0.953653   -0.956435  0.00106364
          18   -0.956613   -0.956445  0.00100286
          19    -0.96096   -0.956682 0.000977921
          20   -0.953515   -0.956524 0.000941161
          21   -0.959707   -0.956676  0.00090796
          22   -0.955184   -0.956608 0.000868357
          23   -0.954373   -0.956511 0.000835412
          24   -0.951813   -0.956315 0.000823444
          25   -0.959867   -0.956457 0.000802496
          26   -0.955045   -0.956403 0.000772922
          27   -0.956779   -0.956417 0.000743875
          28   -0.949952   -0.956186  0.00075308
          29   -0.958613   -0.956269 0.000731454
          30   -0.955952   -0.956259 0.000706731
           1   -0.948619   -0.948619           0
           2   -0.950752   -0.949685  0.00106667
           3   -0.945451   -0.948274  0.00154005
           4   -0.949744   -0.948641  0.00114934
           5   -0.954981   -0.949909  0.00154932
           6   -0.948843   -0.949732  0.00127745
           7   -0.940176   -0.948366  0.00174042
           8   -0.950341   -0.948613  0.00152733
           9   -0.943429   -0.948037  0.00146497
          10   -0.952837   -0.948517  0.00139546
          11   -0.948277   -0.948496  0.00126243
          12   -0.951067    -0.94871  0.00117218
          13   -0.937995   -0.947886   0.0013572
          14   -0.948267   -0.947913  0.00125682
          15   -0.940187   -0.947398  0.00127839
          16     -0.9412    -0.94701    0.001257
          17   -0.947531   -0.947041  0.00118114
          18   -0.947941   -0.947091  0.00111471
          19   -0.948235   -0.947151  0.00105613
          20   -0.947899   -0.947189  0.00100263
          21   -0.944661   -0.947068 0.000961253
          22   -0.954512   -0.947407  0.00097698
          23   -0.946475   -0.947366 0.000934416
          24   -0.940603   -0.947084  0.00093797
          25   -0.951408   -0.947257 0.000916142
          26   -0.947867   -0.947281 0.000880513
          27   -0.942757   -0.947113 0.000863678
          28   -0.951536   -0.947271 0.000847118
          29   -0.940069   -0.947023 0.000854277
          30   -0.946885   -0.947018 0.000825323
           1   -0.933051   -0.933051           0
           2   -0.936944   -0.934997  0.00194667
           3   -0.936384    -0.93546  0.00121524
           4   -0.928795   -0.933793  0.00187476
           5    -0.94224   -0.935483  0.00222771
           6   -0.934715   -0.935355  0.00182341
           7   -0.937189   -0.935617  0.00156319
           8   -0.939019   -0.936042  0.00141898
           9   -0.927611   -0.935105  0.00156323
          10   -0.932048   -0.934799  0.00143123
          11   -0.938981    -0.93518  0.00134926
          12   -0.934981   -0.935163  0.00123181
          13   -0.936229   -0.935245  0.00113607
          14   -0.941648   -0.935702  0.00114692
          15   -0.937285   -0.935808  0.00107293
          16     -0.9332   -0.935645  0.00101678
          17   -0.933696    -0.93553 0.000961959
          18   -0.936864   -0.935604 0.000909965
          19   -0.937829   -0.935722 0.000868669
          20   -0.933259   -0.935598 0.000833242
          21   -0.940165   -0.935816 0.000821866
          22   -0.936688   -0.935856  0.00078462
          23   -0.926107   -0.935432 0.000861253
          24   -0.937461   -0.935516 0.000828912
          25   -0.931835   -0.935369 0.000808587
          26   -0.928587   -0.935108 0.000819492
          27   -0.933067   -0.935032 0.000792173
          28   -0.936192   -0.935074 0.000764479
          29   -0.934683    -0.93506  0.00073777
          30   -0.934635   -0.935046 0.000712895
           1   -0.918341   -0.918341           0
           2   -0.924096   -0.921219  0.00287733
           3   -0.926096   -0.922844   0.0023244
           4   -0.921669   -0.922551  0.00166965
           5   -0.926667   -0.923374  0.00153307
           6   -0.924768   -0.923606  0.00127313
           7   -0.913712   -0.922193  0.00177641
           8   -0.921413   -0.922095   0.0015415
           9   -0.927381   -0.922683  0.00148092
          10   -0.925835   -0.922998  0.00136156
          11   -0.923643   -0.923056  0.00123297
          12   -0.928347   -0.923497   0.0012088
          13   -0.928971   -0.923918  0.00118897
          14     -0.9132   -0.923153  0.00134084
          15   -0.925109   -0.923283  0.00125505
          16   -0.928869   -0.923632  0.00122481
          17   -0.924608    -0.92369  0.00115194
          18   -0.926384   -0.923839  0.00109632
          19   -0.925776   -0.923941  0.00104201
          20   -0.923984   -0.923943 0.000988543
          21   -0.922533   -0.923876 0.000942686
          22   -0.922176   -0.923799 0.000902133
          23   -0.927605   -0.923965  0.00087776
          24   -0.925323   -0.924021 0.000842294
          25   -0.921541   -0.923922 0.000813967
          26   -0.922368   -0.923862 0.000784314
          27   -0.925488   -0.923922 0.000757105
          28   -0.919664    -0.92377 0.000745248
          29   -0.926763   -0.923873 0.000726456
          30   -0.921829   -0.923805 0.000705123
           1   -0.910123   -0.910123           0
           2   -0.915781   -0.912952  0.00282933
           3   -0.911883   -0.912596  0.00167195
           4   -0.911643   -0.912357  0.00120601
           5   -0.919381   -0.913762  0.00168705
           6   -0.916565   -0.914229  0.00145455
           7   -0.912437   -0.913973  0.00125569
           8   -0.912693   -0.913813  0.00109917
           9   -0.914608   -0.913902 0.000973386
          10   -0.917429   -0.914254 0.000939378
          11     -0.9128   -0.914122 0.000859925
          12   -0.913765   -0.914092 0.000785563
          13   -0.910645   -0.913827 0.000769728
          14   -0.909019   -0.913484 0.000791084
          15   -0.908507   -0.913152 0.000807756
          16   -0.915685    -0.91331 0.000771998
          17    -0.91992   -0.913699 0.000822821
          18   -0.910123     -0.9135 0.000800804
          19   -0.913509   -0.913501 0.000757485
          20   -0.909413   -0.913297 0.000747111
          21   -0.913925   -0.913326 0.000711275
          22   -0.908416   -0.913103 0.000713961
          23   -0.916795   -0.913264 0.000700838
          24   -0.912117   -0.913216 0.000672699
          25   -0.911701   -0.913155 0.000648069
          26   -0.909131   -0.913001 0.000641598
          27   -0.913003   -0.913001 0.000617378
          28   -0.906187   -0.912757  0.00064277
          29   -0.911685    -0.91272  0.00062131
          30   -0.912235   -0.912704 0.000600461
           1   -0.901451   -0.901451           0
           2   -0.901547   -0.901499     4.8e-05
           3   -0.901589   -0.901529 4.10047e-05
           4   -0.903077   -0.901916 0.000388195
           5   -0.902843   -0.902101 0.000353222
           6   -0.907077   -0.902931  0.00087805
           7   -0.905525   -0.903301  0.00082951
           8   -0.902064   -0.903147 0.000734838
           9   -0.903509   -0.903187 0.000649318
          10   -0.903616    -0.90323  0.00058235
          11   -0.899552   -0.902896 0.000623909
          12   -0.904443   -0.903024 0.000583959
          13   -0.907429   -0.903363 0.000635103
          14   -0.900629   -0.903168 0.000619572
          15   -0.907595   -0.903463 0.000647902
          16   -0.906091   -0.903627 0.000627912
          17   -0.901312   -0.903491 0.000605341
          18   -0.904411   -0.903542 0.000573003
          19   -0.902037   -0.903463 0.000547763
          20   -0.902837   -0.903432 0.000520595
          21   -0.899547   -0.903247 0.000528615
          22   -0.902315   -0.903204 0.000505792
          23   -0.903707   -0.903226 0.000483794
          24   -0.905451   -0.903319  0.00047238
          25   -0.904501   -0.903366 0.000455553
          26   -0.901061   -0.903278 0.000446568
          27   -0.903296   -0.903278 0.000429711
          28   -0.903936   -0.903302 0.000414746
          29   -0.898309    -0.90313 0.000435645
          30   -0.900027   -0.903026 0.000433396
           1   -0.891701   -0.891701           0
           2   -0.889067   -0.890384  0.00131733
           3   -0.892149   -0.890972 0.000961625
           4   -0.892155   -0.891268 0.000741427
           5   -0.893568   -0.891728 0.000735818
           6    -0.89016   -0.891467  0.00065517
           7   -0.891973   -0.891539  0.00055843
           8   -0.893205   -0.891747 0.000526561
           9   -0.890416   -0.891599 0.000487374
          10   -0.894261   -0.891866 0.000510769
          11   -0.898896   -0.892505 0.000788629
          12    -0.89008   -0.892303 0.000747735
          13   -0.892123   -0.892289 0.000687956
          14   -0.894651   -0.892458 0.000658887
          15    -0.88856   -0.892198 0.000666155
          16   -0.893008   -0.892248 0.000625185
          17   -0.890277   -0.892132 0.000598595
          18   -0.890443   -0.892039 0.000572115
          19   -0.885605     -0.8917  0.00063836
          20   -0.894661   -0.891848  0.00062344
          21   -0.894027   -0.891952 0.000602017
          22   -0.889883   -0.891858 0.000581654
          23   -0.892523   -0.891887 0.000556541
          24   -0.891579   -0.891874 0.000533002
          25    -0.89752     -0.8921 0.000558902
          26    -0.89328   -0.892145 0.000538892
          27   -0.889824   -0.892059 0.000525626
          28   -0.888192   -0.891921 0.000524997
          29   -0.891963   -0.891922 0.000506573
          30   -0.893381   -0.891971 0.000491806
           1   -0.883333   -0.883333           0
           2     -0.8816   -0.882467 0.000866667
           3   -0.886656   -0.883863  0.00148338
           4    -0.88424   -0.883957  0.00105313
           5   -0.875205   -0.882207  0.00193115
           6   -0.881557   -0.882099  0.00158049
           7     -0.8828   -0.882199  0.00133951
           8   -0.880384   -0.881972  0.00118203
           9   -0.881008   -0.881865  0.00104794
          10   -0.878352   -0.881514  0.00100097
          11   -0.877019   -0.881105 0.000993352
          12   -0.882181   -0.881195 0.000911228
          13   -0.880987   -0.881179 0.000838361
          14   -0.883877   -0.881371 0.000799749
          15   -0.882176   -0.881425 0.000746456
          16   -0.881563   -0.881434 0.000698298
          17   -0.880256   -0.881364 0.000659585
          18   -0.880187   -0.881299 0.000625295
          19   -0.881333   -0.881301 0.000591473
          20   -0.880853   -0.881278 0.000561566
          21    -0.88488    -0.88145 0.000561014
          22   -0.878187   -0.881302 0.000555091
          23   -0.880805    -0.88128 0.000530846
          24   -0.881291    -0.88128 0.000508247
          25   -0.883403   -0.881365 0.000494829
          26   -0.879061   -0.881277 0.000483604
          27   -0.875749   -0.881072 0.000508388
          28   -0.883755   -0.881168 0.000499176
          29   -0.884229   -0.881273 0.000493089
          30   -0.879184   -0.881204 0.000481434
           1   -0.869365   -0.869365           0
           2   -0.873328   -0.871347  0.00198133
           3   -0.869195   -0.870629  0.00135023
           4   -0.870757   -0.870661 0.000955295
           5   -0.865781   -0.869685   0.0012248
           6   -0.874037   -0.870411  0.00123539
           7   -0.870869   -0.870476  0.00104615
           8    -0.86976   -0.870387 0.000910406
           9   -0.870043   -0.870348 0.000803812
          10   -0.867531   -0.870067 0.000772198
          11   -0.868053   -0.869884 0.000722062
          12   -0.870891   -0.869968  0.00066447
          13   -0.867973   -0.869814 0.000630179
          14   -0.866896   -0.869606 0.000619549
          15   -0.871893   -0.869758 0.000596591
          16   -0.870155   -0.869783 0.000558609
          17   -0.868496   -0.869707 0.000530155
          18   -0.869563   -0.869699   0.0004999
          19   -0.870155   -0.869723 0.000473465
          20   -0.867941   -0.869634 0.000457919
          21   -0.871941   -0.869744 0.000449211
          22   -0.866096   -0.869578 0.000459284
          23   -0.868864   -0.869547 0.000439958
          24   -0.867611   -0.869466 0.000428886
          25   -0.873147   -0.869614 0.000436919
          26   -0.868517   -0.869571  0.00042189
          27   -0.869077   -0.869553 0.000406376
          28   -0.870427   -0.869584 0.000392835
          29   -0.869941   -0.869597 0.000379247
          30   -0.867685   -0.869533 0.000371885
           1   -0.858741   -0.858741           0
           2   -0.861867   -0.860304  0.00156267
           3   -0.863013   -0.861207  0.00127655
           4   -0.863872   -0.861873  0.00112189
           5   -0.857659    -0.86103  0.00121067
           6   -0.862379   -0.861255  0.00101373
           7   -0.861445   -0.861282 0.000857187
           8   -0.860171   -0.861143 0.000755239
           9   -0.859477   -0.860958 0.000691302
          10   -0.861408   -0.861003 0.000619953
          11   -0.855461   -0.860499 0.000753845
          12   -0.855707     -0.8601 0.000795666
          13   -0.861675   -0.860221 0.000741862
          14   -0.858624   -0.860107  0.00069624
          15   -0.863232   -0.860315 0.000680822
          16   -0.858283   -0.860188 0.000649399
          17   -0.858368   -0.860081 0.000619331
          18   -0.864869   -0.860347 0.000641646
          19   -0.860064   -0.860332  0.00060712
          20   -0.858928   -0.860262 0.000580229
          21   -0.856832   -0.860099 0.000575571
          22   -0.855387   -0.859885 0.000589102
          23   -0.860208   -0.859899 0.000563083
          24   -0.859909   -0.859899 0.000539111
          25   -0.859029   -0.859864 0.000518266
          26   -0.857328   -0.859767 0.000507399
          27   -0.858144   -0.859707 0.000491931
          28   -0.861381   -0.859766 0.000477794
          29   -0.857989   -0.859705 0.000465079
          30   -0.863371   -0.859827 0.000465626
           1   -0.844507   -0.844507           0
           2   -0.847787   -0.846147     0.00164
           3   -0.848197    -0.84683  0.00116781
           4   -0.853723   -0.848553  0.00191076
           5   -0.853483   -0.849539  0.00177835
           6   -0.843547    -0.84854  0.00176235
           7   -0.851595   -0.848977  0.00155205
           8   -0.849643    -0.84906  0.00134669
           9   -0.850517   -0.849222  0.00119865
          10   -0.846912   -0.848991  0.00109671
          11   -0.849952   -0.849078 0.000995852
          12   -0.848773   -0.849053  0.00090944
          13   -0.847755   -0.848953 0.000842503
          14   -0.851573    -0.84914 0.000802147
          15   -0.845488   -0.848897 0.000785449
          16   -0.848901   -0.848897  0.00073472
          17   -0.845856   -0.848718 0.000712955
          18   -0.849029   -0.848735 0.000672403
          19   -0.850363   -0.848821  0.00064177
          20   -0.846779   -0.848719 0.000617341
          21   -0.847696    -0.84867 0.000589226
          22   -0.849259   -0.848697 0.000562441
          23   -0.851483   -0.848818  0.00055091
          24   -0.845248   -0.848669  0.00054803
          25   -0.847589   -0.848626 0.000527424
          26   -0.851701   -0.848744 0.000520353
          27   -0.846517   -0.848662 0.000507459
          28   -0.848864   -0.848669 0.000489053
          29   -0.849557     -0.8487 0.000472881
          30   -0.852725   -0.848834 0.000476145
           1   -0.840965   -0.840965           0
           2   -0.836389   -0.838677    0.002288
           3   -0.833189   -0.836848  0.00225642
           4   -0.838544   -0.837272  0.00165091
           5   -0.840693   -0.837956  0.00145035
           6   -0.834373   -0.837359  0.00132625
           7   -0.833755   -0.836844   0.0012335
           8   -0.842635   -0.837568  0.00129037
           9   -0.837355   -0.837544  0.00113824
          10   -0.833312   -0.837121  0.00110254
          11   -0.835211   -0.836947   0.0010123
          12   -0.836101   -0.836877 0.000926783
          13   -0.836891   -0.836878 0.000852517
          14   -0.833808   -0.836659 0.000819172
          15    -0.83888   -0.836807 0.000776853
          16   -0.838139    -0.83689 0.000731432
          17   -0.837179   -0.836907 0.000687271
          18   -0.837493    -0.83694 0.000648783
          19   -0.837179   -0.836952 0.000613816
          20   -0.837205   -0.836965 0.000582455
          21   -0.833541   -0.836802 0.000577512
          22   -0.838107   -0.836861 0.000553822
          23   -0.834837   -0.836773  0.00053646
          24   -0.839456   -0.836885 0.000525646
          25   -0.836587   -0.836873 0.000504323
          26   -0.832101   -0.836689 0.000518129
          27   -0.838027   -0.836739 0.000501024
          28   -0.839264   -0.836829 0.000491149
          29   -0.838992   -0.836904 0.000479743
          30   -0.837936   -0.836938 0.000464751
           1   -0.826384   -0.826384           0
           2   -0.821803   -0.824093  0.00229067
           3   -0.823115   -0.823767  0.00136216
           4   -0.826885   -0.824547  0.00123913
           5   -0.826203   -0.824878  0.00101536
           6   -0.823445   -0.824639 0.000862734
           7   -0.820896   -0.824104 0.000904205
           8   -0.826224   -0.824369 0.000826674
           9   -0.824773   -0.824414 0.000730438
          10   -0.823099   -0.824283 0.000666438
          11    -0.82824   -0.824642 0.000702006
          12   -0.825872   -0.824745 0.000648981
          13   -0.827611   -0.824965 0.000636377
          14   -0.825205   -0.824982  0.00058942
          15   -0.824123   -0.824925 0.000551706
          16   -0.829728   -0.825225 0.000597025
          17   -0.828027    -0.82539 0.000584515
          18   -0.828693   -0.825574 0.000580838
          19    -0.82328   -0.825453 0.000562523
          20   -0.823819   -0.825371 0.000539876
          21   -0.824341   -0.825322 0.000515861
          22   -0.820149   -0.825087 0.000545166
          23   -0.828149    -0.82522  0.00053767
          24   -0.827504   -0.825315 0.000523501
          25   -0.830389   -0.825518 0.000541592
          26   -0.824437   -0.825477 0.000522003
          27   -0.826709   -0.825522 0.000504368
          28   -0.824837   -0.825498 0.000486637
          29   -0.826032   -0.825516 0.000469918
          30   -0.827643   -0.825587 0.000459483
           1   -0.814053   -0.814053           0
           2    -0.81608   -0.815067  0.00101333
           3   -0.818112   -0.816082  0.00117164
           4   -0.819376   -0.816905  0.00116817
           5   -0.815488   -0.816622 0.000948219
           6   -0.814357   -0.816244 0.000861313
           7   -0.812912   -0.815768 0.000869791
           8   -0.819755   -0.816267 0.000903156
           9   -0.814309   -0.816049 0.000825666
          10   -0.816976   -0.816142 0.000744291
          11   -0.816149   -0.816143 0.000673237
          12   -0.814443   -0.816001 0.000630693
          13    -0.81464   -0.815896 0.000589522
          14   -0.816357   -0.815929 0.000546784
          15   -0.811627   -0.815642 0.000584279
          16   -0.816064   -0.815669 0.000547178
          17   -0.816976   -0.815746 0.000519706
          18   -0.815941   -0.815756 0.000490104
          19   -0.814971   -0.815715 0.000465433
          20   -0.817141   -0.815786  0.00044727
          21   -0.815573   -0.815776  0.00042556
          22   -0.816101   -0.815791 0.000406024
          23   -0.811941   -0.815624 0.000422535
          24   -0.819392   -0.815781 0.000433949
          25   -0.812661   -0.815656 0.000434528
          26   -0.812144   -0.815521 0.000438788
          27   -0.813456   -0.815444 0.000429094
          28    -0.81768   -0.815524 0.000421124
          29   -0.819749    -0.81567 0.000431673
          30   -0.812469   -0.815563 0.000430466
           1   -0.802597   -0.802597           0
           2   -0.803856   -0.803227 0.000629333
           3   -0.804123   -0.803525 0.000470342
           4   -0.804459   -0.803759  0.00040627
           5   -0.807824   -0.804572 0.000871843
           6   -0.804992   -0.804642 0.000715295
           7   -0.804811   -0.804666 0.000605016
           8   -0.802869   -0.804441 0.000570057
           9   -0.804875   -0.804489 0.000505044
          10    -0.80176   -0.804217 0.000527784
          11    -0.80472   -0.804262 0.000479588
          12   -0.807323   -0.804517 0.000506666
          13   -0.803717   -0.804456  0.00047011
          14    -0.80064   -0.804183 0.000513536
          15   -0.806496   -0.804337 0.000502324
          16     -0.8048   -0.804366 0.000470769
          17   -0.802341   -0.804247 0.000457973
          18   -0.801931   -0.804119 0.000450553
          19   -0.806619    -0.80425 0.000446032
          20   -0.804864   -0.804281 0.000424255
          21   -0.804736   -0.804302 0.000404129
          22   -0.802453   -0.804218 0.000394383
          23   -0.809515   -0.804449 0.000441631
          24   -0.801717   -0.804335 0.000437877
          25   -0.799461    -0.80414 0.000463034
          26   -0.805867   -0.804206 0.000449798
          27      -0.806   -0.804273 0.000437887
          28   -0.800843    -0.80415 0.000439382
          29   -0.805995   -0.804214 0.000428704
          30   -0.803504    -0.80419 0.000414842
           1   -0.795643   -0.795643           0
           2   -0.794827   -0.795235    0.000408
           3   -0.793637   -0.794702 0.000582224
           4   -0.791531   -0.793909 0.000893401
           5   -0.795264    -0.79418 0.000743172
           6   -0.791947   -0.793808 0.000711888
           7   -0.791552   -0.793486 0.000682538
           8   -0.794933   -0.793667 0.000618172
           9   -0.797408   -0.794082 0.000685585
          10   -0.798496   -0.794524 0.000755528
          11   -0.793883   -0.794465 0.000685881
          12   -0.790651   -0.794148 0.000702202
          13   -0.797728   -0.794423 0.000702199
          14   -0.795072   -0.794469 0.000651761
          15   -0.790464   -0.794202 0.000662913
          16   -0.792213   -0.794078 0.000632436
          17   -0.792459   -0.793983 0.000601659
          18   -0.793605   -0.793962 0.000567637
          19   -0.794827   -0.794007 0.000538857
          20   -0.792768   -0.793945 0.000514946
          21   -0.791904   -0.793848 0.000499364
          22    -0.79456    -0.79388 0.000477223
          23   -0.792667   -0.793828 0.000459046
          24   -0.793563   -0.793817 0.000439642
          25   -0.791931   -0.793741 0.000428385
          26   -0.797701   -0.793894 0.000438857
          27   -0.794885    -0.79393 0.000423885
          28   -0.795845   -0.793999 0.000414153
          29   -0.794613    -0.79402 0.000400178
          30   -0.794053   -0.794021 0.000386611
           1   -0.787104   -0.787104           0
           2   -0.782427   -0.784765  0.00233867
           3   -0.787413   -0.785648  0.00161314
           4   -0.786027   -0.785743  0.00114458
           5   -0.784533   -0.785501  0.00091899
           6   -0.787403   -0.785818 0.000814557
           7     -0.7848   -0.785672 0.000703613
           8   -0.785355   -0.785633  0.00061064
           9   -0.781723   -0.785198 0.000691925
          10   -0.782336   -0.784912 0.000681859
          11   -0.781733   -0.784623 0.000681103
          12   -0.782133   -0.784416 0.000655462
          13   -0.779936   -0.784071 0.000694457
          14    -0.78368   -0.784043 0.000643548
          15    -0.78336   -0.783998 0.000600839
          16   -0.783584   -0.783972 0.000562627
          17   -0.782816   -0.783904  0.00053285
          18   -0.781787   -0.783786  0.00051596
          19   -0.779275   -0.783549 0.000542744
          20   -0.780752   -0.783409 0.000533541
          21   -0.783648    -0.78342 0.000507627
          22   -0.782613   -0.783384 0.000485391
          23   -0.781445   -0.783299   0.0004714
          24   -0.783637   -0.783313 0.000451551
          25   -0.783243   -0.783311 0.000433122
          26   -0.781627   -0.783246 0.000421139
          27   -0.784848   -0.783305 0.000409564
          28   -0.785525   -0.783384 0.000402552
          29   -0.784672   -0.783429 0.000390953
          30   -0.783989   -0.783447 0.000378158
           1   -0.774667   -0.774667           0
           2   -0.770971   -0.772819    0.001848
           3   -0.770043   -0.771893  0.00141231
           4   -0.770245   -0.771481   0.0010803
           5   -0.771307   -0.771446 0.000837526
           6   -0.772384   -0.771603 0.000701464
           7   -0.772373   -0.771713 0.000602982
           8   -0.773077   -0.771883 0.000549349
           9   -0.772688   -0.771973 0.000492661
          10   -0.769872   -0.771763 0.000488163
          11   -0.772309   -0.771812 0.000444348
          12   -0.774176   -0.772009 0.000450927
          13   -0.770901   -0.771924 0.000423458
          14   -0.773685    -0.77205 0.000411736
          15   -0.771291   -0.771999 0.000386633
          16   -0.774949   -0.772184 0.000405949
          17   -0.770635   -0.772093 0.000392058
          18   -0.774197   -0.772209  0.00038769
          19   -0.770379   -0.772113 0.000379166
          20   -0.771099   -0.772062 0.000363267
          21   -0.769781   -0.771954 0.000362207
          22   -0.771227   -0.771921 0.000346929
          23   -0.775323   -0.772069 0.000363003
          24   -0.771755   -0.772056 0.000347795
          25    -0.77152   -0.772034  0.00033428
          26   -0.773872   -0.772105 0.000328853
          27   -0.771109   -0.772068  0.00031858
          28   -0.770907   -0.772026  0.00030978
          29   -0.774064   -0.772097 0.000307054
          30   -0.771579   -0.772079 0.000297144
           1   -0.762475   -0.762475           0
           2   -0.759669   -0.761072  0.00140267
           3   -0.760011   -0.760718 0.000883733
           4   -0.762517   -0.761168  0.00076993
           5   -0.764677    -0.76187 0.000921028
           6    -0.76296   -0.762052 0.000773653
           7   -0.763488   -0.762257 0.000685301
           8   -0.762352   -0.762269 0.000593607
           9    -0.76072   -0.762097 0.000551067
          10   -0.762651   -0.762152 0.000495994
          11   -0.762693   -0.762201 0.000451334
          12   -0.762224   -0.762203 0.000412014
          13   -0.765595   -0.762464 0.000460111
          14   -0.762501   -0.762467 0.000425989
          15   -0.762293   -0.762455 0.000396742
          16   -0.762443   -0.762454 0.000371119
          17   -0.762171   -0.762438 0.000349005
          18   -0.759424    -0.76227 0.000369191
          19   -0.760501   -0.762177 0.000361416
          20   -0.760661   -0.762101 0.000351146
          21   -0.760165   -0.762009 0.000346496
          22   -0.762064   -0.762012  0.00033038
          23   -0.759648   -0.761909 0.000331995
          24    -0.76312   -0.761959 0.000321842
          25   -0.761408   -0.761937 0.000309487
          26   -0.764021   -0.762017  0.00030796
          27    -0.76472   -0.762118 0.000312783
          28   -0.761995   -0.762113 0.000301437
          29   -0.763067   -0.762146 0.000292709
          30   -0.760997   -0.762108 0.000285365
           1   -0.749563   -0.749563           0
           2   -0.750336   -0.749949 0.000386667
           3   -0.753813   -0.751237   0.0013072
           4   -0.750667   -0.751095 0.000935278
           5   -0.748933   -0.750662 0.000843624
           6   -0.751899   -0.750868 0.000718973
           7   -0.750155   -0.750766 0.000616139
           8   -0.751024   -0.750799 0.000534562
           9   -0.752565   -0.750995 0.000510674
          10   -0.751019   -0.750997 0.000456766
          11   -0.748699   -0.750788 0.000463001
          12   -0.751797   -0.750872 0.000430942
          13   -0.751093   -0.750889 0.000396773
          14   -0.752309   -0.750991 0.000381085
          15   -0.752485    -0.75109 0.000368495
          16   -0.754133   -0.751281 0.000393678
          17   -0.751035   -0.751266 0.000370079
          18   -0.751163    -0.75126 0.000348962
          19   -0.750699   -0.751231 0.000331406
          20   -0.749589   -0.751149 0.000324937
          21   -0.750699   -0.751127 0.000309819
          22   -0.753579   -0.751239 0.000315716
          23   -0.752048   -0.751274 0.000303722
          24   -0.749861   -0.751215 0.000296689
          25   -0.752053   -0.751249 0.000286542
          26   -0.749707   -0.751189 0.000281616
          27   -0.751349   -0.751195  0.00027105
          28   -0.748331   -0.751093 0.000280512
          29   -0.751077   -0.751092 0.000270667
          30   -0.750853   -0.751084 0.000261611
           1   -0.742485   -0.742485           0
           2   -0.741179   -0.741832 0.000653333
           3   -0.737232   -0.740299  0.00157905
           4   -0.737536   -0.739608   0.0013129
           5   -0.741419    -0.73997  0.00107952
           6   -0.739381   -0.739872 0.000886873
           7   -0.740933   -0.740024 0.000764726
           8   -0.739611   -0.739972  0.00066428
           9   -0.743611   -0.740376 0.000711804
          10   -0.740667   -0.740405 0.000637318
          11   -0.738448   -0.740227 0.000603313
          12   -0.742635   -0.740428 0.000586145
          13   -0.743733   -0.740682 0.000596117
          14   -0.745525   -0.741028 0.000651353
          15   -0.742491   -0.741126 0.000614165
          16   -0.742048   -0.741183 0.000577383
          17   -0.741904   -0.741226 0.000544012
          18   -0.738592   -0.741079 0.000533361
          19   -0.741669    -0.74111 0.000505464
          20   -0.741856   -0.741148 0.000480972
          21   -0.741685   -0.741173 0.000458211
          22   -0.739173   -0.741082 0.000446245
          23   -0.740875   -0.741073 0.000426498
          24   -0.740048   -0.741031  0.00041057
          25   -0.738565   -0.740932 0.000405964
          26   -0.740901   -0.740931 0.000390039
          27   -0.741509   -0.740952 0.000375926
          28   -0.744315   -0.741072 0.000381637
          29   -0.740907   -0.741067 0.000368286
          30   -0.738763    -0.74099 0.000363993
           1   -0.731333   -0.731333           0
           2   -0.732277   -0.731805    0.000472
           3   -0.732123   -0.731911 0.000292319
           4   -0.730859   -0.731648 0.000334593
           5   -0.731915   -0.731701 0.000264605
           6   -0.733067   -0.731929 0.000313782
           7   -0.730496   -0.731724 0.000335006
           8   -0.730885   -0.731619 0.000308491
           9   -0.731744   -0.731633 0.000272416
          10   -0.728603    -0.73133 0.000388856
          11   -0.732592   -0.731445 0.000369967
          12   -0.730373   -0.731356 0.000349337
          13   -0.730315   -0.731275 0.000331169
          14   -0.730683   -0.731233 0.000309513
          15   -0.733744   -0.731401 0.000333234
          16   -0.730075   -0.731318 0.000322538
          17   -0.729333   -0.731201  0.00032468
          18   -0.727627   -0.731002 0.000364876
          19   -0.729547   -0.730926 0.000353539
          20   -0.734171   -0.731088 0.000372578
          21   -0.728837   -0.730981 0.000370244
          22   -0.731429   -0.731001 0.000353602
          23   -0.732485   -0.731066 0.000343985
          24   -0.730299   -0.731034 0.000330888
          25   -0.728613   -0.730937 0.000331815
          26   -0.728645   -0.730849 0.000330758
          27   -0.729504   -0.730799 0.000322146
          28   -0.732181   -0.730848 0.000314328
          29   -0.730704   -0.730843 0.000303337
          30   -0.731445   -0.730863 0.000293737
           1   -0.721632   -0.721632           0
           2   -0.724085   -0.722859  0.00122667
           3   -0.717909   -0.721209  0.00179537
           4   -0.722315   -0.721485  0.00129927
           5   -0.720939   -0.721376  0.00101233
           6   -0.720715   -0.721266 0.000833879
           7   -0.721445   -0.721291 0.000705223
           8   -0.723744   -0.721598 0.000683367
           9   -0.721835   -0.721624 0.000603247
          10   -0.719957   -0.721458 0.000564724
          11   -0.719867   -0.721313 0.000530892
          12   -0.723781   -0.721519 0.000526482
          13   -0.722139   -0.721566 0.000486636
          14   -0.718725   -0.721363  0.00049413
          15   -0.723579   -0.721511 0.000483135
          16   -0.719621   -0.721393  0.00046711
          17   -0.715733    -0.72106 0.000550781
          18   -0.719787   -0.720989 0.000524078
          19   -0.719995   -0.720937 0.000498485
          20   -0.723179   -0.721049 0.000486005
          21   -0.718549    -0.72093 0.000477363
          22   -0.717637    -0.72078 0.000479124
          23   -0.716085   -0.720576 0.000501266
          24   -0.721024   -0.720595 0.000480288
          25    -0.72392   -0.720728 0.000479492
          26   -0.717584   -0.720607 0.000476286
          27   -0.721211   -0.720629 0.000458852
          28   -0.723472   -0.720731 0.000453666
          29   -0.721643   -0.720762 0.000438871
          30   -0.722987   -0.720836 0.000430424
           1   -0.711141   -0.711141           0
           2   -0.710059     -0.7106 0.000541333
           3   -0.710512   -0.710571 0.000313912
           4   -0.714656   -0.711592  0.00104518
           5    -0.71208    -0.71169 0.000815451
           6   -0.709349     -0.7113 0.000771649
           7   -0.710992   -0.711256 0.000653641
           8    -0.71256   -0.711419 0.000589083
           9   -0.710075   -0.711269 0.000540559
          10   -0.712544   -0.711397 0.000500011
          11    -0.71216   -0.711466 0.000457568
          12   -0.712299   -0.711536 0.000423422
          13   -0.712432   -0.711605 0.000395549
          14   -0.714709   -0.711826 0.000428125
          15   -0.712475    -0.71187   0.0004009
          16   -0.712821   -0.711929 0.000379696
          17   -0.710656   -0.711854 0.000364439
          18   -0.711403   -0.711829  0.00034451
          19   -0.709819   -0.711723 0.000342622
          20   -0.709872   -0.711631 0.000337962
          21    -0.71496   -0.711789 0.000358434
          22   -0.712347   -0.711815 0.000342692
          23   -0.712379   -0.711839 0.000328371
          24   -0.712459   -0.711865 0.000315449
          25   -0.711264   -0.711841 0.000303521
          26   -0.712949   -0.711883 0.000294714
          27   -0.709947   -0.711812 0.000292521
          28   -0.710917    -0.71178 0.000283684
          29   -0.713253   -0.711831 0.000278403
          30   -0.711077   -0.711806 0.000270132
           1   -0.700901   -0.700901           0
           2   -0.701483   -0.701192 0.000290667
           3   -0.700949   -0.701111 0.000186294
           4   -0.699003   -0.700584 0.000543322
           5   -0.703077   -0.701083 0.000652524
           6   -0.703349    -0.70146 0.000653127
           7   -0.702763   -0.701646 0.000582498
           8   -0.701547   -0.701634 0.000504612
           9   -0.701845   -0.701657 0.000445645
          10   -0.701515   -0.701643 0.000398853
          11   -0.702107   -0.701685 0.000363228
          12   -0.701317   -0.701655 0.000332995
          13   -0.701499   -0.701643 0.000306546
          14   -0.701152   -0.701608 0.000285963
          15   -0.699269   -0.701452 0.000308499
          16   -0.701157   -0.701433  0.00028916
          17   -0.697979    -0.70123 0.000339225
          18   -0.701824   -0.701263 0.000321522
          19   -0.703397   -0.701375  0.00032421
          20   -0.700539   -0.701334 0.000310405
          21   -0.700784   -0.701307 0.000296412
          22   -0.701435   -0.701313 0.000282676
          23   -0.700475   -0.701277 0.000272556
          24   -0.699131   -0.701187 0.000275848
          25     -0.7012   -0.701188 0.000264585
          26   -0.703259   -0.701267  0.00026639
          27   -0.700341   -0.701233 0.000258619
          28   -0.699077   -0.701156 0.000260834
          29   -0.701797   -0.701178 0.000252649
          30   -0.699248   -0.701114  0.00025242
           1   -0.692187   -0.692187           0
           2   -0.693835   -0.693011    0.000824
           3     -0.6912   -0.692407 0.000768508
           4   -0.693035   -0.692564 0.000565612
           5   -0.692971   -0.692645 0.000445606
           6   -0.692304   -0.692588 0.000368257
           7   -0.691413   -0.692421 0.000353621
           8   -0.695077   -0.692753 0.000451744
           9   -0.689435   -0.692384 0.000542806
          10   -0.692608   -0.692406 0.000486017
          11    -0.69592   -0.692726 0.000543409
          12   -0.696315   -0.693025 0.000579241
          13   -0.688581   -0.692683 0.000633038
          14   -0.692832   -0.692694 0.000586176
          15   -0.692955   -0.692711 0.000545978
          16   -0.694923   -0.692849 0.000529089
          17   -0.693648   -0.692896 0.000499208
          18   -0.693136    -0.69291 0.000470846
          19   -0.691067   -0.692813 0.000455816
          20   -0.692613   -0.692803  0.00043254
          21    -0.69008   -0.692673 0.000431372
          22   -0.692085   -0.692646 0.000412164
          23   -0.689301   -0.692501 0.000419831
          24   -0.693333   -0.692536 0.000403451
          25    -0.68968   -0.692421 0.000403482
          26   -0.695291   -0.692532 0.000403056
          27   -0.692864   -0.692544 0.000388036
          28   -0.692789   -0.692553 0.000374023
          29   -0.690341   -0.692477 0.000368864
          30   -0.691365   -0.692439 0.000358276
           1   -0.681237   -0.681237           0
           2   -0.681504   -0.681371 0.000133333
           3   -0.682635   -0.681792 0.000428308
           4   -0.683621   -0.682249 0.000548523
           5   -0.682896   -0.682379 0.000444133
           6   -0.682027    -0.68232 0.000367348
           7   -0.684859   -0.682683 0.000477405
           8   -0.683861    -0.68283 0.000438912
           9   -0.680715   -0.682595 0.000452854
          10   -0.685979   -0.682933 0.000527784
          11   -0.681893   -0.682839  0.00048667
          12   -0.681376   -0.682717 0.000460687
          13   -0.683312   -0.682763 0.000426236
          14   -0.681515   -0.682674 0.000404561
          15   -0.683488   -0.682728  0.00038052
          16   -0.681216   -0.682633 0.000368272
          17   -0.685019   -0.682774 0.000373305
          18   -0.680363    -0.68264 0.000376581
          19   -0.683312   -0.682675 0.000357963
          20   -0.681013   -0.682592  0.00034961
          21   -0.683632   -0.682642 0.000336213
          22   -0.682731   -0.682646 0.000320592
          23   -0.682352   -0.682633 0.000306602
          24    -0.68088    -0.68256 0.000302498
          25   -0.681397   -0.682513 0.000293848
          26   -0.681739   -0.682483 0.000283888
          27   -0.680021   -0.682392  0.00028799
          28    -0.68136   -0.682355 0.000279952
          29   -0.683947    -0.68241 0.000275643
          30   -0.680619   -0.682351 0.000272911
           1   -0.672875   -0.672875           0
           2   -0.675824   -0.674349  0.00147467
           3   -0.673115   -0.673938 0.000945652
           4   -0.671669   -0.673371 0.000876781
           5   -0.671195   -0.672935 0.000806626
           6   -0.673477   -0.673026 0.000664771
           7   -0.675045   -0.673314  0.00063158
           8   -0.672117   -0.673165 0.000567059
           9   -0.674501   -0.673313 0.000521687
          10   -0.675301   -0.673512 0.000507201
          11   -0.673728   -0.673532 0.000459201
          12   -0.674544   -0.673616 0.000427596
          13   -0.672091   -0.673499 0.000410459
          14    -0.67168   -0.673369 0.000401601
          15   -0.674112   -0.673418  0.00037714
          16   -0.673973   -0.673453 0.000354483
          17   -0.673605   -0.673462 0.000333099
          18   -0.673557   -0.673467 0.000314094
          19   -0.673147    -0.67345 0.000297582
          20   -0.674971   -0.673526 0.000292366
          21   -0.673467   -0.673524  0.00027811
          22   -0.673707   -0.673532 0.000265298
          23   -0.672197   -0.673474 0.000260056
          24   -0.672421    -0.67343 0.000252818
          25   -0.673621   -0.673438 0.000242615
          26   -0.671941    -0.67338 0.000240096
          27   -0.677669   -0.673539  0.00028038
          28   -0.673995   -0.673555 0.000270671
          29   -0.674245   -0.673579 0.000262252
          30   -0.675035   -0.673628 0.000257964
           1   -0.665664   -0.665664           0
           2    -0.66528   -0.665472    0.000192
           3   -0.663483   -0.664809 0.000672313
           4   -0.662987   -0.664353 0.000658432
           5   -0.664027   -0.664288 0.000514187
           6   -0.665584   -0.664504 0.000472139
           7   -0.664603   -0.664518 0.000399279
           8   -0.664272   -0.664487 0.000347151
           9   -0.665541   -0.664604 0.000327793
          10   -0.662133   -0.664357 0.000383435
          11   -0.664181   -0.664341 0.000347199
          12   -0.662917   -0.664223 0.000338434
          13   -0.665109   -0.664291 0.000318698
          14   -0.662843   -0.664187 0.000312665
          15   -0.665707   -0.664289 0.000308193
          16   -0.663312   -0.664228  0.00029468
          17   -0.660885   -0.664031 0.000339522
          18   -0.663941   -0.664026 0.000320143
          19   -0.665381   -0.664097 0.000311112
          20   -0.665104   -0.664148 0.000299407
          21   -0.663984    -0.66414   0.0002849
          22   -0.666085   -0.664228 0.000285672
          23   -0.663931   -0.664215 0.000273276
          24   -0.661957   -0.664121 0.000278044
          25   -0.661808   -0.664029 0.000282288
          26   -0.666997   -0.664143 0.000294266
          27   -0.663547   -0.664121 0.000284017
          28   -0.665595   -0.664174 0.000278701
          29   -0.664421   -0.664182 0.000269055
          30   -0.661851   -0.664104 0.000271301
           1   -0.653253   -0.653253           0
           2   -0.656709   -0.654981    0.001728
           3   -0.652619   -0.654194  0.00127105
           4   -0.655739    -0.65458  0.00097824
           5   -0.656768   -0.655018 0.000875023
           6   -0.657771   -0.655476 0.000849107
           7   -0.656555    -0.65563 0.000733971
           8   -0.653472   -0.655361  0.00069053
           9   -0.653963   -0.655205 0.000628488
          10   -0.657504   -0.655435 0.000607319
          11   -0.656464   -0.655529 0.000557246
          12   -0.655136   -0.655496 0.000509745
          13   -0.653312   -0.655328 0.000498085
          14   -0.653189   -0.655175 0.000485782
          15   -0.654411   -0.655124 0.000455101
          16   -0.659733   -0.655412 0.000514014
          17   -0.656805   -0.655494 0.000489736
          18   -0.655845   -0.655514 0.000462139
          19   -0.651648    -0.65531  0.00048217
          20   -0.653227   -0.655206 0.000469141
          21   -0.654763   -0.655185 0.000446741
          22   -0.656901   -0.655263 0.000433036
          23   -0.658229   -0.655392 0.000433414
          24   -0.653413    -0.65531 0.000423073
          25   -0.651397   -0.655153 0.000434926
          26   -0.657392   -0.655239 0.000426644
          27   -0.655339   -0.655243 0.000410555
          28   -0.657189   -0.655312 0.000401681
          29   -0.652715   -0.655223   0.0003978
          30   -0.656448   -0.655264 0.000386475
           1   -0.646811   -0.646811           0
           2   -0.644245   -0.645528  0.00128267
           3   -0.646757   -0.645938 0.000846362
           4   -0.646912   -0.646181  0.00064613
           5   -0.647445   -0.646434 0.000560712
           6   -0.645515   -0.646281 0.000482786
           7   -0.645445   -0.646162  0.00042513
           8   -0.649856   -0.646623  0.00059061
           9   -0.644987   -0.646441 0.000551701
          10    -0.64728   -0.646525  0.00050053
          11   -0.647088   -0.646576 0.000455627
          12   -0.647147   -0.646624 0.000418634
          13   -0.643392   -0.646375 0.000458369
          14   -0.646245   -0.646366 0.000424469
          15   -0.647744   -0.646458 0.000405695
          16   -0.647723   -0.646537 0.000387638
          17   -0.648464    -0.64665 0.000381358
          18   -0.645723   -0.646599 0.000363223
          19   -0.643584    -0.64644 0.000378446
          20   -0.645541   -0.646395 0.000361827
          21   -0.645573   -0.646356 0.000346384
          22    -0.64408   -0.646253 0.000346089
          23   -0.649221   -0.646382 0.000354997
          24   -0.645867    -0.64636  0.00034056
          25   -0.647765   -0.646416 0.000331454
          26   -0.647499   -0.646458  0.00032116
          27   -0.648704   -0.646541 0.000320035
          28   -0.642816   -0.646408 0.000335868
          29   -0.645195   -0.646366  0.00032677
          30   -0.647376     -0.6464 0.000317479
           1   -0.637483   -0.637483           0
           2   -0.637669   -0.637576 9.33333e-05
           3   -0.637733   -0.637628 7.51939e-05
           4   -0.638635    -0.63788 0.000257113
           5   -0.639659   -0.638236 0.000407689
           6   -0.640245   -0.638571 0.000472215
           7   -0.638496    -0.63856 0.000399237
           8   -0.634107   -0.638003 0.000655302
           9   -0.638939   -0.638107 0.000587192
          10   -0.638501   -0.638147 0.000526677
          11   -0.637669   -0.638103 0.000478369
          12   -0.640693   -0.638319 0.000487118
          13   -0.636592   -0.638186 0.000467364
          14   -0.638763   -0.638227 0.000434649
          15   -0.636443   -0.638108 0.000421768
          16   -0.638368   -0.638125 0.000394861
          17   -0.636187   -0.638011 0.000388031
          18   -0.637669   -0.637992  0.00036633
          19   -0.638171   -0.638001 0.000346642
          20   -0.637301   -0.637966  0.00033071
          21    -0.63736   -0.637937 0.000315889
          22   -0.637195   -0.637904 0.000303074
          23   -0.638091   -0.637912 0.000289711
          24   -0.637115   -0.637878 0.000279358
          25   -0.637083   -0.637847 0.000269835
          26   -0.637077   -0.637817 0.000260932
          27   -0.639573   -0.637882 0.000259371
          28   -0.638581   -0.637907 0.000251181
          29   -0.639477   -0.637961  0.00024834
          30   -0.636944   -0.637927 0.000242303
           1   -0.630203   -0.630203           0
           2   -0.630699   -0.630451    0.000248
           3   -0.631216   -0.630706 0.000292546
           4   -0.628603    -0.63018 0.000565008
           5   -0.628736   -0.629891 0.000524353
           6   -0.628416   -0.629645 0.000493708
           7    -0.63008   -0.629707 0.000421854
           8   -0.629467   -0.629677 0.000366574
           9    -0.62944   -0.629651 0.000324362
          10   -0.630288   -0.629715  0.00029703
          11   -0.628011    -0.62956 0.000310133
          12   -0.630053   -0.629601 0.000286083
          13   -0.630411   -0.629663  0.00027043
          14   -0.632064   -0.629835 0.000303468
          15   -0.627312   -0.629666 0.000328782
          16     -0.6308   -0.629737 0.000315601
          17   -0.627648   -0.629614 0.000320922
          18   -0.627056   -0.629472  0.00033429
          19   -0.629317   -0.629464 0.000316312
          20   -0.630704   -0.629526 0.000306417
          21   -0.630395   -0.629567  0.00029438
          22   -0.629733   -0.629575 0.000280782
          23   -0.628245   -0.629517 0.000274454
          24   -0.629397   -0.629512 0.000262817
          25   -0.631088   -0.629575 0.000259846
          26   -0.628672   -0.629541 0.000252058
          27   -0.627819   -0.629477 0.000250786
          28   -0.629259   -0.629469 0.000241789
          29   -0.629813   -0.629481 0.000233605
          30   -0.630464   -0.629514 0.000228051
           1   -0.625072   -0.625072           0
           2   -0.621723   -0.623397  0.00167467
           3   -0.622779   -0.623191 0.000988617
           4   -0.621056   -0.622657 0.000879546
           5   -0.623141   -0.622754 0.000688136
           6   -0.619835   -0.622268 0.000743266
           7   -0.616565   -0.621453  0.00102868
           8   -0.621008   -0.621397 0.000892597
           9   -0.621925   -0.621456  0.00078938
          10   -0.621712   -0.621482 0.000706507
          11   -0.620213   -0.621366 0.000649377
          12   -0.620805    -0.62132 0.000594638
          13   -0.619323   -0.621166 0.000568146
          14   -0.618437   -0.620971 0.000560949
          15   -0.624416   -0.621201 0.000570486
          16   -0.621029    -0.62119 0.000533748
          17   -0.620683    -0.62116 0.000502256
          18   -0.622293   -0.621223 0.000477698
          19   -0.623317   -0.621333 0.000465106
          20   -0.621963   -0.621365 0.000442359
          21   -0.623104   -0.621448 0.000428841
          22   -0.620971   -0.621426 0.000409458
          23   -0.620773   -0.621398 0.000392278
          24   -0.621883   -0.621418 0.000376121
          25   -0.623477     -0.6215 0.000370049
          26   -0.619371   -0.621418 0.000364844
          27   -0.621563   -0.621424 0.000351112
          28   -0.618768   -0.621329 0.000351382
          29   -0.622379   -0.621365 0.000340976
          30   -0.620533   -0.621337 0.000330579
           1   -0.614464   -0.614464           0
           2   -0.614373   -0.614419 4.53333e-05
           3   -0.612565   -0.613801 0.000618332
           4     -0.6152   -0.614151 0.000559921
           5   -0.611445    -0.61361 0.000693441
           6   -0.611808   -0.613309 0.000640885
           7   -0.612533   -0.613198 0.000552875
           8   -0.615904   -0.613537 0.000586196
           9   -0.614027   -0.613591 0.000519835
          10   -0.614037   -0.613636 0.000467091
          11   -0.612965   -0.613575 0.000426873
          12   -0.612875   -0.613516 0.000394023
          13   -0.612357   -0.613427 0.000373254
          14   -0.611771   -0.613309 0.000365264
          15   -0.611029   -0.613157 0.000372458
          16   -0.613765   -0.613195 0.000350472
          17   -0.614608   -0.613278 0.000339541
          18   -0.612907   -0.613257 0.000320787
          19   -0.612005   -0.613192 0.000310508
          20   -0.612992   -0.613182 0.000294743
          21   -0.615621   -0.613298 0.000303475
          22   -0.614037   -0.613331 0.000291298
          23   -0.614437   -0.613379 0.000282468
          24   -0.614304   -0.613418 0.000273172
          25   -0.614091   -0.613445 0.000263395
          26   -0.613056    -0.61343 0.000253504
          27   -0.612752   -0.613405 0.000245223
          28   -0.614763   -0.613453 0.000241227
          29   -0.617296   -0.613586 0.000267834
          30   -0.612597   -0.613553 0.000260842
           1   -0.606171   -0.606171           0
           2   -0.603323   -0.604747    0.001424
           3   -0.604053   -0.604516 0.000854013
           4   -0.602373    -0.60398 0.000807148
           5   -0.607488   -0.604682 0.000939753
           6   -0.607728   -0.605189 0.000920082
           7   -0.604224   -0.605051 0.000789745
           8   -0.606379   -0.605217 0.000703773
           9   -0.603973   -0.605079 0.000635874
          10   -0.606464   -0.605218 0.000585362
          11   -0.605643   -0.605256 0.000530888
          12   -0.604384   -0.605184 0.000490053
          13   -0.604059   -0.605097 0.000459013
          14   -0.605504   -0.605126 0.000425956
          15   -0.603653   -0.605028 0.000408518
          16   -0.606432   -0.605116  0.00039208
          17   -0.604016   -0.605051 0.000373933
          18   -0.604384   -0.605014 0.000354489
          19   -0.607541   -0.605147 0.000360735
          20   -0.605429   -0.605161 0.000342514
          21   -0.605163   -0.605161 0.000325796
          22   -0.604816   -0.605145  0.00031103
          23   -0.604789    -0.60513 0.000297603
          24   -0.606805     -0.6052  0.00029336
          25   -0.609285   -0.605363 0.000325395
          26   -0.601552   -0.605217 0.000345289
          27   -0.604005   -0.605172 0.000335269
          28   -0.602464   -0.605075 0.000337236
          29   -0.606715   -0.605132 0.000330275
          30   -0.604768   -0.605119 0.000319306
           1   -0.598331   -0.598331           0
           2   -0.597253   -0.597792 0.000538667
           3     -0.5976   -0.597728 0.000317516
           4   -0.595675   -0.597215 0.000560285
           5   -0.594955   -0.596763 0.000626622
           6   -0.600293   -0.597351 0.000779767
           7   -0.602187   -0.598042 0.000954729
           8   -0.600336   -0.598329 0.000875136
           9   -0.595589   -0.598024 0.000829646
          10   -0.597648   -0.597987 0.000743012
          11   -0.597643   -0.597955 0.000672807
          12   -0.596421   -0.597828 0.000627349
          13    -0.59912   -0.597927 0.000585578
          14   -0.600245   -0.598093 0.000566867
          15   -0.597413   -0.598047 0.000529664
          16   -0.595408   -0.597882 0.000522194
          17   -0.596107   -0.597778 0.000501513
          18   -0.596299   -0.597696 0.000479919
          19   -0.598485   -0.597737 0.000455857
          20     -0.5968    -0.59769 0.000434995
          21   -0.597909   -0.597701 0.000413894
          22    -0.59824   -0.597725 0.000395393
          23   -0.595589   -0.597632 0.000389058
          24   -0.596021   -0.597565 0.000378495
          25   -0.599259   -0.597633 0.000369304
          26   -0.598821   -0.597679 0.000357748
          27   -0.596683   -0.597642 0.000346214
          28   -0.599131   -0.597695 0.000337831
          29   -0.599819   -0.597768 0.000334097
          30   -0.597739   -0.597767  0.00032277
           1   -0.589819   -0.589819           0
           2   -0.589344   -0.589581 0.000237333
           3   -0.590992   -0.590052  0.00048978
           4   -0.589819   -0.589993 0.000351187
           5    -0.59096   -0.590187 0.000333732
           6   -0.588363   -0.589883 0.000408249
           7   -0.589728   -0.589861  0.00034574
           8   -0.591899   -0.590115 0.000393136
           9     -0.5928   -0.590414 0.000457374
          10   -0.590901   -0.590462 0.000411984
          11   -0.586907   -0.590139 0.000493316
          12   -0.591387   -0.590243 0.000462178
          13   -0.589461   -0.590183 0.000429374
          14   -0.591653   -0.590288 0.000411163
          15   -0.592096   -0.590409 0.000401301
          16   -0.589131   -0.590329 0.000383785
          17   -0.589995   -0.590309 0.000361038
          18   -0.589003   -0.590236 0.000348041
          19   -0.589483   -0.590197 0.000331595
          20   -0.589573   -0.590166  0.00031612
          21    -0.59032   -0.590173  0.00030078
          22   -0.589125   -0.590125 0.000290709
          23   -0.592421   -0.590225 0.000295175
          24   -0.591237   -0.590267 0.000285738
          25   -0.591221   -0.590305 0.000276714
          26   -0.590395   -0.590309  0.00026588
          27   -0.589755   -0.590288 0.000256665
          28   -0.588965   -0.590241 0.000251802
          29   -0.589371   -0.590211 0.000244812
          30   -0.588912   -0.590168 0.000240442
           1   -0.581163   -0.581163           0
           2   -0.581808   -0.581485 0.000322667
           3   -0.583099   -0.582023 0.000569131
           4   -0.581627   -0.581924 0.000414461
           5   -0.583184   -0.582176 0.000408131
           6   -0.582187   -0.582178 0.000333242
           7   -0.578699   -0.581681 0.000571267
           8   -0.580955    -0.58159 0.000502989
           9   -0.582347   -0.581674 0.000451491
          10   -0.583632    -0.58187 0.000448787
          11    -0.58344   -0.582013 0.000430308
          12    -0.58192   -0.582005 0.000392891
          13   -0.581499   -0.581966 0.000363499
          14   -0.582155   -0.581979 0.000336805
          15   -0.583344    -0.58207 0.000326478
          16   -0.583973   -0.582189 0.000327734
          17   -0.582923   -0.582232  0.00031086
          18   -0.583339   -0.582294 0.000299456
          19   -0.584469   -0.582408 0.000305522
          20   -0.583141   -0.582445 0.000292151
          21   -0.580187   -0.582338 0.000297975
          22   -0.583429   -0.582387 0.000288409
          23   -0.579461    -0.58226 0.000303528
          24   -0.582027    -0.58225 0.000290768
          25   -0.583477   -0.582299 0.000283182
          26   -0.580997   -0.582249 0.000276642
          27   -0.584821   -0.582344 0.000282731
          28   -0.580037   -0.582262 0.000284634
          29   -0.582688   -0.582277 0.000275036
          30   -0.581733   -0.582259 0.000266327
           1   -0.578869   -0.578869           0
           2   -0.575675   -0.577272  0.00159733
           3   -0.573269   -0.575938  0.00162192
           4   -0.575557   -0.575843  0.00115081
           5   -0.576597   -0.575994 0.000904102
           6   -0.574069   -0.575673 0.000804854
           7    -0.57808   -0.576017 0.000762204
           8   -0.574459   -0.575822 0.000688221
           9   -0.575323   -0.575767 0.000609485
          10   -0.575072   -0.575697 0.000549546
          11    -0.57664   -0.575783  0.00050442
          12   -0.577045   -0.575888 0.000472337
          13   -0.575568   -0.575863 0.000435184
          14   -0.576187   -0.575886 0.000403563
          15   -0.575584   -0.575866 0.000376238
          16   -0.577029   -0.575939 0.000359366
          17   -0.574496   -0.575854 0.000348074
          18   -0.576949   -0.575915 0.000333761
          19   -0.576747   -0.575959 0.000318726
          20   -0.576427   -0.575982 0.000303274
          21   -0.573552   -0.575866 0.000310816
          22   -0.577349   -0.575934 0.000303921
          23   -0.575317   -0.575907 0.000291641
          24   -0.577499   -0.575973 0.000286993
          25   -0.575733   -0.575964 0.000275441
          26   -0.576651    -0.57599 0.000265951
          27   -0.574864   -0.575948 0.000259288
          28   -0.576213   -0.575958 0.000250035
          29   -0.575104   -0.575928 0.000243049
          30   -0.577125   -0.575968 0.000238173
           1   -0.568912   -0.568912           0
           2   -0.568747   -0.568829 8.26667e-05
           3   -0.566853   -0.568171 0.000660394
           4   -0.566075   -0.567647  0.00070188
           5   -0.569179   -0.567953 0.000624069
           6   -0.569157   -0.568154 0.000547656
           7   -0.568224   -0.568164 0.000462962
           8   -0.568267   -0.568177 0.000401143
           9   -0.570171   -0.568398 0.000417425
          10   -0.567712    -0.56833  0.00037961
          11   -0.569371   -0.568424 0.000356175
          12   -0.569723   -0.568532 0.000342673
          13   -0.569419   -0.568601 0.000322501
          14   -0.567237   -0.568503 0.000314055
          15   -0.570016   -0.568604 0.000309275
          16   -0.569328   -0.568649 0.000292817
          17     -0.5688   -0.568658 0.000275196
          18   -0.570304    -0.56875 0.000275097
          19   -0.568032   -0.568712 0.000262942
          20   -0.568661   -0.568709 0.000249462
          21   -0.567851   -0.568668 0.000240783
          22   -0.569328   -0.568698 0.000231527
          23   -0.570565    -0.56878 0.000235652
          24   -0.566848   -0.568699 0.000239545
          25   -0.570069   -0.568754  0.00023621
          26    -0.56728   -0.568697 0.000233916
          27   -0.568597   -0.568694 0.000225117
          28   -0.570928   -0.568773 0.000231141
          29   -0.570672   -0.568839 0.000232439
          30   -0.567248   -0.568786 0.000230734
           1   -0.562203   -0.562203           0
           2   -0.558971   -0.560587    0.001616
           3   -0.561696   -0.560956   0.0010036
           4   -0.561723   -0.561148 0.000735054
           5   -0.558875   -0.560693 0.000728632
           6   -0.561067   -0.560756  0.00059817
           7   -0.562208   -0.560963  0.00054647
           8   -0.560667   -0.560926 0.000474705
           9    -0.56224   -0.561072 0.000443378
          10   -0.559563   -0.560921 0.000424321
          11   -0.561547   -0.560978 0.000388004
          12    -0.56304    -0.56115  0.00039368
          13   -0.564267    -0.56139  0.00043431
          14   -0.561061   -0.561366 0.000402776
          15   -0.560768   -0.561326 0.000377078
          16    -0.55912   -0.561188 0.000378719
          17   -0.562939   -0.561291 0.000370344
          18   -0.560619   -0.561254 0.000351158
          19    -0.56208   -0.561297 0.000334995
          20   -0.560629   -0.561264 0.000319555
          21   -0.561024   -0.561253 0.000304172
          22   -0.561104   -0.561246 0.000290096
          23   -0.561013   -0.561236  0.00027738
          24   -0.559803   -0.561176 0.000272201
          25   -0.562139   -0.561215  0.00026391
          26   -0.560085   -0.561171 0.000257249
          27   -0.560592    -0.56115 0.000248466
          28   -0.561184   -0.561151 0.000239431
          29   -0.560469   -0.561127 0.000232219
          30   -0.560928   -0.561121 0.000224444
           1   -0.554416   -0.554416           0
           2   -0.555296   -0.554856     0.00044
           3   -0.555605   -0.555106 0.000356262
           4   -0.556875   -0.555548 0.000508942
           5   -0.552416   -0.554922 0.000740128
           6   -0.555008   -0.554936 0.000604484
           7   -0.554373   -0.554856 0.000517167
           8   -0.554053   -0.554755  0.00045897
           9   -0.555371   -0.554824 0.000410507
          10   -0.552672   -0.554609 0.000425572
          11   -0.554203   -0.554572 0.000386708
          12   -0.555344   -0.554636 0.000358834
          13   -0.556373    -0.55477 0.000356107
          14   -0.554789   -0.554771 0.000329694
          15   -0.557088   -0.554926 0.000343605
          16   -0.554171   -0.554878 0.000324857
          17   -0.557216   -0.555016 0.000334702
          18   -0.554155   -0.554968 0.000319166
          19   -0.553685     -0.5549 0.000309357
          20   -0.554453   -0.554878 0.000294332
          21   -0.554981   -0.554883 0.000280009
          22   -0.554021   -0.554844 0.000269836
          23   -0.554309   -0.554821 0.000258882
          24   -0.556459   -0.554889 0.000257086
          25   -0.554192   -0.554861 0.000248159
          26   -0.554933   -0.554864  0.00023844
          27   -0.554901   -0.554865 0.000229443
          28   -0.554304   -0.554845 0.000222003
          29   -0.554464   -0.554832 0.000214614
          30   -0.554629   -0.554825 0.000207447
           1   -0.546667   -0.546667           0
           2   -0.547792   -0.547229 0.000562667
           3   -0.545739   -0.546732 0.000593658
           4   -0.547189   -0.546847 0.000435042
           5   -0.548181   -0.547114 0.000429896
           6   -0.549211   -0.547463 0.000495343
           7   -0.548768    -0.54765 0.000458269
           8   -0.547819   -0.547671 0.000397435
           9   -0.546544   -0.547545  0.00037219
          10   -0.548235   -0.547614 0.000339956
          11   -0.546277   -0.547493 0.000330654
          12   -0.550277   -0.547725 0.000380726
          13   -0.549269   -0.547844  0.00036982
          14   -0.548592   -0.547897 0.000346533
          15   -0.546928   -0.547833 0.000329011
          16    -0.54624   -0.547733 0.000323457
          17   -0.548411   -0.547773 0.000306438
          18   -0.547483   -0.547757 0.000289362
          19   -0.546896   -0.547711 0.000277433
          20   -0.547536   -0.547703 0.000263342
          21   -0.547483   -0.547692 0.000250707
          22   -0.547509   -0.547684 0.000239185
          23   -0.546165   -0.547618 0.000237894
          24   -0.546085   -0.547554 0.000236548
          25   -0.547413   -0.547548 0.000226959
          26   -0.549253   -0.547614 0.000227702
          27   -0.547077   -0.547594 0.000220006
          28   -0.546683   -0.547562 0.000214487
          29   -0.547765   -0.547569 0.000207078
          30   -0.546139   -0.547521 0.000205656
           1   -0.539035   -0.539035           0
           2     -0.5428   -0.540917  0.00188267
           3   -0.540752   -0.540862  0.00108835
           4   -0.541056   -0.540911 0.000771106
           5   -0.542224   -0.541173   0.0006525
           6   -0.541845   -0.541285 0.000544409
           7   -0.539307   -0.541003 0.000540001
           8   -0.543605   -0.541328 0.000569687
           9   -0.542443   -0.541452 0.000517457
          10    -0.54128   -0.541435 0.000463146
          11   -0.544661   -0.541728 0.000511418
          12   -0.540555    -0.54163 0.000476988
          13   -0.542501   -0.541697 0.000443852
          14   -0.541589    -0.54169    0.000411
          15    -0.54112   -0.541652 0.000384499
          16    -0.54152   -0.541643  0.00035976
          17   -0.542213   -0.541677 0.000339595
          18   -0.541904   -0.541689 0.000320422
          19   -0.542133   -0.541713 0.000303987
          20   -0.541376   -0.541696 0.000288879
          21   -0.543504   -0.541782 0.000287951
          22   -0.539195   -0.541664 0.000298681
          23   -0.540379   -0.541609 0.000290823
          24   -0.539888   -0.541537 0.000287523
          25    -0.53856   -0.541418 0.000300391
          26   -0.540309   -0.541375 0.000291739
          27   -0.541765    -0.54139 0.000281097
          28   -0.541995   -0.541411 0.000271733
          29   -0.543899   -0.541497 0.000275869
          30   -0.538347   -0.541392 0.000286456
           1   -0.532549   -0.532549           0
           2   -0.531307   -0.531928 0.000621333
           3   -0.534421   -0.532759 0.000905224
           4   -0.538016   -0.534073  0.00146181
           5   -0.534235   -0.534106  0.00113277
           6   -0.534731    -0.53421 0.000930755
           7   -0.534203   -0.534209 0.000786632
           8   -0.536267   -0.534466 0.000728193
           9   -0.533984   -0.534412 0.000644435
          10    -0.53392   -0.534363   0.0005785
          11   -0.534805   -0.534403 0.000524814
          12   -0.534544   -0.534415 0.000479231
          13   -0.535547   -0.534502 0.000449339
          14   -0.537685    -0.53473 0.000474088
          15   -0.534459   -0.534711 0.000441721
          16   -0.534261   -0.534683 0.000414149
          17   -0.534581   -0.534677 0.000389071
          18   -0.534555   -0.534671 0.000366883
          19   -0.536373    -0.53476 0.000358422
          20   -0.535552     -0.5348 0.000342327
          21   -0.537979   -0.534951 0.000359085
          22   -0.533664   -0.534893 0.000347337
          23   -0.532816   -0.534802 0.000343954
          24   -0.536731   -0.534883 0.000338971
          25   -0.532448   -0.534785 0.000339401
          26   -0.534496   -0.534774 0.000326276
          27   -0.533275   -0.534719 0.000318833
          28   -0.534053   -0.534695 0.000308153
          29   -0.534656   -0.534694  0.00029734
          30   -0.533733   -0.534662 0.000289035
           1   -0.529419   -0.529419           0
           2   -0.529941    -0.52968 0.000261333
           3   -0.527824   -0.529061 0.000636799
           4   -0.528475   -0.528915 0.000473569
           5   -0.528469   -0.528826 0.000377483
           6   -0.526107   -0.528372 0.000548038
           7   -0.528795   -0.528433 0.000467088
           8   -0.528096   -0.528391 0.000406694
           9   -0.528192   -0.528369 0.000359349
          10     -0.5288   -0.528412 0.000324294
          11   -0.529413   -0.528503 0.000307142
          12   -0.527813   -0.528445 0.000286207
          13   -0.527136   -0.528345  0.00028188
          14   -0.530203   -0.528477 0.000292779
          15   -0.526565    -0.52835 0.000300895
          16   -0.531536   -0.528549 0.000344782
          17   -0.530859   -0.528685  0.00035121
          18   -0.529989   -0.528757 0.000338962
          19   -0.527163   -0.528673 0.000331429
          20   -0.529728   -0.528726 0.000318812
          21     -0.5308   -0.528825 0.000318925
          22   -0.530971   -0.528922 0.000319343
          23   -0.527856   -0.528876 0.000308645
          24   -0.526272   -0.528768 0.000314796
          25   -0.529696   -0.528805 0.000304217
          26   -0.529131   -0.528817 0.000292551
          27   -0.529595   -0.528846 0.000282976
          28   -0.530357     -0.5289 0.000277973
          29   -0.528277   -0.528879 0.000269074
          30   -0.526011   -0.528783 0.000276971
           1   -0.520491   -0.520491           0
           2   -0.523312   -0.521901  0.00141067
           3   -0.521536    -0.52178 0.000823503
           4   -0.520699   -0.521509 0.000641949
           5    -0.52472   -0.522151 0.000812154
           6   -0.522064   -0.522137 0.000663281
           7   -0.520725   -0.521935 0.000595741
           8   -0.522384   -0.521991 0.000518967
           9   -0.522027   -0.521995 0.000457703
          10   -0.521408   -0.521937 0.000413573
          11   -0.520459   -0.521802 0.000397485
          12    -0.52272   -0.521879 0.000370826
          13   -0.525579   -0.522163 0.000444254
          14   -0.521259   -0.522099 0.000416344
          15   -0.522437   -0.522121 0.000388252
          16   -0.521301    -0.52207 0.000366774
          17   -0.522395   -0.522089 0.000345053
          18   -0.521973   -0.522083 0.000325383
          19   -0.522523   -0.522106 0.000308652
          20   -0.522939   -0.522147 0.000295759
          21     -0.5232   -0.522198 0.000285753
          22   -0.520907   -0.522139 0.000278702
          23    -0.52176   -0.522122 0.000266818
          24   -0.523051   -0.522161  0.00025837
          25   -0.524763   -0.522265 0.000268781
          26   -0.521893   -0.522251 0.000258633
          27   -0.522405   -0.522257 0.000248935
          28   -0.523696   -0.522308 0.000245326
          29    -0.52224   -0.522306 0.000236727
          30   -0.522293   -0.522305 0.000228701
           1    -0.51392    -0.51392           0
           2   -0.518821   -0.516371  0.00245067
           3   -0.514496   -0.515746  0.00154674
           4   -0.518048   -0.516321  0.00123591
           5   -0.516987   -0.516454 0.000966534
           6   -0.516272   -0.516424 0.000789757
           7   -0.515659   -0.516315 0.000676362
           8   -0.519989   -0.516774  0.00074437
           9   -0.515093   -0.516587 0.000682516
          10   -0.517451   -0.516674 0.000616536
          11   -0.518213   -0.516814 0.000574977
          12   -0.518645   -0.516966 0.000546625
          13   -0.514229   -0.516756 0.000545117
          14   -0.518027   -0.516846 0.000512781
          15   -0.518069   -0.516928 0.000484284
          16   -0.513099   -0.516689 0.000512343
          17   -0.517125   -0.516714 0.000481947
          18   -0.515733    -0.51666 0.000457641
          19   -0.518981   -0.516782 0.000449798
          20   -0.515083   -0.516697 0.000435093
          21    -0.51696    -0.51671 0.000414046
          22   -0.518085   -0.516772 0.000399699
          23   -0.518965   -0.516867  0.00039365
          24    -0.51592   -0.516828 0.000378953
          25   -0.516747   -0.516825 0.000363494
          26   -0.514891    -0.51675 0.000357068
          27   -0.518027   -0.516798 0.000346825
          28   -0.516219   -0.516777 0.000334848
          29   -0.515088   -0.516719 0.000328302
          30   -0.519392   -0.516808  0.00032945
           1   -0.509744   -0.509744           0
           2   -0.509739   -0.509741 2.66665e-06
           3   -0.508336   -0.509273 0.000468447
           4   -0.508011   -0.508957 0.000457489
           5   -0.507888   -0.508743 0.000413904
           6   -0.510907   -0.509104 0.000494161
           7   -0.509931   -0.509222 0.000434018
           8   -0.510133   -0.509336 0.000392751
           9   -0.509216   -0.509323  0.00034663
          10   -0.513323   -0.509723 0.000506085
          11   -0.509371   -0.509691 0.000458888
          12   -0.511648   -0.509854 0.000449541
          13   -0.511771   -0.510001 0.000439021
          14   -0.507904   -0.509851 0.000433181
          15   -0.508885   -0.509787  0.00040838
          16   -0.512539   -0.509959 0.000418932
          17   -0.509696   -0.509944 0.000393822
          18   -0.510128   -0.509954  0.00037144
          19   -0.507936   -0.509848 0.000367047
          20   -0.509184   -0.509814 0.000349788
          21   -0.511099   -0.509876 0.000338289
          22   -0.509285   -0.509849 0.000323659
          23   -0.509056   -0.509814 0.000311182
          24   -0.509152   -0.509787 0.000299209
          25   -0.509813   -0.509788 0.000286993
          26   -0.511051   -0.509836  0.00027998
          27   -0.513568   -0.509975 0.000302794
          28   -0.510309   -0.509986 0.000292025
          29   -0.510459   -0.510003 0.000282245
          30   -0.508832   -0.509964 0.000275453
           1   -0.505952   -0.505952           0
           2   -0.501957   -0.503955  0.00199733
           3   -0.503099   -0.503669  0.00118794
           4   -0.504949   -0.503989 0.000898887
           5   -0.505819   -0.504355 0.000786548
           6   -0.503792   -0.504261 0.000649037
           7   -0.504464    -0.50429   0.0005493
           8   -0.506432   -0.504558 0.000545865
           9   -0.504603   -0.504563 0.000481433
          10   -0.505547   -0.504661   0.0004417
          11   -0.502944   -0.504505 0.000428953
          12   -0.502827   -0.504365 0.000415812
          13   -0.504779   -0.504397 0.000383811
          14   -0.506944   -0.504579   0.0003992
          15   -0.505989   -0.504673 0.000383344
          16   -0.505275   -0.504711 0.000360551
          17   -0.506363   -0.504808 0.000352344
          18   -0.502533   -0.504681 0.000355415
          19   -0.506971   -0.504802 0.000357126
          20   -0.505595   -0.504842  0.00034111
          21   -0.506384   -0.504915  0.00033267
          22   -0.506283   -0.504977 0.000323223
          23   -0.506229   -0.505032 0.000313611
          24   -0.504597   -0.505014 0.000300805
          25   -0.504528   -0.504994 0.000289175
          26   -0.502693   -0.504906 0.000291583
          27   -0.505392   -0.504924 0.000281153
          28   -0.505227   -0.504934 0.000271142
          29   -0.504645   -0.504925 0.000261815
          30   -0.506933   -0.504991 0.000261651
           1   -0.499205   -0.499205           0
           2   -0.499451   -0.499328 0.000122667
           3   -0.497072   -0.498576 0.000755328
           4   -0.498635   -0.498591 0.000534299
           5   -0.496789    -0.49823 0.000548705
           6   -0.498763   -0.498319 0.000456714
           7   -0.497621   -0.498219 0.000398658
           8   -0.499605   -0.498393 0.000386274
           9   -0.501515    -0.49874 0.000486191
          10   -0.498304   -0.498696 0.000437039
          11   -0.501339   -0.498936 0.000462592
          12   -0.501499    -0.49915 0.000473206
          13   -0.501637   -0.499341 0.000475488
          14   -0.501221   -0.499475 0.000460247
          15   -0.497045   -0.499313 0.000458071
          16   -0.499739    -0.49934  0.00042931
          17   -0.499579   -0.499354 0.000403511
          18   -0.499109    -0.49934 0.000380676
          19   -0.500784   -0.499416 0.000368012
          20   -0.499504   -0.499421 0.000349154
          21   -0.500597   -0.499477 0.000336804
          22   -0.495893   -0.499314 0.000360079
          23   -0.498885   -0.499295 0.000344571
          24   -0.497968    -0.49924 0.000334505
          25   -0.500197   -0.499278 0.000323123
          26   -0.497045   -0.499192 0.000322107
          27   -0.500128   -0.499227 0.000311879
          28   -0.498939   -0.499217 0.000300711
          29   -0.500533   -0.499262 0.000293686
          30   -0.496299   -0.499163 0.000300432
           1   -0.494565   -0.494565           0
           2   -0.493632   -0.494099 0.000466667
           3   -0.493925   -0.494041 0.000275556
           4   -0.490795   -0.493229 0.000834618
           5   -0.497051   -0.493994  0.00100103
           6   -0.492928   -0.493816 0.000836409
           7   -0.493104   -0.493714 0.000714175
           8   -0.491675   -0.493459  0.00066898
           9   -0.493627   -0.493478 0.000590278
          10   -0.493995    -0.49353 0.000530484
          11   -0.495808   -0.493737 0.000522636
          12   -0.492603   -0.493642 0.000486369
          13   -0.496885   -0.493892 0.000512247
          14   -0.494059   -0.493904 0.000474399
          15   -0.492352     -0.4938 0.000453593
          16   -0.495131   -0.493883  0.00043237
          17    -0.49408   -0.493895 0.000406305
          18   -0.495541   -0.493986 0.000393837
          19   -0.494304   -0.494003 0.000372908
          20   -0.493232   -0.493965 0.000355866
          21   -0.493733   -0.493954 0.000338675
          22   -0.493152   -0.493917 0.000324963
          23   -0.493675   -0.493907 0.000310691
          24   -0.492571   -0.493851 0.000302627
          25   -0.492021   -0.493778 0.000299353
          26   -0.493605   -0.493771 0.000287686
          27   -0.495403   -0.493832 0.000283344
          28   -0.494683   -0.493862 0.000274725
          29   -0.492069     -0.4938 0.000272194
          30    -0.49328   -0.493783 0.000263535
           1   -0.486843   -0.486843           0
           2   -0.486251   -0.486547    0.000296
           3   -0.486144   -0.486412 0.000217304
           4   -0.490197   -0.487359 0.000958617
           5   -0.487307   -0.487348 0.000742615
           6   -0.486864   -0.487268  0.00061169
           7   -0.488773   -0.487483 0.000559941
           8   -0.487893   -0.487534 0.000487632
           9   -0.487557   -0.487537 0.000430059
          10   -0.485595   -0.487342 0.000430896
          11   -0.486864   -0.487299 0.000392179
          12   -0.490299   -0.487549 0.000436647
          13   -0.488155   -0.487595 0.000404351
          14   -0.487019   -0.487554 0.000376616
          15   -0.486816   -0.487505 0.000354049
          16   -0.488117   -0.487543 0.000333386
          17   -0.488128   -0.487578 0.000315044
          18   -0.489616   -0.487691  0.00031788
          19   -0.488896   -0.487754   0.0003073
          20   -0.486875    -0.48771  0.00029483
          21   -0.490405   -0.487839 0.000308407
          22   -0.487173   -0.487808 0.000295606
          23   -0.490016   -0.487904 0.000298322
          24   -0.487211   -0.487876 0.000287081
          25   -0.486992    -0.48784 0.000277617
          26   -0.490139   -0.487929 0.000280994
          27   -0.487227   -0.487903 0.000271634
          28   -0.488277   -0.487916 0.000262095
          29   -0.488229   -0.487927 0.000253126
          30   -0.489835    -0.48799 0.000252677
           1   -0.484272   -0.484272           0
           2   -0.482011   -0.483141  0.00113067
           3   -0.482955   -0.483079 0.000655749
           4   -0.482517   -0.482939 0.000484488
           5   -0.482299   -0.482811 0.000396511
           6   -0.479995   -0.482341 0.000570165
           7   -0.484128   -0.482597   0.0005453
           8   -0.482597   -0.482597 0.000472244
           9     -0.4828   -0.482619 0.000417092
          10   -0.485845   -0.482942 0.000493202
          11   -0.484272   -0.483063 0.000462215
          12    -0.48088   -0.482881 0.000459481
          13   -0.482341   -0.482839 0.000424694
          14   -0.481659   -0.482755 0.000402134
          15   -0.481285   -0.482657 0.000386976
          16   -0.484432   -0.482768   0.0003786
          17   -0.480832   -0.482654 0.000373422
          18   -0.483328   -0.482692  0.00035405
          19   -0.482261   -0.482669 0.000335663
          20   -0.483803   -0.482726 0.000323444
          21   -0.482832   -0.482731 0.000307698
          22   -0.480656   -0.482636 0.000308162
          23   -0.483461   -0.482672 0.000296636
          24   -0.480085   -0.482564 0.000303773
          25   -0.483035   -0.482583 0.000291976
          26   -0.482997   -0.482599 0.000280973
          27   -0.481755   -0.482568  0.00027217
          28   -0.483899   -0.482615 0.000266541
          29   -0.484496    -0.48268 0.000265235
          30   -0.484565   -0.482743 0.000263833
           1   -0.478907   -0.478907           0
           2    -0.47832   -0.478613 0.000293333
           3   -0.477813   -0.478347   0.0003159
           4   -0.478213   -0.478313 0.000225848
           5   -0.476896    -0.47803 0.000333103
           6   -0.477691   -0.477973 0.000277791
           7   -0.477963   -0.477972 0.000234781
           8   -0.474629   -0.477554 0.000464657
           9   -0.478256   -0.477632 0.000417147
          10   -0.476891   -0.477558 0.000380401
          11   -0.477147    -0.47752  0.00034611
          12   -0.476981   -0.477476 0.000319132
          13   -0.477835   -0.477503 0.000294856
          14   -0.476539   -0.477434 0.000281543
          15   -0.474208   -0.477219 0.000339057
          16   -0.475755   -0.477128 0.000330103
          17   -0.478416   -0.477203 0.000319204
          18   -0.477883   -0.477241 0.000303305
          19   -0.476661   -0.477211 0.000288516
          20   -0.480453   -0.477373 0.000318127
          21   -0.478459   -0.477425 0.000306985
          22   -0.479845   -0.477535 0.000312699
          23   -0.475397   -0.477442  0.00031291
          24   -0.478224   -0.477474 0.000301357
          25   -0.476533   -0.477437 0.000291491
          26   -0.475989   -0.477381 0.000285534
          27   -0.477248   -0.477376 0.000274799
          28   -0.475893   -0.477323 0.000270046
          29   -0.477083   -0.477315 0.000260699
          30   -0.477424   -0.477318 0.000251886
           1   -0.476096   -0.476096           0
           2   -0.473008   -0.474552    0.001544
           3   -0.471931   -0.473678  0.00124825
           4   -0.471216   -0.473063  0.00107609
           5   -0.472128   -0.472876 0.000854242
           6   -0.475285   -0.473277 0.000804841
           7   -0.473493   -0.473308 0.000680914
           8   -0.472059   -0.473152 0.000610023
           9   -0.471856   -0.473008 0.000556928
          10   -0.470523   -0.472759  0.00055669
          11    -0.47384   -0.472858 0.000513037
          12   -0.472816   -0.472854  0.00046835
          13   -0.471547   -0.472754 0.000442404
          14   -0.473035   -0.472774 0.000410078
          15   -0.470293   -0.472608 0.000416036
          16   -0.471669    -0.47255 0.000393566
          17   -0.474752   -0.472679 0.000391733
          18   -0.470763   -0.472573 0.000384371
          19   -0.472725   -0.472581 0.000363667
          20    -0.47344   -0.472624  0.00034767
          21   -0.469632   -0.472481 0.000360081
          22   -0.470912    -0.47241 0.000350655
          23   -0.472171     -0.4724 0.000335224
          24   -0.471771   -0.472373 0.000322021
          25   -0.472576   -0.472381 0.000308978
          26   -0.474005   -0.472444 0.000303355
          27   -0.474421   -0.472517 0.000300951
          28   -0.471952   -0.472497 0.000290705
          29   -0.471147    -0.47245  0.00028434
          30   -0.472096   -0.472439 0.000274953
           1   -0.469451   -0.469451           0
           2   -0.466987   -0.468219    0.001232
           3   -0.466843    -0.46776 0.000846355
           4   -0.470869   -0.468537 0.000981023
           5   -0.466075   -0.468045 0.000905556
           6   -0.465083   -0.467551 0.000889054
           7   -0.466389   -0.467385 0.000769499
           8   -0.464304      -0.467 0.000769696
           9   -0.468315   -0.467146 0.000694347
          10   -0.469189    -0.46735 0.000653792
          11    -0.46672   -0.467293 0.000594147
          12   -0.467659   -0.467324 0.000543234
          13   -0.467141    -0.46731   0.0004999
          14   -0.466016   -0.467217  0.00047195
          15   -0.466763   -0.467187 0.000440405
          16   -0.466272    -0.46713  0.00041591
          17   -0.467605   -0.467158  0.00039168
          18   -0.467499   -0.467177 0.000369765
          19   -0.467605   -0.467199  0.00035049
          20   -0.465845   -0.467131 0.000339324
          21   -0.466528   -0.467103 0.000324039
          22   -0.467957   -0.467142 0.000311391
          23   -0.469173    -0.46723 0.000310381
          24   -0.465312    -0.46715 0.000307724
          25   -0.465003   -0.467064 0.000307403
          26   -0.467344   -0.467075 0.000295539
          27    -0.46832   -0.467121 0.000288097
          28   -0.467947    -0.46715 0.000279179
          29   -0.465472   -0.467093 0.000275528
          30   -0.467141   -0.467094 0.000266191
           1   -0.462309   -0.462309           0
           2   -0.462315   -0.462312 2.66666e-06
           3   -0.462315   -0.462313 1.77778e-06
           4   -0.462475   -0.462353  4.0464e-05
           5   -0.462357   -0.462354 3.13535e-05
           6   -0.460747   -0.462086 0.000269131
           7    -0.46144   -0.461994 0.000245478
           8    -0.46008   -0.461755 0.000320046
           9   -0.461408   -0.461716  0.00028487
          10   -0.461856    -0.46173 0.000255179
          11   -0.461557   -0.461714 0.000231352
          12   -0.460347     -0.4616 0.000239989
          13   -0.461024   -0.461556 0.000225167
          14   -0.461152   -0.461527 0.000210453
          15   -0.459797   -0.461412 0.000227344
          16   -0.461051   -0.461389 0.000213856
          17   -0.461243   -0.461381 0.000201068
          18   -0.461653   -0.461396 0.000190173
          19   -0.460336    -0.46134 0.000188336
          20   -0.462997   -0.461423 0.000196951
          21     -0.4604   -0.461374 0.000193567
          22   -0.461013   -0.461358 0.000185286
          23   -0.462208   -0.461395 0.000180865
          24    -0.46544   -0.461563 0.000241651
          25   -0.459525   -0.461482 0.000245702
          26   -0.459067   -0.461389 0.000253681
          27   -0.461877   -0.461407 0.000244774
          28   -0.464725   -0.461526 0.000263969
          29   -0.463312   -0.461587 0.000262048
          30    -0.46088   -0.461564 0.000254257
