0.0115332 0 0
0.0345996 0 0
0.0576661 0 0
0.0807325 0 0
0.103799 0 0
0.126865 0 0
0.149932 0 0
0.172998 0 0
0.196065 0 0
0.219131 0 0
0.242198 0 0
0.265264 0 0
0.28833 0 0
0.311397 0 0
0.334463 0 0
0.35753 0 0
0.380596 0 0
0.403663 0 0
0.426729 0 0
0.449795 0 0
0.472862 0 0
0.495928 0 0
0.518995 0 0
0.542061 0 0
0.565128 0 0
0.588194 0 0
0.61126 0 0
0.634327 0 0
0.657393 0 0
0.68046 0 0
0.703526 0 0
0.726593 0 0
0.749659 0 0
0.772725 0 0
0.795792 0 0
0.818858 0 0
0.841925 0 0
0.864991 1.5524e-07 1.5524e-07
0.888058 7.06949e-05 5.05884e-06
0.911124 0.00335958 3.71873e-05
0.93419 0.047321 0.000136498
0.957257 0.293486 0.000468115
0.980323 1.00611 0.00100578
1.00339 2.2402 0.00105043
1.02646 3.62608 0.000949234
1.04952 4.62043 0.000912288
1.07259 4.89717 0.00160519
1.09566 4.49123 0.00151139
1.11872 3.65828 0.00135932
1.14179 2.69294 0.000879041
1.16485 1.81557 0.000662984
1.18792 1.13012 0.000608769
1.21099 0.654412 0.000527221
1.23405 0.353018 0.000474813
1.25712 0.179976 0.000348137
1.28019 0.0889074 0.000277624
1.30325 0.0495286 0.000239201
1.32632 0.042291 0.000199933
1.34939 0.0605895 0.000236485
1.37245 0.105909 0.000261301
1.39552 0.184154 0.00029971
1.41859 0.300183 0.00031945
1.44165 0.453192 0.000279085
1.46472 0.628224 0.000273749
1.48778 0.797103 0.000396232
1.51085 0.921768 0.000543934
1.53392 0.970688 0.000632172
1.55698 0.929387 0.000610767
1.58005 0.808864 0.000431824
1.60312 0.641267 0.000291678
1.62618 0.46562 0.000218159
1.64925 0.316637 0.000333469
1.67232 0.219164 0.000363891
1.69538 0.191917 0.000423882
1.71845 0.25483 0.000521489
1.74152 0.433944 0.000595971
1.76458 0.749691 0.000673915
1.78765 1.198 0.000553474
1.81071 1.72698 0.00041753
1.83378 2.23563 0.000591821
1.85685 2.59622 0.00101434
1.87991 2.71432 0.00121912
1.90298 2.55768 0.00114835
1.92605 2.18085 0.000825923
1.94911 1.69025 0.000433568
1.97218 1.20052 0.000331629
1.99525 0.802077 0.0005321
2.01831 0.542343 0.000623209
2.04138 0.43419 0.000624655
2.06445 0.461349 0.000520377
2.08751 0.586576 0.000372509
2.11058 0.758311 0.000233516
2.13364 0.91756 0.000273608
2.15671 1.01374 0.00037403
2.17978 1.0218 0.000434213
2.20284 0.919663 0.000364726
2.22591 0.780492 0.000238926
2.24898 0.653569 0.000314499
2.27204 0.571683 0.000479985
2.29511 0.573132 0.000589246
