1 7.57904 7.57904 0
2 7.55757 7.5683 0.0107325
3 7.60323 7.57995 0.0131895
4 7.55019 7.57251 0.01193
5 7.57289 7.57258 0.00924128
6 7.56709 7.57167 0.00760087
7 7.58844 7.57406 0.00685604
8 7.6004 7.57736 0.00678911
9 7.59761 7.57961 0.00639644
10 7.65534 7.58718 0.00949178
11 7.58312 7.58681 0.00859357
12 7.57319 7.58568 0.00792647
13 7.57076 7.58453 0.00738103
14 7.59078 7.58498 0.00684807
15 7.56428 7.5836 0.00652277
16 7.62915 7.58644 0.00673305
17 7.59506 7.58695 0.0063449
18 7.59011 7.58713 0.0059846
19 7.56113 7.58576 0.00582385
20 7.59006 7.58597 0.00552917
21 7.61806 7.5875 0.00547678
22 7.57248 7.58682 0.00526637
23 7.59001 7.58696 0.00503411
24 7.5278 7.58449 0.00541353
25 7.62552 7.58613 0.00544563
26 7.62122 7.58748 0.00540321
27 7.58839 7.58752 0.00519934
28 7.58842 7.58755 0.00501032
29 7.6169 7.58856 0.0049393
30 7.57674 7.58817 0.00478805
31 7.59564 7.58841 0.00463729
32 7.55183 7.58726 0.00463327
33 7.65562 7.58933 0.00494537
34 7.59711 7.58956 0.00480316
35 7.59328 7.58967 0.00466512
36 7.55774 7.58878 0.00461964
37 7.59797 7.58903 0.00449991
38 7.62825 7.59006 0.00449983
39 7.58374 7.5899 0.00438593
40 7.57135 7.58944 0.00429997
41 7.59465 7.58956 0.00419571
42 7.61753 7.59023 0.00414837
43 7.60881 7.59066 0.00407373
44 7.65876 7.59221 0.00427041
45 7.62046 7.59284 0.00422137
46 7.60604 7.59312 0.00413854
47 7.61107 7.59351 0.0040675
48 7.56779 7.59297 0.00401773
49 7.54219 7.59193 0.00406907
50 7.55646 7.59123 0.00404949
51 7.55649 7.59054 0.00402731
52 7.56428 7.59004 0.00398127
53 7.54852 7.58926 0.00398322
54 7.57012 7.5889 0.00392479
55 7.59039 7.58893 0.00385286
56 7.62287 7.58953 0.00383168
57 7.60203 7.58975 0.00377023
58 7.63052 7.59046 0.00377075
59 7.60745 7.59074 0.00371747
60 7.63571 7.59149 0.00373103
61 7.63086 7.59214 0.00372567
62 7.57505 7.59186 0.00367543
63 7.60554 7.59208 0.00362313
64 7.53526 7.59119 0.00367493
65 7.50736 7.5899 0.00384094
66 7.62241 7.5904 0.00381424
67 7.56113 7.58996 0.00378219
68 7.61602 7.59034 0.00374581
69 7.59512 7.59041 0.00369177
70 7.6175 7.5908 0.00365917
71 7.5477 7.59019 0.00365799
72 7.59072 7.5902 0.00360683
73 7.642 7.59091 0.00362717
74 7.62195 7.59133 0.00360232
75 7.64307 7.59202 0.00362032
76 7.62995 7.59252 0.00360707
77 7.58152 7.59237 0.00356278
78 7.62725 7.59282 0.00354512
79 7.57413 7.59258 0.00350794
80 7.56648 7.59226 0.00347915
81 7.56348 7.5919 0.00345425
82 7.58831 7.59186 0.00341214
83 7.6286 7.5923 0.00339972
84 7.64529 7.59293 0.00341772
85 7.58186 7.5928 0.00337978
86 7.58479 7.59271 0.00334155
87 7.55435 7.59227 0.00333222
88 7.58654 7.5922 0.00329478
89 7.58815 7.59216 0.00325787
90 7.61853 7.59245 0.00323476
91 7.64375 7.59301 0.00324831
92 7.61045 7.5932 0.00321839
93 7.59031 7.59317 0.00318374
94 7.58954 7.59313 0.00314993
95 7.56573 7.59285 0.00312992
96 7.59512 7.59287 0.00309723
97 7.57722 7.59271 0.00306938
98 7.67103 7.59351 0.00314126
99 7.58465 7.59342 0.00311065
100 7.62275 7.59371 0.00309333
