1 -7.54938 -7.54938 0
2 -7.55291 -7.55115 0.00176748
3 -7.54496 -7.54908 0.00230143
4 -7.55439 -7.55041 0.00210038
5 -7.55027 -7.55038 0.0016272
6 -7.55176 -7.55061 0.00134824
7 -7.54745 -7.55016 0.00122569
8 -7.5457 -7.5496 0.00119921
9 -7.54613 -7.54922 0.00112572
10 -7.5355 -7.54784 0.0017014
11 -7.5486 -7.54791 0.00154049
12 -7.54958 -7.54805 0.00141309
13 -7.5509 -7.54827 0.00131817
14 -7.54749 -7.54821 0.00122167
15 -7.55191 -7.54846 0.00116367
16 -7.53973 -7.54792 0.00121751
17 -7.54601 -7.5478 0.0011491
18 -7.54761 -7.54779 0.00108344
19 -7.5524 -7.54804 0.00105315
20 -7.54704 -7.54799 0.00100033
21 -7.54213 -7.54771 0.00099156
22 -7.55016 -7.54782 0.000951954
23 -7.5471 -7.54779 0.000910162
24 -7.5579 -7.54821 0.00096787
25 -7.54079 -7.54791 0.000974676
26 -7.5417 -7.54767 0.000966452
27 -7.54766 -7.54767 0.000929969
28 -7.54775 -7.54767 0.000896145
29 -7.54199 -7.54748 0.000886628
30 -7.54968 -7.54755 0.00085971
31 -7.5457 -7.54749 0.00083365
32 -7.55423 -7.5477 0.000834202
33 -7.53556 -7.54734 0.000888301
34 -7.54667 -7.54732 0.000861999
35 -7.5465 -7.54729 0.000837331
36 -7.55319 -7.54746 0.000830053
37 -7.54589 -7.54741 0.000808412
38 -7.54021 -7.54722 0.000809378
39 -7.54805 -7.54725 0.000788638
40 -7.55068 -7.54733 0.000773462
41 -7.54645 -7.54731 0.000754668
42 -7.54235 -7.54719 0.000745878
43 -7.5438 -7.54711 0.00073259
44 -7.53492 -7.54684 0.000767506
45 -7.54129 -7.54671 0.000760325
46 -7.54469 -7.54667 0.000744911
47 -7.54305 -7.54659 0.000732944
48 -7.55115 -7.54669 0.000723764
49 -7.55568 -7.54687 0.000732223
50 -7.55349 -7.547 0.000729541
51 -7.55357 -7.54713 0.000726595
52 -7.55187 -7.54722 0.000718292
53 -7.55515 -7.54737 0.000720311
54 -7.55082 -7.54744 0.00070972
55 -7.54689 -7.54743 0.000696767
56 -7.54149 -7.54732 0.000692364
57 -7.54527 -7.54728 0.000681064
58 -7.53975 -7.54715 0.000681694
59 -7.5441 -7.5471 0.000672032
60 -7.53913 -7.54697 0.000673975
61 -7.53975 -7.54685 0.000673324
62 -7.55047 -7.54691 0.000664941
63 -7.54453 -7.54687 0.000655394
64 -7.55728 -7.54703 0.000665266
65 -7.5622 -7.54727 0.000695287
66 -7.54131 -7.54718 0.000690606
67 -7.55226 -7.54725 0.000684444
68 -7.54236 -7.54718 0.000678129
69 -7.54609 -7.54717 0.000668417
70 -7.54244 -7.5471 0.00066225
71 -7.55515 -7.54721 0.000662637
72 -7.54722 -7.54721 0.000653368
73 -7.53783 -7.54708 0.00065706
74 -7.54145 -7.54701 0.000652579
75 -7.53761 -7.54688 0.000655889
76 -7.54006 -7.54679 0.000653392
77 -7.5489 -7.54682 0.000645432
78 -7.54019 -7.54673 0.000642743
79 -7.5497 -7.54677 0.000635662
80 -7.55159 -7.54683 0.000630548
81 -7.55177 -7.54689 0.000625689
82 -7.54764 -7.5469 0.000618078
83 -7.54022 -7.54682 0.000615873
84 -7.53736 -7.54671 0.000618839
85 -7.54857 -7.54673 0.000611908
86 -7.54808 -7.54675 0.000604953
87 -7.55346 -7.54682 0.000602917
88 -7.5475 -7.54683 0.000596075
89 -7.54805 -7.54685 0.000589499
90 -7.54185 -7.54679 0.000585546
91 -7.53766 -7.54669 0.000587697
92 -7.54365 -7.54666 0.000582214
93 -7.54709 -7.54666 0.000575939
94 -7.54729 -7.54667 0.000569818
95 -7.55145 -7.54672 0.000566031
96 -7.54613 -7.54671 0.000560137
97 -7.5495 -7.54674 0.000555075
98 -7.53273 -7.5466 0.000567666
99 -7.54814 -7.54661 0.000562118
100 -7.54138 -7.54656 0.000558929
