1.80495
1.80497
1.80493
1.80488
1.80489
1.80499
1.80522
1.80561
1.80619
1.80698
1.80799
1.80923
1.81067
1.81226
1.81396
1.81568
1.81734
1.81885
1.82014
1.82113
1.82181
1.82216
1.82222
1.82205
1.82174
1.82139
1.82112
1.82102
1.82117
1.8216
1.82231
1.82326
1.82437
1.82557
1.82675
1.82782
1.8287
1.82929
1.82949
1.82923
1.82842
1.82702
1.825
1.82243
1.81946
1.81634
1.81343
1.81111
1.80975
1.80962
1.81078
1.81312
1.81634
1.82009
1.82399
1.82777
1.8312
1.83418
1.83665
1.83857
1.83994
1.84076
1.84109
1.841
1.84067
1.84028
1.84006
1.84018
1.84072
1.8417
1.84301
1.84448
1.84592
1.84713
1.84794
1.84825
1.84806
1.84749
1.84667
1.84569
1.84449
1.84282
1.84035
1.83685
1.83238
1.82741
1.82268
1.81897
1.81673
1.81589
1.81594
1.81619
1.81611
1.81557
1.81488
1.81465
1.81554
1.81797
1.82198
1.82718
1.83295
1.83865
1.84376
1.84796
1.85112
1.85324
1.85439
1.85471
1.85431
1.85331
1.8518
1.84985
1.8475
1.84479
1.84178
1.83851
1.83509
1.83163
1.82828
1.82515
1.82236
1.81991
1.81776
1.81578
1.81379
1.81165
1.80928
1.80666
1.80393
1.80129
1.799
1.79732
1.79643
1.79636
1.79702
1.79822
1.79966
1.8011
1.80229
1.80305
1.80327
1.80291
1.80195
1.80044
1.79843
1.79603
1.79335
1.79052
1.7877
1.78501
1.7826
1.78055
1.77894
1.77779
1.77708
1.77675
1.77672
1.7769
1.77716
1.77744
1.77763
1.77768
1.77755
1.77722
1.77667
1.77592
1.77498
1.77389
1.77266
1.77136
1.77001
1.76868
1.76739
1.76621
1.76516
1.76427
1.76357
1.76304
1.76269
1.7625
1.76246
1.76257
1.76281
1.7632
1.76373
1.76442
1.76526
1.76624
1.76733
1.76849
1.7697
1.77089
1.77205
1.77315
1.77421
1.77523
1.77626
1.77736
1.77856
1.7799
1.78137
1.78288
1.78428
1.78532
1.78564
1.78474
1.78202
1.77683
1.76867
1.75751
1.74425
1.73105
1.72071
1.71537
1.71522
1.71887
1.72473
1.73209
1.74093
1.75115
1.76222
1.7733
1.78367
1.79284
1.80061
1.80692
1.81181
1.81529
1.81745
1.81837
1.81822
1.8172
1.81554
1.81347
1.81107
1.80833
1.80507
1.80109
1.79638
1.79123
1.78634
1.78264
1.78087
1.78118
1.78306
1.78564
1.78804
1.78975
1.79061
1.79078
1.79058
1.79035
1.79035
1.79076
1.7916
1.79281
1.79423
1.79567
1.79702
1.79825
1.79949
1.80107
1.80334
1.80663
1.81104
1.8164
1.82229
1.82822
1.83371
1.83845
1.84224
1.84499
1.84671
1.84738
1.84701
1.84556
1.84295
1.83911
1.83399
1.82765
1.82034
1.81261
1.80531
1.79946
1.79596
1.79522
1.79699
1.80055
1.80496
1.80941
1.81337
1.81658
1.81897
1.82061
1.8216
1.82209
1.82222
1.82214
1.82197
1.82185
1.82185
1.82202
1.82237
1.82289
1.82353
1.82422
1.8249
1.82547
1.82584
1.82587
1.82541
1.8243
1.82241
1.81965
1.81606
1.81186
1.80746
1.80343
1.80044
1.79901
1.79943
1.80163
1.80527
1.80987
1.81491
1.81991
1.82446
1.82821
1.83088
1.83221
1.83199
1.83006
1.82635
1.8209
1.8139
1.80577
1.79715
1.78892
1.78214
1.77794
1.77725
1.78054
1.78755
1.79733
1.80853
1.81979
1.8301
1.83894
1.84613
1.85174
1.85595
1.85889
1.86068
1.86137
1.86109
1.86005
1.85866
1.85746
1.85707
1.85797
1.86034
1.86396
1.86833
1.87285
1.87698
1.88034
1.88276
1.88423
1.88482
1.88468
1.88395
1.88274
1.88113
1.87917
1.87684
1.87413
1.87105
1.86762
1.86397
1.86027
1.85675
1.85368
1.85129
1.84975
1.84911
1.84933
1.85029
1.85184
1.85383
1.85615
1.85874
1.86164
1.86497
1.86891
1.87361
1.87912
1.88531
1.89188
1.89844
1.90463
1.91015
1.91488
1.91875
1.92174
1.9238
1.92475
1.9243
1.92201
1.91741
1.91007
1.89983
1.88702
1.87271
1.8587
1.8471
1.83955
1.83641
1.83659
1.83815
1.8393
1.83896
1.837
1.83407
1.83123
1.82953
1.82966
1.83188
1.83618
1.8425
1.85074
1.86052
1.87104
1.8812
1.89007
1.89722
1.90274
1.90708
1.91071
1.91391
1.91672
1.91905
1.92077
1.92186
1.92238
1.92248
1.92235
1.92219
1.92217
1.92243
1.92307
1.92411
1.92551
1.92716
1.92891
1.93056
1.93194
1.93286
1.93316
1.93268
1.93129
1.92886
1.92525
1.92034
1.91399
1.9061
1.89663
1.88563
1.87331
1.86007
1.8466
1.83378
1.82259
1.81394
1.80848
1.80646
1.80775
1.81184
1.81799
1.82528
1.83276
1.83954
1.84488
1.84823
1.84935
1.84828
1.84539
1.84137
1.83711
1.83348
1.83112
1.83024
1.83065
1.83192
1.83363
1.83543
1.83715
1.83874
1.8402
1.84157
1.84287
1.84412
1.8453
1.84635
1.84719
1.8477
1.84772
1.84711
1.84572
1.8434
1.84008
1.83571
1.83034
1.82412
1.81731
1.81029
1.80352
1.79744
1.79242
1.78864
1.78606
1.78449
1.78358
1.78286
1.78175
1.77957
1.77569
1.76978
1.76227
1.75472
1.74952
1.74896
1.75376
1.76265
1.77322
1.78326
1.79152
1.79764
1.80183
1.80448
1.80603
1.80681
1.80708
1.80701
1.80672
1.80627
1.80567
1.80495
1.80406
1.80299
1.80167
1.80002
1.79795
1.79535
1.79208
1.78804
1.78313
1.77735
1.77078
1.76369
1.75652
1.74988
1.74444
1.74078
1.73925
1.73982
1.7421
1.74547
1.74925
1.75283
1.75578
1.75787
1.75904
1.75932
1.75887
1.7579
1.75666
1.75551
1.75481
1.75497
1.75628
1.75891
1.7628
1.76767
1.77313
1.77875
1.78414
1.78902
1.79323
1.79671
1.79944
1.80146
1.80284
1.80363
1.80388
1.80364
1.80292
1.80176
1.80017
1.79814
1.79567
1.79273
1.78928
1.78529
1.78077
1.77581
1.7706
1.76549
1.76096
1.7575
1.75545
1.75493
1.75574
1.75752
1.75981
1.76222
1.76449
1.76647
1.76814
1.76951
1.77063
1.77158
1.77241
1.77318
1.77392
1.7747
1.77553
1.77644
1.7774
1.77836
1.77921
1.77985
1.78015
1.78003
1.77942
1.77831
1.77677
1.77489
1.77283
1.77079
1.76895
1.76747
1.76646
1.76592
1.76578
1.76592
1.76618
1.76645
1.76664
1.76672
1.76671
1.76665
1.76659
1.76659
1.76667
1.76685
1.76714
1.76753
1.76802
1.76859
1.76924
1.76995
1.77072
1.77152
1.77234
1.77314
1.77388
1.77452
1.77498
1.77521
1.77513
1.7747
1.77386
1.77259
1.77086
1.7687
1.76613
1.76318
1.75992
1.75638
1.7526
1.74857
1.74427
1.73968
1.73482
1.72989
1.72525
1.72144
1.71907
1.71858
1.72006
1.72321
1.72743
1.73203
1.73643
1.74023
1.74319
1.74527
1.74649
1.74697
1.74688
1.74642
1.74584
1.74537
1.74521
1.74548
1.74618
1.74722
1.74847
1.74975
1.75092
1.75188
1.75263
1.75319
1.75365
1.7541
1.75464
1.75532
1.75616
1.75712
1.75812
1.75908
1.75989
1.76045
1.76067
1.76048
1.75981
1.75862
1.75684
1.75442
1.75132
1.74751
1.74305
1.73806
1.73282
1.72777
1.72346
1.72047
1.7193
1.72019
1.7231
1.72767
1.73336
1.73957
1.74573
1.75145
1.75647
1.7607
1.76412
1.76681
1.76888
1.77042
1.77153
1.77228
1.77269
1.77274
1.77237
1.77145
1.76984
1.76733
1.76378
1.75915
1.75358
1.74759
1.74198
1.73778
1.73581
1.73635
1.73898
1.74274
1.74655
1.7495
1.75101
1.75078
1.74882
1.74534
1.74088
1.73632
1.73283
1.73161
1.73343
1.73837
1.74576
1.75456
1.76371
1.77243
1.78022
1.78681
1.7921
1.7961
1.79885
1.80045
1.80104
1.80072
1.79963
1.79784
1.79542
1.79237
1.78864
1.78415
1.77883
1.77272
1.76603
1.75924
1.75312
1.74859
1.74649
1.74726
1.75074
1.75626
1.7629
1.76976
1.77616
1.78166
1.7861
1.78945
1.79181
1.79332
1.79412
1.79432
1.79401
1.7932
1.79194
1.79025
1.78822
1.78599
1.78378
1.78183
1.7804
1.77972
1.77992
1.78103
1.78298
1.78559
1.78864
1.79188
1.79505
1.79794
1.80037
1.80223
1.80342
1.80394
1.80379
1.80302
1.80172
1.8
1.79797
1.79573
1.79338
1.79097
1.78855
1.78615
1.78385
1.78178
1.7801
1.77898
1.77858
1.77894
1.78002
1.78168
1.78368
1.78577
1.7877
1.78926
1.7903
1.79081
1.79087
1.79066
1.79045
1.79054
1.79117
1.79248
1.79444
1.79688
1.79951
1.80199
1.80403
1.80538
1.80591
1.80554
1.80434
1.80242
1.79997
1.79722
1.79442
1.79177
1.78938
1.78731
1.78548
1.78383
1.78229
1.78083
1.77952
1.77849
1.77787
1.77781
1.7784
1.77964
1.78152
1.78396
1.78688
1.79021
1.79387
1.79779
1.80188
1.80605
1.81021
1.81427
1.81818
1.82191
1.82543
1.82875
1.83187
1.8348
1.83753
1.84003
1.84225
1.84409
1.84542
1.84607
1.84577
1.8442
1.84099
1.83569
1.82796
1.81771
1.80544
1.79249
1.781
1.7732
1.77027
1.77166
1.77554
1.77986
1.78326
1.78529
1.78622
1.78672
1.78762
1.78967
1.79332
1.79857
1.80496
1.81173
1.81802
1.82311
1.82658
1.82837
1.82874
1.82819
1.82733
1.82673
1.82673
1.82747
1.82885
1.83067
1.83275
1.83497
1.83729
1.83972
1.84231
1.84504
1.84791
1.85083
1.85371
1.85646
1.85901
1.86129
1.86327
1.86491
1.86618
1.86703
1.8674
1.86718
1.86623
1.86436
1.86134
1.85688
1.85069
1.84251
1.8322
1.81988
1.80605
1.79172
1.77837
1.76771
1.76123
1.75973
1.76306
1.77018
1.77955
1.78958
1.79901
1.80704
1.81334
1.81793
1.82107
1.82321
1.82483
1.82643
1.82841
1.83099
1.83422
1.83796
1.84198
1.84602
1.84984
1.85326
1.85612
1.85827
1.85958
1.85985
1.85889
1.85648
1.85244
1.84667
1.83923
1.83045
1.821
1.81186
1.8043
1.79951
1.79835
1.80098
1.80689
1.81502
1.8241
1.8329
1.84038
1.84582
1.84881
1.84928
1.84742
1.84372
1.83894
1.83408
1.8302
1.82818
1.82848
1.831
1.8352
1.84031
1.8456
1.8505
1.85468
1.85801
1.8605
1.86228
1.8635
1.86435
1.86501
1.86563
1.86631
1.86715
1.86818
1.86941
1.87085
1.87249
1.8743
1.87628
1.87838
1.88052
1.88259
1.88441
1.88577
1.88639
1.88602
1.8844
1.88135
1.87682
1.87095
1.86413
1.85706
1.85057
1.8455
1.84233
1.84112
1.8415
1.84292
1.84488
1.84708
1.84941
1.85189
1.85456
1.85744
1.8605
1.86362
1.86668
1.86952
1.87199
1.87396
1.87533
1.87603
1.87602
1.87529
1.87386
1.87186
1.86945
1.86684
1.86425
1.86185
1.85971
1.85775
1.8558
1.85357
1.85072
1.84692
1.84187
1.83553
1.82822
1.82079
1.81452
1.81069
1.81005
1.81245
1.81703
1.82272
1.82863
1.83417
1.839
1.84295
1.84596
1.84807
1.84937
1.85003
1.8502
1.84998
1.84946
1.84869
1.84767
1.8464
1.84486
1.84307
1.84101
1.83871
1.83617
1.8334
1.83044
1.8273
1.82401
1.82061
1.81715
1.81372
1.81042
1.80742
1.80491
1.80307
1.80208
1.80203
1.80293
1.80466
1.80704
1.80984
1.81283
1.81582
1.81869
1.82134
1.82372
1.82576
1.82743
1.82864
1.82934
1.82946
1.82895
1.8278
1.82605
1.8238
1.82125
1.81864
1.81622
1.81421
1.81275
1.81183
1.81136
1.81119
1.81116
1.81117
1.81118
1.81119
1.81128
1.81152
1.81195
1.8126
1.81346
1.81449
1.81564
1.81687
1.8182
1.81969
1.82148
1.82372
1.82654
1.83001
1.83409
1.83862
1.84334
1.84794
1.85211
1.85558
1.8581
1.85945
1.85948
1.85805
1.85509
1.85062
1.8448
1.83799
1.83074
1.82379
1.81791
1.81377
1.8117
1.81164
1.81319
1.81575
1.81879
1.82193
1.82495
1.82771
1.83
1.83157
1.83211
1.83139
1.82935
1.82618
1.82231
1.81834
1.81493
1.81262
1.81171
1.81219
1.81376
1.816
1.81848
1.8209
1.82316
1.8253
1.82747
1.82981
1.83242
1.83528
1.83828
1.84124
1.84398
1.84632
1.84817
1.84951
1.85038
1.85087
1.85107
1.85104
1.8508
1.85035
1.84963
1.84858
1.84714
1.84528
1.84303
1.84043
1.8376
1.83468
1.83181
1.82912
1.82672
1.82463
1.82281
1.82115
1.81946
1.81754
1.8152
1.81228
1.80872
1.80465
1.80041
1.79659
1.7939
1.79301
1.7942
1.79733
1.80177
1.80675
1.81155
1.81563
1.81873
1.82076
1.82172
1.82168
1.82074
1.81897
1.81646
1.81336
1.80986
1.80624
1.80283
1.79992
1.79773
1.79626
1.79533
1.79465
1.79385
1.79263
1.79072
1.78785
1.78381
1.77838
1.77148
1.76322
1.75405
1.74474
1.73636
1.72994
1.72624
1.7255
1.72736
1.73112
1.73598
1.74123
1.74644
1.75133
1.7558
1.75978
1.76325
1.76615
1.76846
1.77014
1.77119
1.77161
1.77144
1.77072
1.76951
1.76791
1.766
1.76391
1.76177
1.75969
1.75777
1.75608
1.75462
1.75332
1.75208
1.75073
1.74914
1.74721
1.74489
1.74228
1.73957
1.73706
1.73508
1.7339
1.73368
1.73444
1.73604
1.73829
1.74099
1.74397
1.74708
1.75023
1.75331
1.75624
1.75889
1.76116
1.76294
1.76413
1.76467
1.76448
1.76355
1.7619
1.75958
1.75673
1.75353
1.75021
1.74699
1.74403
1.74144
1.73925
1.73747
1.73612
1.73531
1.73518
1.7359
1.73756
1.7401
1.74332
1.74689
1.75045
1.75366
1.7563
1.75827
1.75962
1.76048
1.76103
1.76144
1.76182
1.76223
1.76264
1.76301
1.76328
1.7634
1.76337
1.76318
1.76289
1.76255
1.76224
1.76205
1.76204
1.76223
1.76259
1.76308
1.7636
1.76408
1.76445
1.76468
1.76475
1.76467
1.76447
1.76417
1.76385
1.76359
1.7635
1.76368
1.76418
1.76497
1.76592
1.76676
1.76711
1.76656
1.76474
1.76145
1.75686
1.7516
1.74678
1.74375
1.74355
1.74647
1.75187
1.75859
1.76543
1.77156
1.77655
1.78031
1.78293
1.78458
1.78543
1.78561
1.78522
1.78434
1.78299
1.78115
1.77882
1.77595
1.77253
1.76855
1.76409
1.75927
1.75435
1.74967
1.74561
1.7425
1.74051
1.73955
1.73924
1.73906
1.73846
1.73711
1.73509
1.7329
1.73139
1.73154
1.73405
1.7391
1.74626
1.75466
1.76334
1.77146
1.77845
1.78405
1.7882
1.791
1.79261
1.79323
1.79305
1.79223
1.79094
1.78929
1.7874
1.78535
1.78323
1.78107
1.77892
1.7768
1.77471
1.77267
1.77068
1.76878
1.767
1.76541
1.76408
1.7631
1.76253
1.76242
1.76279
1.76363
1.76491
1.76658
1.76856
1.77078
1.77314
1.77552
1.77784
1.78
1.78192
1.78357
1.78494
1.78603
1.78688
1.78754
1.78807
1.78848
1.78882
1.78907
1.78921
1.78918
1.7889
1.78827
1.78718
1.78551
1.78317
1.78007
1.77616
1.77146
1.76599
1.75982
1.75304
1.74581
1.73852
1.73191
1.72701
1.7249
1.72608
1.73017
1.73596
1.74199
1.74713
1.75089
1.7534
1.7552
1.75697
1.75921
1.76211
1.76558
1.76936
1.77318
1.77682
1.78015
1.78308
1.78555
1.78751
1.78892
1.78974
1.78996
1.78961
1.7887
1.78729
1.78543
1.78322
1.78074
1.77811
1.77545
1.7729
1.77063
1.76878
1.76752
1.76696
1.76713
1.76801
1.76945
1.77125
1.77317
1.77498
1.7765
1.77761
1.77829
1.7786
1.77862
1.77851
1.77841
1.77844
1.77871
1.77923
1.78001
1.781
1.78211
1.78326
1.78436
1.78535
1.78615
1.78671
1.78699
1.78697
1.78664
1.78606
1.7853
1.7845
1.78383
1.7835
1.78366
1.78444
1.78586
1.78786
1.79034
1.79312
1.79607
1.79904
1.80193
1.80467
1.80721
1.80949
1.81147
1.81309
1.81426
1.81491
1.81493
1.81426
1.81282
1.81061
1.80771
1.80424
1.80042
1.79648
1.79264
1.78906
1.78582
1.78299
1.78063
1.77882
1.77765
1.77721
1.77753
1.77858
1.78027
1.7824
1.78477
1.78715
1.78931
1.79112
1.79248
1.7934
1.79394
1.7942
1.79432
1.79444
1.79469
1.79518
1.79599
1.79715
1.79863
1.80036
1.80223
1.80411
1.80587
1.80739
1.80857
1.80937
1.80976
1.80977
1.80943
1.80883
1.80807
1.80727
1.80655
1.80603
1.80578
1.80583
1.80617
1.80672
1.80738
1.80804
1.80858
1.80893
1.80904
1.80891
1.80855
1.80803
1.80741
1.80677
1.80618
1.80571
1.8054
1.8053
1.80538
1.80563
1.80596
1.80628
1.80641
1.80616
1.80525
1.80335
1.80006
1.79502
1.788
1.77921
1.76964
1.76118
1.75621
1.75654
1.76222
1.77157
1.78213
1.79188
1.7997
1.80527
1.80874
1.81043
1.81069
1.80986
1.80825
1.80613
1.80377
1.80144
1.7994
1.79789
1.79707
1.79704
1.79781
1.79932
1.80143
1.80399
1.80684
1.80983
1.81284
1.81575
1.81846
1.8209
1.82298
1.82462
1.82573
1.82625
1.82611
1.82524
1.8236
1.82115
1.81786
1.81373
1.80881
1.80316
1.79697
1.79054
1.78435
1.77897
1.77501
1.77286
1.77258
1.77385
1.77612
1.77886
1.78166
1.7843
1.78669
1.78878
1.79055
1.79203
1.79326
1.79435
1.79546
1.79674
1.79833
1.80029
1.80261
1.80516
1.80777
1.81025
1.81239
1.81402
1.81506
1.81548
1.81536
1.81484
1.81409
1.81329
1.81255
1.81196
1.81154
1.81125
1.81104
1.81088
1.81074
1.81061
1.81048
1.81036
1.81025
1.81016
1.81007
1.80996
1.80984
1.80967
1.80945
1.80913
1.80867
1.80802
1.80707
1.80571
1.80377
1.80104
1.79731
1.79234
1.78605
1.77855
1.77037
1.76248
1.75626
1.75297
1.75319
1.7565
1.76168
1.76727
1.77211
1.77562
1.77775
1.77882
1.77932
1.77978
1.78056
1.78186
1.78368
1.78589
1.78832
1.79082
1.79326
1.79557
1.79767
1.79949
1.80093
1.80184
1.80205
1.80141
1.79978
1.79716
1.79374
1.78998
1.78655
1.78419
1.78341
1.78427
1.78625
1.78845
1.78986
1.78957
1.78699
1.7818
1.77411
1.76449
1.75415
1.74502
1.73929
1.73857
1.74294
1.75087
1.76003
1.76837
1.7747
1.7787
1.78061
1.78096
1.78036
1.7794
1.77854
1.77811
1.77829
1.77911
1.78048
1.78228
1.78435
1.78653
1.78874
1.79092
1.79303
1.79509
1.7971
1.79904
1.80087
1.8025
1.80384
1.80478
1.80525
1.80527
1.80493
1.8045
1.80428
1.80463
1.80585
1.80803
1.81111
1.81483
1.81882
1.82272
1.8262
1.82898
1.83084
1.83156
1.83092
1.82872
1.82477
1.81905
1.81184
1.80382
1.7961
1.78995
1.7863
1.78535
1.78651
1.78879
1.79135
1.79371
1.79582
1.79782
1.79991
1.80221
1.80471
1.80733
1.80993
1.8124
1.81464
1.8166
1.81828
1.81966
1.82074
1.82149
1.82188
1.82186
1.82138
1.82042
1.81898
1.81708
1.81482
1.81228
1.8096
1.80691
1.80429
1.8018
1.79938
1.79692
1.79415
1.79076
1.78635
1.78054
1.773
1.7636
1.75254
1.74055
1.72891
1.71928
1.71333
1.71206
1.71555
1.72296
1.73295
1.74407
1.75507
1.76502
1.77337
1.77987
1.78451
1.78741
1.78873
1.78865
1.78726
1.78462
1.78072
1.77553
1.76906
1.76153
1.75357
1.74629
1.74115
1.73945
1.74164
1.74702
1.75412
1.76134
1.76752
1.77208
1.77487
1.77605
1.77584
1.77451
1.77227
1.7693
1.76575
1.76175
1.75742
1.75293
1.74843
1.74411
1.74013
1.73662
1.73362
1.73111
1.72902
1.72723
1.72566
1.72429
1.72317
1.72241
1.72217
1.72262
1.72385
1.7259
1.72869
1.73204
1.7357
1.7394
1.74284
1.74579
1.74805
1.74954
1.75022
1.75016
1.74945
1.74818
1.74641
1.74409
1.74107
1.73713
1.73207
1.72597
1.7194
1.71359
1.71017
1.71051
1.71487
1.72224
1.73089
1.73922
1.74622
1.75155
1.75533
1.75787
1.75949
1.76047
1.76099
1.76114
1.76095
1.76045
1.75962
1.75848
1.75707
1.75545
1.75369
1.75185
1.75003
1.7483
1.74673
1.74536
1.74422
1.7433
1.74253
1.74183
1.74105
1.74005
1.73872
1.73702
1.73506
1.73311
1.73153
1.73075
1.73113
1.73285
1.73585
1.73985
1.74445
1.74923
1.75387
1.75824
1.76237
1.76642
1.77061
1.77517
1.78021
1.78574
1.7916
1.79753
1.80318
1.80817
1.81215
1.81477
1.81574
1.81476
1.81158
1.80599
1.79788
1.78742
1.77507
1.76165
1.74819
1.73556
1.72417
1.71407
1.70526
1.69817
1.69357
1.69223
1.69439
1.69959
1.70681
1.7148
1.72252
1.72941
1.73539
1.74069
1.74559
1.75023
1.75463
1.75868
1.76225
1.76522
1.76752
1.76915
1.77014
1.77054
1.77042
1.76987
1.76898
1.76785
1.76657
1.76521
1.76385
1.76251
1.76117
1.75979
1.75825
1.75643
1.75416
1.75126
1.74761
1.74315
1.73801
1.73256
1.72747
1.7236
1.72175
1.72234
1.72522
1.7297
1.73487
1.73991
1.74425
1.74763
1.75003
1.75155
1.75234
1.75257
1.75241
1.75198
1.75139
1.75074
1.7501
1.74954
1.74912
1.74891
1.74895
1.7493
1.74997
1.75098
1.75232
1.75394
1.75579
1.7578
1.7599
1.762
1.76402
1.76587
1.76748
1.76878
1.76968
1.77014
1.77008
1.76947
1.76828
1.76649
1.76412
1.76123
1.7579
1.75421
1.75032
1.74637
1.7426
1.73925
1.73666
1.73514
1.73491
1.73601
1.73824
1.74115
1.74421
1.74691
1.74889
1.74998
1.75022
1.74979
1.7489
1.74778
1.74658
1.74536
1.74413
1.74284
1.74146
1.74
1.73856
1.73728
1.73636
1.736
1.7363
1.73731
1.73893
1.74101
1.74337
1.74578
1.74808
1.75012
1.75179
1.75302
1.75378
1.75407
1.75392
1.75336
1.75246
1.75128
1.74988
1.74834
1.74669
1.74499
1.74328
1.74157
1.73988
1.7382
1.73652
1.73483
1.73309
1.73131
1.72946
1.72756
1.72563
1.72374
1.72195
1.72037
1.71907
1.71813
1.7176
1.71746
1.71763
1.71802
1.71844
1.71873
1.71868
1.7181
1.71681
1.71466
1.71159
1.70766
1.70308
1.6983
1.69394
1.69069
1.68904
1.68913
1.6907
1.69317
1.69589
1.69835
1.70022
1.70144
1.70208
1.7023
1.70231
1.70232
1.70247
1.70292
1.70373
1.70492
1.70645
1.70824
1.7102
1.71222
1.71422
1.7161
1.7178
1.71925
1.72037
1.72112
1.72149
1.72153
1.72138
1.72124
1.72136
1.72199
1.72327
1.72519
1.72761
1.73022
1.73267
1.73458
1.73562
1.73551
1.73409
1.73136
1.72753
1.72307
1.71867
1.71498
1.7124
1.71089
1.71
1.70924
1.70836
1.70755
1.70726
1.70797
1.70978
1.71236
1.71503
1.71705
1.71778
1.71677
1.71378
1.70873
1.70168
1.69292
1.68294
1.67254
1.66277
1.6548
1.64969
1.64809
1.6501
1.65522
1.66256
1.67106
1.67973
1.68784
1.69489
1.70065
1.70503
1.70805
1.70979
1.71033
1.70981
1.70842
1.70646
1.70434
1.70255
1.70157
1.70177
1.70322
1.70575
1.70897
1.71239
1.71559
1.71826
1.72023
1.72143
1.72189
1.72169
1.72095
1.71983
1.71849
1.71709
1.71577
1.71463
1.71371
1.71298
1.71238
1.71179
1.71112
1.7103
1.70929
1.70808
1.70662
1.7048
1.70245
1.69933
1.69521
1.69005
1.68405
1.6778
1.67221
1.66827
1.66679
1.668
1.67147
1.67612
1.6805
1.6831
1.6827
1.67864
1.67109
1.66108
1.65028
1.64032
1.6322
1.62625
1.62272
1.62222
1.62548
1.63264
1.64285
1.65466
1.66664
1.67779
1.68757
1.69578
1.70239
1.70744
1.71099
1.71309
1.71376
1.71295
1.71063
1.70675
1.70138
1.69484
1.68778
1.68123
1.67639
1.67418
1.67483
1.67777
1.6819
1.6861
1.68953
1.69176
1.6927
1.69243
1.69118
1.68918
1.68671
1.68405
1.68148
1.67927
1.67761
1.67665
1.67638
1.67673
1.67751
1.67853
1.67957
1.68046
1.68109
1.68138
1.68134
1.681
1.68041
1.67968
1.67892
1.67825
1.6778
1.67767
1.67795
1.67867
1.67986
1.68146
1.68342
1.68564
1.68802
1.69049
1.69295
1.69535
1.69765
1.69981
1.7018
1.7036
1.70515
1.70642
1.7073
1.70772
1.70757
1.70678
1.70533
1.70327
1.70079
1.69822
1.69597
1.69451
1.6942
1.69524
1.69758
1.70101
1.70517
1.70964
1.71406
1.7181
1.72157
1.72442
1.7268
1.72905
1.73163
1.73497
1.73931
1.74462
1.75062
1.75684
1.76283
1.76819
1.77263
1.77599
1.77814
1.779
1.77851
1.77664
1.7734
1.76888
1.76326
1.75681
1.74988
1.74283
1.73595
1.72947
1.72354
1.71827
1.71376
1.71007
1.70719
1.70503
1.70351
1.70274
1.70314
1.70537
1.71013
1.71776
1.72796
1.73986
1.75233
1.76429
1.77494
1.78375
1.79042
1.79476
1.79662
1.79588
1.79244
1.78627
1.77759
1.76706
1.75594
1.74613
1.73979
1.73848
1.74246
1.7505
1.76061
1.77088
1.77994
1.7871
1.79213
1.79506
1.79601
1.79521
1.79292
1.78949
1.7854
1.78125
1.7777
1.77532
1.77451
1.7753
1.7774
1.78025
1.78316
1.78545
1.78651
1.78589
1.78327
1.77852
1.77176
1.76345
1.75441
1.74575
1.73869
1.73411
1.73237
1.73315
1.73575
1.73937
1.74334
1.74728
1.75106
1.75479
1.75869
1.76297
1.76776
1.77304
1.77869
1.78451
1.79028
1.79579
1.80082
1.80519
1.80878
1.81152
1.8134
1.81446
1.81478
1.81448
1.81365
1.81242
1.81086
1.80903
1.80694
1.80452
1.80165
1.79816
1.79389
1.78872
1.78265
1.77593
1.7691
1.76292
1.75811
1.75507
1.7536
1.75293
1.75217
1.75072
1.74864
1.74676
1.74627
1.74821
1.75288
1.75975
1.76779
1.776
1.78372
1.79069
1.79685
1.80224
1.80686
1.81066
1.8135
1.81522
1.81566
1.81465
1.81209
1.80798
1.80247
1.79602
1.78939
1.78357
1.77954
1.77786
1.77842
1.7805
1.78315
1.78556
1.78727
1.7882
1.78854
1.78858
1.78858
1.7887
1.78903
1.78956
1.79026
1.7911
1.79204
1.79305
1.79402
1.79485
1.79539
1.79553
1.79523
1.79455
1.79365
1.79279
1.79227
1.79236
1.79324
1.79496
1.79745
1.8005
1.80386
1.80729
1.81055
1.81351
1.81606
1.81818
1.81986
1.82114
1.82206
1.82267
1.823
1.82311
1.82302
1.82276
1.82233
1.82177
1.82107
1.82027
1.8194
1.81849
1.8176
1.81679
1.81609
1.81556
1.81519
1.81498
1.81487
1.81479
1.81465
1.81434
1.81379
1.81291
1.81165
1.80999
1.80799
1.80576
1.80349
1.80144
1.79987
1.79903
1.79904
1.79987
1.8013
1.80294
1.80434
1.80511
1.80503
1.80414
1.80271
1.80123
1.80027
1.80032
1.80166
1.80433
1.80814
1.81275
1.81779
1.8229
1.82777
1.83218
1.83597
1.83904
1.84133
1.84282
1.8435
1.84337
1.8424
1.84055
1.8377
1.83374
1.82858
1.82236
1.81558
1.80928
1.80486
1.80357
1.80581
1.81081
1.817
1.82271
1.82672
1.82839
1.8276
1.82454
1.81961
1.8134
1.80657
1.79987
1.79404
1.78962
1.78692
1.78591
1.78634
1.78778
1.7898
1.79202
1.79421
1.79622
1.79802
1.79958
1.8009
1.80199
1.80282
1.80336
1.80361
1.80352
1.80311
1.80238
1.80135
1.80009
1.79867
1.79719
1.79575
1.79436
1.79297
1.79142
1.78952
1.78706
1.78392
1.78015
1.77593
1.77164
1.76777
1.76484
1.76328
1.7633
1.76483
1.76754
1.77093
1.77449
1.77777
1.7805
1.78252
1.7838
1.78439
1.78439
1.78389
1.783
1.78182
1.78042
1.77886
1.7772
1.77547
1.77369
1.77188
1.77003
1.76814
1.76619
1.76413
1.76192
1.7595
1.75678
1.75369
1.75016
1.74617
1.7418
1.73724
1.73284
1.72909
1.72649
1.72543
1.72603
1.72808
1.73109
1.73449
1.73773
1.74043
1.74233
1.74334
1.74343
1.74262
1.74097
1.73853
1.7354
1.7317
1.72763
1.72351
1.71972
1.71671
1.71486
1.71439
1.71523
1.71706
1.71936
1.72155
1.7231
1.72363
1.72292
1.72094
1.71793
1.7144
1.71112
1.70901
1.70885
1.71101
1.71525
1.72088
1.72704
1.733
1.73826
1.74261
1.74606
1.74874
1.75084
1.75257
1.75412
1.75567
1.75734
1.7592
1.76125
1.76347
1.76576
1.76802
1.77013
1.77198
1.77348
1.77458
1.77527
1.77558
1.77556
1.7753
1.77486
1.7743
1.77357
1.77258
1.77115
1.76908
1.76619
1.76238
1.75768
1.75227
1.74643
1.74056
1.73506
1.73026
1.72634
1.72325
1.72084
1.71905
1.71817
1.7188
1.72158
1.72682
1.73419
1.7429
1.75199
1.76062
1.76824
1.77451
1.77925
1.78239
1.78391
1.78387
1.78243
1.77983
1.77642
1.77262
1.76887
1.76555
1.76296
1.76129
1.76064
1.76099
1.76224
1.76422
1.7667
1.76943
1.77217
1.7747
1.77687
1.77861
1.77993
1.78087
1.7815
1.78189
1.78206
1.78199
1.78163
1.7809
1.77971
1.77801
1.77579
1.77312
1.77014
1.76707
1.76413
1.76147
1.75915
1.75708
1.75509
1.753
1.75064
1.748
1.74514
1.74231
1.73982
1.73802
1.73723
1.73762
1.73917
1.74168
1.74486
1.74834
1.75179
1.75492
1.75751
1.7594
1.76045
1.76054
1.75957
1.75742
1.75399
1.74919
1.74301
1.73554
1.72701
1.71783
1.70857
1.69986
1.6923
1.6863
1.68208
1.67963
1.67875
1.67914
1.68039
1.68205
1.68367
1.68491
1.68562
1.6859
1.68616
1.687
1.68905
1.6927
1.69796
1.7044
1.71137
1.71821
1.72439
1.72966
1.73394
1.7373
1.73989
1.74188
1.74343
1.74466
1.74567
1.74654
1.74731
1.74803
1.74872
1.7494
1.75008
1.75079
1.75153
1.7523
1.75311
1.75395
1.7548
1.75563
1.75639
1.75704
1.75749
1.75765
1.75739
1.75655
1.75495
1.75239
1.74871
1.74382
1.73785
1.73122
1.72462
1.71891
1.71478
1.71243
1.71153
1.71147
1.7118
1.71255
1.71419
1.7174
1.72265
1.72992
1.7387
1.74815
1.75738
1.76574
1.77282
1.77853
1.78293
1.78623
1.78864
1.79037
1.7916
1.79246
1.79304
1.79344
1.79373
1.79399
1.79428
1.7947
1.79528
1.79607
1.79709
1.7983
1.79971
1.80128
1.80299
1.80485
1.80684
1.80893
1.81106
1.81312
1.81496
1.81639
1.81721
1.81721
1.81622
1.81412
1.8109
1.80668
1.80179
1.79669
1.79195
1.78804
1.78514
1.7831
1.78156
1.78016
1.77881
1.77773
1.77734
1.77805
1.78005
1.78326
1.78741
1.79218
1.79724
1.8023
1.80704
1.81112
1.8142
1.81597
1.81615
1.81459
1.81122
1.80617
1.79982
1.79284
1.78619
1.78098
1.77817
1.7783
1.78131
1.78654
1.79302
1.79974
1.80593
1.81114
1.81521
1.81816
1.82012
1.82125
1.82169
1.82154
1.82087
1.81971
1.81806
1.81589
1.81313
1.80972
1.80567
1.80103
1.79604
1.79111
1.78686
1.78397
1.78298
1.78407
1.78703
1.79127
1.79611
1.80093
1.8053
1.80901
1.81198
1.81425
1.8159
1.817
1.81764
1.81789
1.81779
1.81738
1.81668
1.81571
1.81446
1.8129
1.811
1.80873
1.80607
1.80309
1.79997
1.79708
1.79494
1.79411
1.795
1.79767
1.80174
1.80648
1.81109
1.8149
1.81752
1.81885
1.81902
1.8183
1.81699
1.81531
1.81336
1.81111
1.80847
1.80536
1.80182
1.79814
1.79486
1.79273
1.79248
1.79446
1.79848
1.80387
1.80977
1.81548
1.82056
1.82487
1.82843
1.83135
1.83377
1.83585
1.83774
1.83959
1.84153
1.84365
1.84597
1.84848
1.85107
1.85361
1.85599
1.85809
1.85985
1.86124
1.86226
1.86292
1.86328
1.86336
1.8632
1.86283
1.86228
1.86158
1.86077
1.85988
1.85899
1.85818
1.85753
1.85712
1.85696
1.85699
1.85702
1.85681
1.85604
1.85444
1.85182
1.84807
1.84321
1.83739
1.83087
1.82407
1.81753
1.81191
1.80789
1.80603
1.80667
1.80985
1.8153
1.82247
1.83074
1.83954
1.8484
1.85696
1.86484
1.8717
1.87718
1.88103
1.88308
1.88332
1.8818
1.87868
1.87416
1.86851
1.86202
1.85502
1.84789
1.84102
1.83476
1.82945
1.82528
1.82233
1.82052
1.81968
1.81957
1.81997
1.82071
1.82168
1.82281
1.82407
1.82544
1.8269
1.82844
1.83
1.83154
1.83302
1.8344
1.83563
1.83668
1.83754
1.83821
1.83868
1.83897
1.8391
1.83909
1.83895
1.8387
1.83837
1.83795
1.83744
1.83684
1.83612
1.83525
1.83418
1.83285
1.83117
1.82907
1.82644
1.82322
1.81939
1.815
1.81026
1.80553
1.8013
1.7982
1.79679
1.79744
1.80013
1.80447
1.8098
1.81542
1.82072
1.8253
1.82899
1.83175
1.83366
1.83484
1.83544
1.83562
1.83554
1.83531
1.83506
1.83487
1.83476
1.83474
1.83477
1.83475
1.83459
1.83416
1.83333
1.83199
1.83004
1.82738
1.82397
1.81978
1.81485
1.80926
1.80322
1.79706
1.79133
1.78673
1.78405
1.78393
1.78666
1.79201
1.79937
1.8079
1.8168
1.82543
1.83338
1.84041
1.84638
1.85122
1.85488
1.8573
1.85842
1.85814
1.85639
1.85316
1.84856
1.84294
1.83692
1.83137
1.82725
1.82525
1.82555
1.82773
1.83101
1.83453
1.83765
1.83999
1.84146
1.84215
1.84223
1.84192
1.84143
1.84095
1.84061
1.84048
1.84058
1.84088
1.84131
1.84181
1.84227
1.84263
1.84282
1.8428
1.84252
1.84199
1.84119
1.84015
1.8389
1.83751
1.83605
1.83462
1.83333
1.83228
1.83155
1.83122
1.83132
1.83186
1.8328
1.83411
1.83572
1.83755
1.83953
1.8416
1.8437
1.84577
1.84777
1.84966
1.85143
1.85305
1.85452
1.85582
1.85696
1.85791
1.85868
1.85925
1.85958
1.85966
1.85943
1.85884
1.85783
1.85637
1.8544
1.85194
1.84903
1.84577
1.84231
1.83886
1.8357
1.83308
1.83127
1.83049
1.83087
1.83243
1.83505
1.83849
1.84237
1.84627
1.84977
1.85251
1.85424
1.85487
1.8545
1.85341
1.85198
1.85058
1.8495
1.84876
1.84815
1.8473
1.84576
1.84326
1.83978
1.83565
1.83155
1.8283
1.82654
1.82651
1.82786
1.82987
1.83165
1.83249
1.83195
1.82997
1.8269
1.82345
1.82058
1.81925
1.82005
1.82301
1.8276
1.83298
1.83832
1.84302
1.8467
1.84923
1.85058
1.85082
1.85
1.84818
1.84543
1.84179
1.83735
1.83226
1.82671
1.82102
1.81558
1.81081
1.80705
1.80452
1.80323
1.80302
1.80362
1.80473
1.8061
1.80758
1.80905
1.81047
1.81184
1.81312
1.81429
1.8153
1.81609
1.81657
1.81663
1.81614
1.81493
1.81285
1.80971
1.80533
1.79962
1.79258
1.78446
1.77586
1.76768
1.76105
1.75691
1.75564
1.7569
1.75972
1.76297
1.76568
1.76727
1.76768
1.76721
1.7665
1.76625
1.767
1.76895
1.7719
1.77537
1.77886
1.78193
1.78433
1.78593
1.7867
1.78656
1.78543
1.78312
1.7794
1.774
1.76678
1.7578
1.74753
1.73696
1.72749
1.72065
1.71747
1.71812
1.72186
1.72742
1.73355
1.73929
1.74415
1.74791
1.75062
1.7524
1.75345
1.75399
1.75425
1.75441
1.75456
1.75468
1.75465
1.75434
1.75358
1.75227
1.75039
1.74794
1.74502
1.74172
1.73813
1.73437
1.73054
1.72674
1.72315
1.71995
1.71737
1.71566
1.71499
1.71544
1.71695
1.71934
1.72231
1.72554
1.72873
1.7316
1.73397
1.73572
1.73673
1.73694
1.73625
1.73455
1.73166
1.7274
1.72153
1.71386
1.70435
1.69329
1.68163
1.67117
1.66436
1.66337
1.66875
1.67896
1.69115
1.70259
1.71152
1.71727
1.71994
1.72009
1.71856
1.71635
1.71444
1.71359
1.71412
1.71588
1.71837
1.72094
1.72307
1.72449
1.72518
1.72529
1.72513
1.72496
1.72497
1.72517
1.72543
1.72544
1.72484
1.72328
1.72051
1.71646
1.71128
1.70541
1.6995
1.69432
1.69062
1.6889
1.6894
1.69204
1.69659
1.70268
1.70987
1.71761
1.72531
1.73241
1.73846
1.74318
1.7465
1.7485
1.74939
1.74945
1.74894
1.7481
1.7471
1.74599
1.74478
1.74346
1.74203
1.74061
1.73939
1.73859
1.73839
1.73886
1.73995
1.74149
1.74329
1.74514
1.7469
1.74848
1.74981
1.75085
1.75153
1.75184
1.75172
1.75117
1.75017
1.74874
1.74692
1.74482
1.74254
1.74029
1.7383
1.73683
1.73615
1.73647
1.73789
1.74038
1.74376
1.74777
1.75211
1.75649
1.76068
1.76452
1.76794
1.7709
1.77341
1.7755
1.77721
1.77859
1.77968
1.78052
1.78113
1.78155
1.78181
1.78191
1.78189
1.78179
1.78163
1.78146
1.78132
1.78122
1.78118
1.78116
1.78112
1.78098
1.78066
1.78011
1.77933
1.77835
1.77725
1.77612
1.77497
1.77368
1.77201
1.76969
1.76657
1.7629
1.75948
1.75756
1.75842
1.76273
1.77016
1.77957
1.78955
1.79897
1.80719
1.81394
1.81921
1.82308
1.82565
1.82699
1.82717
1.82621
1.82415
1.82103
1.81687
1.81171
1.80558
1.79861
1.79117
1.78398
1.77825
1.77539
1.77634
1.781
1.7881
1.79581
1.80246
1.80701
1.80915
1.80905
1.80719
1.80422
1.80084
1.7977
1.79531
1.79403
1.79396
1.79503
1.79703
1.79968
1.8027
1.80588
1.80904
1.81203
1.81473
1.81704
1.81887
1.82014
1.82085
1.82099
1.82061
1.8198
1.81866
1.8173
1.81585
1.81444
1.8132
1.81222
1.81158
1.8113
1.81136
1.81172
1.81228
1.81294
1.81359
1.81412
1.81443
1.81445
1.81412
1.81338
1.8122
1.81054
1.80837
1.80566
1.80233
1.79831
1.79354
1.78799
1.78174
1.77514
1.76882
1.76369
1.76069
1.76042
1.76281
1.76715
1.77238
1.77751
1.78189
1.78522
1.78748
1.78883
1.78946
1.78955
1.78926
1.78869
1.7879
1.78689
1.78566
1.78418
1.78244
1.7804
1.77808
1.77553
1.77281
1.77007
1.76748
1.76522
1.76349
1.76242
1.76208
1.76244
1.76339
1.76475
1.76634
1.76799
1.76956
1.77094
1.7721
1.77301
1.7737
1.77422
1.7746
1.77489
1.77507
1.77512
1.775
1.77467
1.77411
1.77338
1.77256
1.77179
1.77119
1.77084
1.77074
1.77078
1.77078
1.77048
1.7696
1.7679
1.7652
1.76143
1.75671
1.75142
1.7462
1.74196
1.73955
1.73946
1.74146
1.74472
1.74804
1.75037
1.75112
1.75024
1.74821
1.74578
1.74367
1.7423
1.74164
1.74138
1.74113
1.74069
1.74006
1.73944
1.7391
1.73929
1.74014
1.74173
1.744
1.74681
1.74994
1.75312
1.7561
1.75864
1.76057
1.76178
1.76226
1.76201
1.7611
1.7596
1.75759
1.75517
1.75241
1.7494
1.74623
1.74298
1.73976
1.73671
1.73396
1.73169
1.73006
1.7292
1.72921
1.73011
1.7318
1.73414
1.7369
1.73985
1.74279
1.74553
1.74793
1.74992
1.75145
1.75248
1.75303
1.75306
1.75257
1.75151
1.7498
1.74731
1.74383
1.73909
1.73272
1.72437
1.71387
1.70155
1.68872
1.67775
1.67144
1.67147
1.67725
1.68626
1.69558
1.70315
1.70808
1.71035
1.7104
1.70882
1.70625
1.70326
1.70037
1.69799
1.69645
1.69595
1.69655
1.69821
1.70078
1.70404
1.70776
1.71168
1.7156
1.71935
1.72281
1.72592
1.72863
1.73096
1.73292
1.73454
1.73586
1.73693
1.73776
1.73841
1.7389
1.73925
1.73949
1.73964
1.73972
1.73974
1.73974
1.73973
1.73976
1.73986
1.74007
1.74043
1.74097
1.74169
1.7426
1.74368
1.74485
1.74607
1.74726
1.74832
1.74918
1.74981
1.75017
1.75029
1.75021
1.75004
1.74986
1.74973
1.74963
1.74937
1.74864
1.74694
1.74376
1.73868
1.73166
1.72328
1.71484
1.70817
1.70505
1.70647
1.71222
1.72098
1.73088
1.74006
1.74715
1.75142
1.75277
1.75164
1.74883
1.7454
1.74238
1.74065
1.74066
1.7424
1.74545
1.74918
1.75295
1.75627
1.75886
1.7607
1.76188
1.76262
1.76312
1.76355
1.764
1.76452
1.76514
1.76593
1.76697
1.76831
1.76996
1.77186
1.77388
1.77589
1.7778
1.77964
1.7815
1.78354
1.78587
1.78853
1.79146
1.79447
1.79735
1.79986
1.8018
1.80298
1.80329
1.80262
1.80088
1.79802
1.79404
1.78902
1.78322
1.77709
1.77128
1.7666
1.7638
1.76341
1.76557
1.76995
1.77593
1.78269
1.78946
1.79563
1.80081
1.80484
1.80777
1.80975
1.81099
1.81168
1.81196
1.81186
1.81131
1.81017
1.80829
1.80553
1.80186
1.79739
1.79244
1.78752
1.78324
1.78014
1.77856
1.77852
1.77976
1.78182
1.78402
1.78552
1.78533
1.78262
1.7771
1.7694
1.76128
1.75536
1.75431
1.75955
1.77034
1.78419
1.79813
1.80996
1.8187
1.82437
1.82759
1.82928
1.83035
1.83162
1.83368
1.83682
1.84107
1.84621
1.85192
1.85781
1.86358
1.869
1.87395
1.87839
1.88233
1.88581
1.88888
1.89158
1.89393
1.89594
1.89759
1.89883
1.8996
1.89987
1.89963
1.89894
1.89798
1.897
1.89633
1.89631
1.89721
1.89914
1.90203
1.90563
1.90959
1.91346
1.91683
1.91927
1.92044
1.92002
1.9178
1.91361
1.90733
1.89887
1.88817
1.8751
1.85955
1.8415
1.82132
1.80023
1.78071
1.76626
1.76023
1.76422
1.77729
1.7965
1.8183
1.83967
1.85856
1.87383
1.88499
1.89199
1.89507
1.89469
1.89153
1.8865
1.88067
1.87518
1.87103
1.86887
1.86884
1.87059
1.87341
1.8765
1.8792
1.88106
1.88188
1.88166
1.88049
1.87852
1.87593
1.87287
1.86944
1.86576
1.86189
1.85793
1.85394
1.85005
1.84638
1.84309
1.84032
1.83821
1.8368
1.83608
1.83593
1.83619
1.83668
1.83725
1.83779
1.8383
1.83881
1.83941
1.84019
1.8412
1.8424
1.84369
1.8449
1.84579
1.84616
1.84581
1.84462
1.84255
1.83961
1.83591
1.83155
1.82664
1.82132
1.81575
1.81022
1.80509
1.80083
1.79776
1.79594
1.79509
1.79479
1.79466
1.79455
1.79464
1.79526
1.7967
1.79904
1.80214
1.8057
1.80935
1.81281
1.81594
1.81872
1.82125
1.82372
1.82629
1.82909
1.83213
1.83537
1.8387
1.84197
1.84505
1.84782
1.85019
1.85209
1.85345
1.85424
1.85439
1.85386
1.8526
1.85059
1.84786
1.84451
1.84069
1.83663
1.83258
1.82878
1.82539
1.82253
1.82027
1.81871
1.81801
1.81833
1.81974
1.82211
1.8251
1.82821
1.83088
1.83266
1.83323
1.83246
1.83042
1.82731
1.82348
1.81937
1.81547
1.81227
1.81018
1.80948
1.81027
1.81245
1.81573
1.81968
1.82387
1.82792
1.83154
1.83459
1.837
1.83879
1.83996
1.84053
1.84052
1.83992
1.83874
1.83703
1.83487
1.83238
1.82971
1.82701
1.82444
1.8221
1.82004
1.81827
1.81673
1.81534
1.81401
1.81268
1.81137
1.81014
1.80914
1.80854
1.80851
1.80914
1.81047
1.81243
1.8149
1.81774
1.82078
1.82385
1.8268
1.82945
1.83165
1.83324
1.8341
1.83414
1.83328
1.83151
1.82888
1.82551
1.82164
1.81761
1.81383
1.81076
1.8088
1.80819
1.80897
1.81096
1.81385
1.81721
1.82063
1.82372
1.82617
1.82783
1.82864
1.8287
1.82817
1.82725
1.82609
1.8248
1.82341
1.82198
1.82058
1.81939
1.81857
1.81828
1.81857
1.81936
1.82046
1.82165
1.82271
1.82348
1.82391
1.82395
1.82365
1.82308
1.82232
1.8215
1.82073
1.82009
1.81959
1.81911
1.81843
1.81722
1.81512
1.81182
1.80717
1.80126
1.79447
1.78747
1.78114
1.77637
1.77381
1.7737
1.77579
1.77946
1.784
1.78876
1.79332
1.79744
1.80099
1.80386
1.806
1.80744
1.80834
1.80899
1.8097
1.81065
1.81187
1.8132
1.81447
1.8156
1.81668
1.81791
1.81953
1.82168
1.8243
1.82717
1.82997
1.83233
1.83397
1.83468
1.83436
1.83295
1.83046
1.8269
1.82238
1.81705
1.81117
1.80505
1.799
1.79327
1.78807
1.78356
1.77993
1.77735
1.77595
1.77574
1.77657
1.77818
1.78032
1.78289
1.78599
1.7899
1.79488
1.80101
1.80804
1.81551
1.82285
1.82957
1.83536
1.84006
1.84365
1.84618
1.84772
1.84834
1.84811
1.84706
1.84521
1.8426
1.83926
1.83527
1.83074
1.82582
1.82072
1.81567
1.81089
1.80657
1.80277
1.79951
1.79668
1.79416
1.79181
1.78958
1.78749
1.78565
1.78416
1.78312
1.78255
1.78243
1.78271
1.78341
1.78456
1.78614
1.78807
1.79012
1.79197
1.7933
1.79389
1.79365
1.79272
1.79138
1.79003
1.78907
1.78879
1.78933
1.79063
1.7925
1.79466
1.79686
1.79887
1.80056
1.80185
1.80269
1.80306
1.80292
1.80223
1.8009
1.79881
1.79583
1.79184
1.78684
1.78101
1.77488
1.76933
1.76545
1.76412
1.7656
1.76937
1.77434
1.77932
1.78342
1.78622
1.78773
1.78828
1.78831
1.78825
1.7884
1.78885
1.78948
1.79006
1.79027
1.78987
1.7887
1.78672
1.78402
1.78081
1.77737
1.77397
1.77087
1.76818
1.76592
1.764
1.76229
1.76074
1.7594
1.75843
1.75807
1.75855
1.76004
1.76258
1.76611
1.77045
1.77538
1.78064
1.78596
1.79111
1.79588
1.80014
1.80382
1.80688
1.80935
1.81126
1.8127
1.81373
1.81445
1.81493
1.81525
1.81545
1.81556
1.81557
1.81548
1.81523
1.81477
1.81404
1.81301
1.81167
1.81004
1.8082
1.80631
1.80456
1.80318
1.80238
1.80232
1.80305
1.80449
1.80649
1.80884
1.81134
1.81381
1.81614
1.81827
1.82017
1.82185
1.82333
1.82464
1.82578
1.82678
1.82766
1.82842
1.82907
1.8296
1.83001
1.83025
1.83027
1.82999
1.82932
1.82816
1.82639
1.82395
1.82078
1.8169
1.81241
1.80751
1.80249
1.79771
1.79356
1.79036
1.78833
1.78752
1.78779
1.78885
1.79032
1.7918
1.79296
1.79357
1.79349
1.79271
1.7913
1.7894
1.78722
1.78499
1.78301
1.78157
1.78092
1.78124
1.78257
1.78483
1.78779
1.79118
1.79469
1.79803
1.80097
1.80334
1.80506
1.80609
1.80643
1.80614
1.80532
1.80405
1.80246
1.80064
1.79868
1.79665
1.79463
1.79273
1.79109
1.78992
1.78941
1.78976
1.79104
1.79318
1.79597
1.79908
1.8021
1.80462
1.80617
1.80627
1.80436
1.7998
1.79199
1.78071
1.76673
1.75244
1.74169
1.73805
1.74236
1.75219
1.76368
1.77391
1.78163
1.78685
1.7901
1.79193
1.79273
1.79271
1.79197
1.79056
1.78857
1.78616
1.78356
1.78106
1.77901
1.77771
1.77739
1.77815
1.77994
1.78261
1.7859
1.78955
1.79332
1.79702
1.80052
1.80374
1.80664
1.8092
1.8114
1.81323
1.8147
1.81582
1.81662
1.81713
1.8174
1.81748
1.81743
1.81728
1.8171
1.8169
1.81674
1.81666
1.81672
1.817
1.81759
1.81859
1.82007
1.82208
1.8246
1.82755
1.83079
1.83411
1.83725
1.83992
1.84182
1.84266
1.84221
1.84032
1.83696
1.83234
1.82684
1.82106
1.81562
1.81098
1.80725
1.8042
1.80139
1.79842
1.7952
1.79197
1.78925
1.78764
1.78765
1.7895
1.79313
1.79812
1.80385
1.80963
1.81486
1.81919
1.82255
1.82512
1.82728
1.82942
1.83184
1.83461
1.83759
1.84047
1.8429
1.84462
1.84552
1.84567
1.84524
1.8444
1.84331
1.84202
1.84047
1.83857
1.83621
1.83332
1.83
1.82642
1.8229
1.8198
1.81742
1.81594
1.81536
1.81551
1.8161
1.81682
1.81739
1.81762
1.81742
1.81681
1.81586
1.81471
1.81349
1.81232
1.81132
1.81054
1.81
1.8097
1.80958
1.8096
1.8097
1.80982
1.80994
1.81001
1.81002
1.80999
1.80991
1.8098
1.80968
1.80956
1.80946
1.80936
1.80927
1.80916
1.80901
1.80877
1.80842
1.80789
1.80714
1.80614
1.80485
1.80327
1.80141
1.79933
1.79707
1.7947
1.7922
1.78955
1.78664
1.78341
1.77993
1.7765
1.77366
1.77208
1.77218
1.77391
1.7767
1.77965
1.78197
1.78318
1.78324
1.78245
1.78129
1.78021
1.77949
1.77917
1.77909
1.77901
1.77879
1.77837
1.7779
1.77761
1.7778
1.77874
1.78063
1.78351
1.78728
1.79162
1.79615
1.80041
1.80403
1.8067
1.80827
1.8087
1.80803
1.8064
1.80398
1.80097
1.79756
1.79396
1.79033
1.78682
1.78357
1.7807
1.7784
1.7769
1.77648
1.77739
1.77975
1.78346
1.78822
1.79357
1.799
1.80409
1.80851
1.81202
1.81449
1.8158
1.81587
1.81463
1.8121
1.80842
1.80392
1.79917
1.79497
1.79222
1.79163
1.79348
1.79754
1.80312
1.80935
1.81545
1.82082
1.82514
1.82828
1.83025
1.83114
1.83108
1.83022
1.82872
1.82673
1.82439
1.82185
1.8192
1.81655
1.81399
1.81158
1.80942
1.8076
1.80623
1.80543
1.80526
1.80575
1.80686
1.80847
1.81039
1.81242
1.81433
1.8159
1.81699
1.81748
1.81731
1.81649
1.8151
1.81326
1.81113
1.80889
1.80674
1.80486
1.80337
1.80234
1.80178
1.80164
1.80186
1.80237
1.8031
1.80405
1.80522
1.80662
1.80828
1.81018
1.81228
1.8145
1.8167
1.81874
1.82047
1.82179
1.82267
1.82318
1.82352
1.82395
1.82477
1.82621
1.82837
1.83118
1.83444
1.83788
1.84122
1.84424
1.84677
1.84871
1.84999
1.85054
1.85029
1.84917
1.84707
1.84391
1.83964
1.83428
1.82802
1.82129
1.8148
1.80948
1.80628
1.8058
1.80799
1.8121
1.81694
1.82129
1.82423
1.82528
1.82439
1.82183
1.8181
1.81374
1.80931
1.80526
1.80192
1.79949
1.7981
1.7978
1.79863
1.80057
1.80356
1.80752
1.81229
1.81767
1.82338
1.8291
1.83447
1.83914
1.84277
1.84504
1.84564
1.84434
1.84107
1.83607
1.83003
1.82421
1.82018
1.81926
1.82193
1.82753
1.83469
1.84191
1.84811
1.85267
1.85543
1.85645
1.85589
1.85392
1.85072
1.84643
1.84123
1.8353
1.82888
1.82229
1.81592
1.81017
1.8054
1.80185
1.7996
1.79853
1.7984
1.79893
1.79982
1.80086
1.80187
1.80277
1.8035
1.80407
1.80453
1.80494
1.80542
1.80604
1.80687
1.80791
1.80915
1.81051
1.81191
1.81327
1.81447
1.81542
1.816
1.81613
1.81576
1.81489
1.81364
1.81222
1.81091
1.81004
1.80986
1.81051
1.81195
1.81396
1.81627
1.81853
1.8205
1.82198
1.82287
1.82315
1.82281
1.82186
1.82027
1.81798
1.81489
1.81087
1.80578
1.79962
1.79252
1.7849
1.77748
1.77114
1.7667
1.76462
1.76479
1.76666
1.76946
1.7725
1.7753
1.77761
1.77936
1.78057
1.78129
1.78158
1.7815
1.78112
1.78048
1.77967
1.77876
1.77783
1.77698
1.77626
1.77574
1.77545
1.7754
1.77555
1.77585
1.77625
1.77666
1.77703
1.77729
1.77741
1.77735
1.77714
1.77677
1.7763
1.77575
1.77516
1.77454
1.77387
1.77309
1.77207
1.77063
1.7685
1.76536
1.76089
1.75492
1.74756
1.73943
1.73176
1.72605
1.72349
1.72429
1.72759
1.73205
1.73649
1.74041
1.74385
1.74717
1.75072
1.75471
1.75909
1.76367
1.76816
1.77226
1.77575
1.77845
1.78025
1.78109
1.78097
1.77989
1.77789
1.77508
1.7716
1.7677
1.76372
1.76004
1.75704
1.75501
1.75409
1.75422
1.75516
1.75663
1.75834
1.76005
1.76164
1.76305
1.76429
1.7654
1.76642
1.76736
1.76823
1.76904
1.76976
1.7704
1.77096
1.77148
1.77197
1.77246
1.77294
1.77342
1.77384
1.77416
1.77433
1.77429
1.77403
1.77354
1.77288
1.77212
1.77134
1.77061
1.76993
1.76925
1.76846
1.76739
1.76589
1.76385
1.76125
1.75818
1.75484
1.75154
1.74864
1.74653
1.74556
1.74597
1.74781
1.75094
1.75507
1.75979
1.76466
1.76932
1.77349
1.77698
1.77974
1.78177
1.78313
1.78391
1.78424
1.78423
1.78399
1.78361
1.78318
1.78272
1.78228
1.78183
1.78136
1.78085
1.78025
1.77954
1.77872
1.77777
1.77672
1.77563
1.77457
1.77364
1.77293
1.77254
1.77255
1.77297
1.77378
1.77489
1.77617
1.77748
1.77867
1.77963
1.78025
1.78048
1.78027
1.77961
1.77852
1.77703
1.77519
1.7731
1.77088
1.7687
1.76674
1.76523
1.76438
1.76435
1.76527
1.76718
1.77002
1.77365
1.77789
1.78251
1.78729
1.79203
1.79654
1.80069
1.80434
1.80739
1.80974
1.8113
1.81202
1.81189
1.81092
1.80923
1.807
1.80446
1.80186
1.79939
1.79715
1.79514
1.79329
1.79151
1.78981
1.78834
1.78733
1.78702
1.78751
1.78871
1.79026
1.79169
1.79256
1.79267
1.79225
1.79192
1.79248
1.79456
1.79825
1.8031
1.80825
1.81286
1.81633
1.81839
1.81905
1.81852
1.81717
1.8154
1.81366
1.81229
1.8115
1.81133
1.81166
1.81234
1.81326
1.8145
1.81626
1.81876
1.8221
1.82615
1.83058
1.83495
1.83885
1.842
1.84429
1.8457
1.84634
1.84634
1.84583
1.84496
1.84386
1.84268
1.8416
1.84083
1.84058
1.84104
1.84229
1.84432
1.84697
1.84998
1.85305
1.85591
1.85832
1.86014
1.86129
1.86176
1.86158
1.86083
1.85965
1.85821
1.85671
1.85543
1.85463
1.85454
1.85532
1.85696
1.85927
1.86187
1.86427
1.86586
1.86608
1.86444
1.86067
1.85482
1.84741
1.83951
1.8326
1.82829
1.82773
1.83121
1.83804
1.84689
1.85629
1.86508
1.87255
1.87843
1.88271
1.88552
1.88705
1.88747
1.88699
1.88584
1.88428
1.88263
1.88124
1.88043
1.88047
1.88153
1.88361
1.88658
1.89016
1.89399
1.89772
1.90103
1.90368
1.90555
1.9066
1.90689
1.90652
1.90564
1.90439
1.90285
1.90107
1.89901
1.89665
1.89395
1.89091
1.88752
1.88377
1.87962
1.87508
1.87039
1.86615
1.86337
1.86315
1.86615
1.87217
1.88018
1.88877
1.89672
1.90322
1.90799
1.91102
1.91253
1.91279
1.91206
1.91062
1.90868
1.90648
1.90421
1.90204
1.90016
1.89873
1.89787
1.89767
1.8982
1.89942
1.90124
1.90349
1.90594
1.90829
1.91022
1.91142
1.91158
1.91051
1.90808
1.90438
1.89966
1.89446
1.8895
1.88561
1.88355
1.88371
1.88607
1.89014
1.89523
1.90064
1.90581
1.91035
1.91401
1.9167
1.91837
1.91912
1.9191
1.91848
1.91741
1.91588
1.9137
1.91055
1.90612
1.90037
1.89374
1.88725
1.88234
1.88041
1.8823
1.88786
1.89608
1.90555
1.91494
1.92333
1.93021
1.93542
1.93902
1.94118
1.94209
1.94198
1.94102
1.93935
1.9371
1.93431
1.93105
1.92743
1.92365
1.92007
1.91713
1.91536
1.91514
1.91661
1.91959
1.92355
1.92781
1.93163
1.93437
1.93556
1.93494
1.93244
1.92824
1.92269
1.91629
1.90959
1.90313
1.89737
1.89261
1.88899
1.88657
1.88534
1.88528
1.88638
1.88858
1.89174
1.89552
1.8995
1.90317
1.90609
1.908
1.90881
1.90864
1.90776
1.90653
1.90532
1.90446
1.90419
1.90459
1.90561
1.90709
1.90879
1.91048
1.91195
1.91306
1.9137
1.91383
1.91344
1.91254
1.91113
1.90923
1.90684
1.90398
1.90065
1.89686
1.8926
1.8879
1.88279
1.87732
1.87165
1.86601
1.8608
1.85652
1.85374
1.85294
1.85433
1.85779
1.86284
1.86887
1.87519
1.88126
1.88667
1.89117
1.89462
1.897
1.89831
1.89865
1.89813
1.89686
1.895
1.89269
1.89004
1.88716
1.88409
1.88082
1.87735
1.87362
1.86962
1.86534
1.86083
1.85611
1.85113
1.84585
1.84023
1.83445
1.82904
1.82485
1.82273
1.82318
1.82591
1.83001
1.83433
1.83787
1.84008
1.84086
1.84042
1.83918
1.83757
1.83589
1.83426
1.8327
1.83121
1.82998
1.82949
1.83032
1.83292
1.83721
1.84253
1.84782
1.85196
1.85398
1.85315
1.84898
1.8412
1.82989
1.81571
1.8002
1.78582
1.77531
1.77043
1.77095
1.77495
1.78004
1.78449
1.7877
1.78996
1.79195
1.79421
1.79687
1.79965
1.80214
1.80405
1.80533
1.80616
1.80681
1.80749
1.80829
1.8092
1.81014
1.81101
1.81173
1.81222
1.81244
1.81236
1.81192
1.81112
1.80995
1.80843
1.80665
1.80472
1.80285
1.80124
1.80013
1.79968
1.79996
1.80092
1.80239
1.80414
1.8059
1.80744
1.80861
1.8093
1.80948
1.80915
1.80836
1.80716
1.80562
1.80382
1.80182
1.79969
1.7975
1.79529
1.79311
1.79099
1.78893
1.78694
1.785
1.78311
1.78123
1.77935
1.77745
1.77553
1.77358
1.77163
1.76972
1.7679
1.76623
1.76478
1.76362
1.76281
1.76237
1.76233
1.76268
1.76339
1.76443
1.76574
1.76725
1.76891
1.77066
1.77244
1.77418
1.77586
1.77741
1.77882
1.78005
1.78109
1.78193
1.78259
1.78308
1.78343
1.78365
1.78379
1.78386
1.78387
1.78383
1.78374
1.7836
1.78341
1.78318
1.78294
1.7827
1.78248
1.78228
1.7821
1.78194
1.78179
1.78166
1.78157
1.78155
1.78162
1.78178
1.782
1.78222
1.7824
1.78247
1.7824
1.78222
1.78197
1.78175
1.78165
1.78178
1.78223
1.78304
1.78423
1.78577
1.78757
1.78952
1.79146
1.79324
1.7947
1.79568
1.79608
1.79582
1.79491
1.7934
1.79143
1.78918
1.78687
1.78469
1.78277
1.78117
1.77984
1.77863
1.77732
1.77565
1.77335
1.77022
1.76627
1.76182
1.75762
1.75477
1.75432
1.75687
1.76225
1.76957
1.7777
1.78564
1.79279
1.79888
1.80389
1.80794
1.81118
1.81376
1.81578
1.81732
1.81842
1.81908
1.81927
1.81895
1.81801
1.81638
1.81397
1.81072
1.80668
1.80198
1.79692
1.79185
1.78716
1.78308
1.77964
1.77671
1.77406
1.77161
1.76952
1.76814
1.76785
1.76886
1.77111
1.77424
1.77775
1.78121
1.78431
1.78694
1.78913
1.79101
1.79276
1.79455
1.79649
1.7986
1.80085
1.80314
1.80534
1.8073
1.80887
1.80992
1.81036
1.81009
1.80906
1.80728
1.8048
1.80174
1.7983
1.79475
1.79136
1.78835
1.78585
1.78379
1.782
1.78025
1.77831
1.77604
1.77343
1.77058
1.76766
1.7649
1.7625
1.76062
1.75934
1.75867
1.7586
1.75906
1.75998
1.76129
1.76288
1.76465
1.76645
1.76813
1.76953
1.77049
1.77089
1.77064
1.7697
1.76805
1.76574
1.76286
1.75956
1.75601
1.75245
1.7491
1.74617
1.74382
1.7421
1.74103
1.74049
1.74036
1.74048
1.7407
1.74092
1.74104
1.74103
1.74087
1.74056
1.74012
1.73957
1.73893
1.73823
1.73749
1.73673
1.73596
1.7352
1.73447
1.73377
1.73311
1.73251
1.73198
1.73151
1.73113
1.73084
1.73064
1.73054
1.73055
1.73067
1.7309
1.73124
1.7317
1.73226
1.73294
1.73372
1.73459
1.73554
1.73653
1.73755
1.73854
1.73944
1.74014
1.74053
1.74041
1.73954
1.7376
1.73418
1.72882
1.72113
1.71099
1.69896
1.68671
1.67705
1.673
1.67623
1.68593
1.69943
1.71377
1.72693
1.73798
1.74681
1.75367
1.75894
1.763
1.76613
1.76854
1.7704
1.77178
1.77271
1.7732
1.77324
1.77278
1.7718
1.77028
1.76825
1.76579
1.76301
1.7601
1.75727
1.75469
1.7525
1.75075
1.74939
1.74827
1.74725
1.74623
1.74518
1.74425
1.74367
1.74375
1.74478
1.7469
1.75006
1.75407
1.75863
1.76339
1.76806
1.7724
1.77627
1.77964
1.78257
1.78521
1.78772
1.79028
1.79295
1.79574
1.79853
1.80113
1.80334
1.80497
1.80585
1.80589
1.80504
1.80333
1.80085
1.79774
1.79426
1.79069
1.78738
1.78466
1.78282
1.78202
1.78228
1.78348
1.78537
1.78768
1.79011
1.79242
1.79444
1.79606
1.79726
1.79803
1.7984
1.7984
1.79805
1.79737
1.79635
1.79496
1.79315
1.79086
1.78805
1.7847
1.78084
1.77659
1.77219
1.768
1.76448
1.76213
1.76131
1.76219
1.76462
1.76821
1.77241
1.77666
1.7805
1.78359
1.78578
1.78698
1.78726
1.78669
1.78543
1.78364
1.78152
1.77927
1.77711
1.77521
1.77373
1.77278
1.7724
1.7726
1.77329
1.77439
1.77575
1.77724
1.77873
1.7801
1.78124
1.78207
1.78252
1.78254
1.78209
1.78112
1.7796
1.7775
1.77482
1.77161
1.76801
1.76425
1.76068
1.7577
1.75568
1.75481
1.75507
1.75617
1.75771
1.75919
1.76024
1.76058
1.76009
1.75873
1.75658
1.75376
1.75043
1.74682
1.74316
1.73971
1.73675
1.73451
1.73317
1.73279
1.73338
1.7348
1.73688
1.73938
1.74208
1.74478
1.74731
1.74957
1.75149
1.75304
1.75424
1.75511
1.75569
1.75605
1.75623
1.75631
1.75631
1.75631
1.75631
1.75637
1.75648
1.75665
1.75688
1.75716
1.75749
1.75786
1.75825
1.75864
1.75902
1.75936
1.7596
1.75969
1.75955
1.75909
1.7582
1.75679
1.75478
1.75218
1.74907
1.7457
1.74244
1.73977
1.7382
1.73811
1.73965
1.7427
1.74687
1.75161
1.7564
1.76075
1.76435
1.76709
1.76903
1.77041
1.7716
1.773
1.77499
1.77776
1.78134
1.78556
1.79013
1.79475
1.79913
1.80308
1.80646
1.8092
1.81124
1.81254
1.81305
1.81272
1.81153
1.80949
1.8067
1.80342
1.80003
1.79707
1.79503
1.79423
1.7947
1.79612
1.79797
1.79975
1.80113
1.80202
1.80259
1.80314
1.80398
1.80531
1.80712
1.80919
1.81117
1.81266
1.81327
1.81271
1.81078
1.80742
1.80268
1.79679
1.79013
1.78319
1.77659
1.77102
1.76727
1.76621
1.76863
1.77484
1.78434
1.79587
1.80782
1.81884
1.82809
1.83522
1.84018
1.84309
1.84413
1.84355
1.84174
1.83916
1.83636
1.8338
1.83176
1.83018
1.82872
1.8269
1.82435
1.82112
1.81782
1.81554
1.81539
1.81789
1.82267
1.82864
1.83454
1.8394
1.84272
1.84438
1.8445
1.8433
1.841
1.83775
1.83368
1.82883
1.82327
1.81707
1.81038
1.8035
1.79681
1.79084
1.78613
1.78313
1.78209
1.78299
1.78554
1.78925
1.79362
1.79823
1.80281
1.80725
1.81154
1.81569
1.8197
1.82353
1.82711
1.83035
1.8332
1.83559
1.83752
1.83898
1.83998
1.84052
1.84062
1.84025
1.83938
1.83794
1.83583
1.83294
1.82915
1.82434
1.81848
1.81166
1.80418
1.79658
1.7897
1.78453
1.78205
1.78291
1.78712
1.79402
1.80246
1.81119
1.81917
1.82574
1.83061
1.8337
1.83515
1.83512
1.83388
1.83169
1.82889
1.82584
1.82293
1.82057
1.81909
1.81875
1.8196
1.82153
1.82427
1.82744
1.83066
1.83359
1.83601
1.83782
1.83901
1.83968
1.83997
1.84004
1.84003
1.84002
1.84001
1.83995
1.8397
1.83915
1.83821
1.83683
1.83504
1.83293
1.83068
1.8285
1.82661
1.82517
1.82426
1.82382
1.82366
1.82359
1.82341
1.82303
1.82247
1.82183
1.82127
1.82094
1.82095
1.82133
1.82201
1.82289
1.8238
1.82461
1.82522
1.82558
1.8257
1.82564
1.82545
1.82517
1.82481
1.82436
1.8238
1.82311
1.82232
1.82152
1.82085
1.82048
1.82053
1.82109
1.82213
1.82353
1.82512
1.82672
1.82814
1.82925
1.82996
1.83019
1.82991
1.82908
1.82768
1.82566
1.823
1.81965
1.81562
1.81093
1.80569
1.80009
1.79443
1.78912
1.7846
1.78132
1.77963
1.77971
1.78155
1.78491
1.78937
1.7944
1.79943
1.80403
1.80791
1.81099
1.81345
1.81561
1.8179
1.82072
1.8243
1.82863
1.83349
1.83854
1.84338
1.84771
1.85133
1.85411
1.85603
1.8571
1.85733
1.85676
1.85541
1.85333
1.85056
1.8472
1.8434
1.83934
1.83531
1.83159
1.82848
1.82618
1.82476
1.82416
1.82416
1.82444
1.82465
1.82446
1.82362
1.82201
1.81972
1.81703
1.81448
1.8127
1.81228
1.81352
1.81627
1.81999
1.82391
1.8273
1.82964
1.83076
1.83086
1.83043
1.83018
1.83073
1.83244
1.83529
1.83893
1.84281
1.84646
1.84952
1.8518
1.85328
1.85402
1.85412
1.85368
1.85279
1.85154
1.85
1.84824
1.84632
1.84433
1.84238
1.84055
1.83891
1.83746
1.83608
1.83457
1.83265
1.83001
1.82646
1.82201
1.81694
1.81182
1.80742
1.80461
1.8042
1.80677
1.81241
1.82057
1.83009
1.83961
1.84795
1.85439
1.85869
1.86094
1.86147
1.86068
1.85904
1.85699
1.85491
1.85312
1.8518
1.85104
1.85084
1.85112
1.85177
1.85267
1.8537
1.85471
1.85554
1.85603
1.85602
1.85538
1.85408
1.85223
1.85007
1.84799
1.8464
1.84565
1.84589
1.84699
1.84859
1.85024
1.85148
1.85195
1.85144
1.84982
1.84706
1.84321
1.8384
1.83289
1.82706
1.82143
1.81658
1.81306
1.81123
1.81123
1.81288
1.81578
1.81942
1.82327
1.82693
1.83019
1.83302
1.83553
1.83787
1.8401
1.84215
1.84381
1.84485
1.84519
1.84496
1.84453
1.84436
1.84481
1.84602
1.84783
1.8499
1.85185
1.8534
1.8544
1.85485
1.85486
1.85457
1.85412
1.85363
1.85314
1.85268
1.85221
1.85166
1.85098
1.85007
1.84887
1.84732
1.8454
1.84307
1.84036
1.83731
1.83401
1.83063
1.82736
1.82444
1.82211
1.82052
1.81973
1.81967
1.8201
1.82076
1.82134
1.8216
1.82138
1.82064
1.81941
1.8178
1.81596
1.814
1.81201
1.81003
1.80807
1.80614
1.80425
1.80245
1.80083
1.79944
1.79834
1.79749
1.79686
1.79637
1.79595
1.79559
1.79532
1.79521
1.79535
1.79581
1.79664
1.7978
1.79924
1.80084
1.80249
1.80405
1.80543
1.80654
1.8073
1.80767
1.80758
1.80699
1.80585
1.80415
1.80189
1.79913
1.79602
1.79279
1.78977
1.78736
1.78597
1.78594
1.78747
1.79051
1.79483
1.79998
1.80547
1.81081
1.81561
1.81958
1.82254
1.82444
1.82523
1.82497
1.82373
1.82162
1.81878
1.81544
1.81182
1.80822
1.80491
1.80215
1.80014
1.79902
1.79881
1.79946
1.80082
1.80272
1.80497
1.80738
1.80979
1.81208
1.81419
1.81608
1.81775
1.81921
1.82046
1.82145
1.8221
1.82223
1.8216
1.81988
1.81673
1.8119
1.80546
1.79802
1.7909
1.78587
1.78441
1.78686
1.79216
1.79841
1.80386
1.80743
1.80891
1.80868
1.8075
1.80625
1.80568
1.80626
1.80809
1.81095
1.81445
1.8182
1.82191
1.82541
1.82865
1.83161
1.83431
1.83674
1.83889
1.84079
1.84248
1.84402
1.84548
1.8469
1.84832
1.84968
1.85091
1.85185
1.85235
1.85224
1.8514
1.84978
1.84746
1.84465
1.84171
1.83912
1.83746
1.83722
1.83875
1.8421
1.847
1.8529
1.85906
1.86469
1.86908
1.87165
1.87203
1.87
1.86553
1.85865
1.84941
1.83778
1.82375
1.80756
1.79006
1.77286
1.75812
1.7479
1.74351
1.74534
1.75313
1.76612
1.78305
1.80226
1.82191
1.84033
1.85622
1.86877
1.87759
1.88265
1.88429
1.88309
1.8799
1.87567
1.8714
1.86785
1.86548
1.86433
1.8641
1.86436
1.8647
1.86488
1.86486
1.86461
1.86407
1.86305
1.86122
1.8583
1.85418
1.84901
1.84326
1.83761
1.83287
1.82974
1.82864
1.82959
1.83222
1.83591
1.83999
1.84384
1.84702
1.84929
1.85063
1.85115
1.85109
1.85077
1.8505
1.85054
1.85108
1.85215
1.85362
1.8552
1.85651
1.85711
1.85656
1.85454
1.85091
1.84583
1.83979
1.83365
1.82851
1.82544
1.82521
1.82804
1.83355
1.84087
1.84895
1.85681
1.8637
1.86924
1.87329
1.87591
1.87725
1.87749
1.87681
1.87534
1.87318
1.87041
1.86705
1.86313
1.85872
1.85397
1.8491
1.84446
1.84037
1.83714
1.83487
1.83349
1.83278
1.83239
1.83206
1.83156
1.83082
1.82984
1.82874
1.82764
1.82668
1.82602
1.82574
1.8259
1.82647
1.82737
1.82845
1.82954
1.83045
1.83104
1.8312
1.83087
1.83004
1.82873
1.82699
1.82488
1.8225
1.81995
1.81738
1.81495
1.81275
1.81078
1.8089
1.80685
1.80433
1.80106
1.79689
1.79196
1.78662
1.7815
1.77728
1.77448
1.77328
1.7734
1.77431
1.77544
1.77641
1.77708
1.77753
1.77799
1.77863
1.77958
1.78084
1.78229
1.78379
1.78515
1.78625
1.78697
1.78729
1.7872
1.78675
1.78598
1.78498
1.78381
1.78255
1.78126
1.78002
1.77887
1.77785
1.77702
1.77639
1.77599
1.77583
1.7759
1.77617
1.77662
1.77718
1.77781
1.77846
1.77908
1.77962
1.78004
1.78029
1.78031
1.78004
1.77942
1.77841
1.77699
1.77519
1.77309
1.77084
1.76863
1.76666
1.76513
1.76422
1.76409
1.76483
1.76656
1.76932
1.77308
1.77772
1.78303
1.78872
1.79446
1.79997
1.80499
1.80933
1.81288
1.81557
1.8174
1.81842
1.81872
1.81848
1.81791
1.81732
1.81699
1.81716
1.81797
1.81934
1.82098
1.82243
1.82312
1.82242
1.8198
1.81486
1.80748
1.79787
1.7866
1.77444
1.76214
1.75029
1.73957
1.73119
1.727
1.72879
1.73717
1.75091
1.76754
1.78443
1.79966
1.81231
1.82221
1.82963
1.83501
1.83881
1.8414
1.84305
1.84394
1.84416
1.84373
1.84258
1.84062
1.83771
1.83366
1.8283
1.82147
1.81312
1.80339
1.79274
1.78196
1.77211
1.76422
1.75894
1.75631
1.75585
1.75687
1.75876
1.76118
1.764
1.76722
1.77084
1.77481
1.77903
1.78336
1.78762
1.79166
1.79532
1.79851
1.80112
1.8031
1.80441
1.80502
1.80492
1.80408
1.80251
1.80023
1.79728
1.79371
1.78963
1.78517
1.78047
1.77565
1.77083
1.76607
1.76139
1.75681
1.75243
1.74849
1.74543
1.74387
1.74433
1.74699
1.75151
1.75708
1.76271
1.76751
1.77088
1.77257
1.77256
1.77104
1.76829
1.76471
1.76077
1.75694
1.75371
1.75149
1.75054
1.7509
1.75243
1.75483
1.75771
1.76066
1.76335
1.76556
1.76714
1.76807
1.7684
1.76827
1.76787
1.76742
1.76714
1.76721
1.76776
1.76884
1.77041
1.77238
1.77463
1.77701
1.77941
1.78175
1.78395
1.78597
1.7878
1.78941
1.79078
1.79188
1.79264
1.79297
1.79268
1.79151
1.78907
1.7848
1.77806
1.76826
1.75536
1.74063
1.72718
1.71938
1.72033
1.72958
1.74342
1.75763
1.76952
1.77816
1.78375
1.78684
1.78802
1.78774
1.78637
1.78415
1.78135
1.7782
1.77498
1.77196
1.76941
1.76753
1.7664
1.76605
1.76642
1.76748
1.76917
1.77149
1.77439
1.77777
1.78148
1.78526
1.78883
1.79195
1.79435
1.79588
1.79639
1.79581
1.79411
1.79127
1.78736
1.78251
1.77699
1.77119
1.76569
1.76113
1.75809
1.75687
1.75745
1.75938
1.76197
1.76438
1.76579
1.76544
1.76278
1.75763
1.75046
1.74254
1.73575
1.73181
1.73129
1.73327
1.73608
1.73833
1.7396
1.74038
1.74162
1.74412
1.74822
1.75371
1.76001
1.76645
1.77243
1.77758
1.78173
1.78489
1.78715
1.78867
1.78959
1.79006
1.79022
1.79015
1.78995
1.78967
1.78934
1.78896
1.78856
1.78811
1.7876
1.78703
1.7864
1.78571
1.785
1.78429
1.78361
1.783
1.78247
1.78203
1.78168
1.78142
1.78125
1.78118
1.78124
1.78144
1.78182
1.78238
1.78309
1.78389
1.78467
1.7853
1.78559
1.78541
1.7846
1.78311
1.78094
1.77822
1.77517
1.77213
1.76947
1.76757
1.76671
1.76699
1.76834
1.77047
1.773
1.77552
1.77774
1.77954
1.78094
1.78206
1.78311
1.78425
1.78561
1.78722
1.78906
1.79106
1.7931
1.79509
1.79693
1.79854
1.79987
1.8009
1.80163
1.80207
1.80228
1.80229
1.80218
1.80197
1.80173
1.80147
1.80121
1.80095
1.80068
1.80035
1.79995
1.79942
1.79873
1.79785
1.79676
1.79545
1.79392
1.7922
1.79034
1.78837
1.78634
1.78428
1.78221
1.7801
1.77789
1.77553
1.77292
1.76999
1.76668
1.76302
1.75909
1.75507
1.75127
1.74804
1.7458
1.74486
1.74539
1.74736
1.75052
1.75453
1.75899
1.76355
1.76794
1.77197
1.77553
1.77853
1.78094
1.7827
1.78377
1.78412
1.7837
1.78251
1.78057
1.778
1.77498
1.77179
1.76878
1.7663
1.7646
1.76383
1.76398
1.76493
1.7665
1.76847
1.7706
1.7726
1.77421
1.77511
1.77505
1.77384
1.77141
1.76781
1.7633
1.75829
1.75338
1.74921
1.74639
1.74539
1.74643
1.74955
1.75455
1.76106
1.76851
1.7762
1.78343
1.78962
1.79442
1.79766
1.79938
1.79976
1.79906
1.79764
1.79588
1.79421
1.79306
1.79278
1.79363
1.79573
1.79901
1.80329
1.80825
1.81354
1.81882
1.82378
1.82816
1.83175
1.83437
1.83591
1.83626
1.83539
1.83331
1.83013
1.82608
1.82147
1.81664
1.81188
1.80736
1.80303
1.79875
1.79434
1.78975
1.78522
1.78125
1.77852
1.77776
1.77948
1.78383
1.79053
1.79888
1.80795
1.81672
1.82431
1.83021
1.8344
1.83732
1.83979
1.84263
1.84638
1.85107
1.85635
1.8616
1.86615
1.86939
1.87074
1.86975
1.86615
1.86005
1.85223
1.84424
1.83825
1.83621
1.8389
1.84553
1.85434
1.86354
1.87191
1.8789
1.8844
1.88852
1.89141
1.8932
1.89402
1.89394
1.89303
1.89137
1.88901
1.88601
1.88242
1.87824
1.87343
1.86787
1.86141
1.85387
1.84514
1.8353
1.82474
1.81434
1.80552
1.80003
1.7994
1.80418
1.81355
1.82562
1.83827
1.84979
1.85919
1.86605
1.87033
1.87216
1.87174
1.86931
1.86523
1.86005
1.85454
1.84963
1.84616
1.84454
1.8445
1.84521
1.84561
1.84477
1.84215
1.83778
1.83214
1.82606
1.82057
1.81652
1.81445
1.81436
1.81582
1.81815
1.82059
1.82255
1.82363
1.82365
1.82262
1.82065
1.81795
1.81472
1.8112
1.80758
1.80405
1.80076
1.79781
1.79526
1.7931
1.79124
1.78957
1.78794
1.78622
1.7843
1.78214
1.77977
1.77731
1.77491
1.77277
1.77108
1.76997
1.76947
1.76954
1.77003
1.77077
1.77155
1.77219
1.77254
1.77246
1.77183
1.77051
1.76836
1.76523
1.76101
1.75568
1.74947
1.74295
1.73704
1.73285
1.73127
1.73257
1.73625
1.74126
1.74648
1.75101
1.75437
1.75636
1.75704
1.75656
1.75511
1.75293
1.75024
1.74728
1.74432
1.74161
1.73938
1.73782
1.73701
1.73696
1.73756
1.73865
1.74001
1.74144
1.74276
1.74384
1.74459
1.74498
1.745
1.74467
1.74403
1.74316
1.74213
1.74102
1.73995
1.73901
1.73833
1.73801
1.73814
1.73876
1.73987
1.74143
1.74333
1.74544
1.74759
1.74962
1.75138
1.75272
1.75353
1.75376
1.7534
1.75247
1.75108
1.74939
1.74761
1.74599
1.74475
1.74409
1.74417
1.74505
1.74674
1.74918
1.75226
1.7558
1.7596
1.76342
1.76703
1.77024
1.77293
1.77502
1.77649
1.77734
1.77763
1.77743
1.77681
1.7759
1.77486
1.77388
1.7732
1.77308
1.7737
1.77516
1.77739
1.78019
1.78328
1.78636
1.78926
1.79191
1.7944
1.79688
1.79947
1.8022
1.80494
1.80741
1.80923
1.81001
1.80939
1.80709
1.80293
1.79684
1.78894
1.77958
1.76942
1.75944
1.75089
1.74504
1.74285
1.74474
1.75046
1.7592
1.76991
1.78156
1.79332
1.80459
1.81495
1.82414
1.83198
1.83836
1.84325
1.84662
1.84851
1.84896
1.84803
1.84583
1.84252
1.8383
1.83346
1.82829
1.82307
1.81797
1.81302
1.8081
1.80296
1.79732
1.79088
1.78358
1.77576
1.76828
1.76234
1.75909
1.75905
1.76192
1.76663
1.77172
1.77578
1.77787
1.77765
1.77546
1.77214
1.76886
1.76683
1.76701
1.76978
1.77488
1.78156
1.78885
1.79585
1.80195
1.80682
1.81035
1.81259
1.8137
1.81382
1.81312
1.81171
1.8097
1.80712
1.80402
1.8004
1.79631
1.79182
1.78706
1.78227
1.77774
1.77384
1.77093
1.7693
1.76907
1.77019
1.77241
1.77536
1.77864
1.78188
1.78478
1.78717
1.78895
1.7901
1.79067
1.79069
1.79025
1.78942
1.78826
1.78685
1.78524
1.7835
1.7817
1.77991
1.7782
1.77663
1.77528
1.77419
1.77335
1.77272
1.77224
1.77176
1.77116
1.77032
1.76916
1.76766
1.7659
1.76401
1.76213
1.76036
1.75873
1.75714
1.75541
1.75339
1.75103
1.7484
1.7457
1.74322
1.74121
1.73989
1.73939
1.73979
1.74115
1.74348
1.74671
1.75062
1.75488
1.75903
1.76254
1.76487
1.76551
1.76402
1.76012
1.75375
1.74519
1.73517
1.72494
1.71614
1.71044
1.709
1.71196
1.71847
1.72705
1.73631
1.74523
1.75325
1.76007
1.76552
1.76954
1.77215
1.77343
1.77357
1.77282
1.77148
1.76989
1.76835
1.76708
1.76615
1.76544
1.76468
1.76345
1.76126
1.75772
1.75262
1.74622
1.73936
1.73345
1.73007
1.73023
1.73381
1.7396
1.746
1.75163
1.75573
1.75807
1.75876
1.7581
1.75639
1.75387
1.75069
1.74696
1.74275
1.73828
1.73403
1.73075
1.72934
1.73049
1.73432
1.74029
1.74738
1.7545
1.7608
1.76581
1.76935
1.77148
1.77237
1.7723
1.77159
1.77063
1.7698
1.76949
1.76995
1.77125
1.77326
1.77568
1.77812
1.78018
1.78155
1.782
1.78144
1.7799
1.77754
1.77464
1.77162
1.76892
1.767
1.7662
1.76668
1.7684
1.77114
1.77458
1.77842
1.78237
1.78622
1.78985
1.79317
1.79614
1.79876
1.80101
1.80291
1.80447
1.8057
1.80662
1.80724
1.80756
1.80761
1.80739
1.80693
1.80623
1.80532
1.80424
1.80302
1.80172
1.80041
1.7992
1.7982
1.79755
1.79741
1.79789
1.79909
1.80104
1.8037
1.80699
1.81081
1.81503
1.81956
1.82432
1.82923
1.83423
1.83921
1.84406
1.84863
1.85277
1.85634
1.85923
1.86137
1.86278
1.86356
1.86388
1.86396
1.86399
1.86407
1.86415
1.864
1.8633
1.86166
1.85876
1.85439
1.84858
1.84155
1.83376
1.82573
1.81786
1.8102
1.80257
1.79483
1.78737
1.78117
1.77745
1.77717
1.78068
1.78778
1.79787
1.80994
1.82265
1.83465
1.84489
1.85283
1.85837
1.86177
1.86345
1.86388
1.86355
1.86285
1.86212
1.86157
1.86133
1.8614
1.86173
1.86221
1.86272
1.86313
1.86338
1.86344
1.86331
1.86304
1.86268
1.86229
1.86187
1.8614
1.86083
1.86007
1.85904
1.85766
1.85587
1.85361
1.85089
1.84773
1.84419
1.84038
1.83645
1.83257
1.82888
1.82548
1.82238
1.8195
1.8167
1.81386
1.81093
1.80796
1.80515
1.8028
1.80122
1.8007
1.80138
1.80317
1.80582
1.80892
1.81201
1.81469
1.81664
1.81761
1.81747
1.81611
1.81348
1.80959
1.80457
1.79873
1.79264
1.78712
1.78306
1.78119
1.78178
1.78455
1.78878
1.79362
1.79833
1.80241
1.80561
1.80787
1.80925
1.80988
1.80991
1.80948
1.80877
1.8079
1.80702
1.80622
1.8056
1.80519
1.80504
1.80514
1.80547
1.80599
1.80665
1.8074
1.80821
1.80902
1.80983
1.81062
1.8114
1.81218
1.81298
1.81381
1.81468
1.81557
1.81642
1.81715
1.81762
1.81765
1.81706
1.81561
1.81315
1.80964
1.80525
1.8005
1.79625
1.79351
1.79315
1.79546
1.80003
1.80598
1.8123
1.81821
1.82323
1.82714
1.82991
1.83154
1.83203
1.83132
1.82934
1.82599
1.8212
1.81502
1.80765
1.79955
1.79142
1.7842
1.7789
1.77644
1.77735
1.78166
1.78876
1.79761
1.80691
1.8154
1.82205
1.82618
1.82745
1.82606
1.82279
1.81912
1.8169
1.8177
1.82194
1.82866
1.83606
1.84237
1.84639
1.84762
1.84611
1.84228
1.83673
1.83025
1.82365
1.81768
1.8129
1.80956
1.80759
1.80668
1.80644
1.80657
1.8069
1.80743
1.80818
1.80922
1.81056
1.8122
1.81416
1.81646
1.81909
1.82194
1.82476
1.8272
1.82885
1.82934
1.82842
1.826
1.82222
1.8175
1.81249
1.80798
1.80468
1.80304
1.80308
1.80447
1.80674
1.80947
1.8124
1.81543
1.81856
1.82178
1.82505
1.82827
1.83132
1.83403
1.83627
1.83793
1.83893
1.83922
1.83878
1.83762
1.83574
1.83322
1.8301
1.82649
1.82248
1.81818
1.8137
1.80911
1.80446
1.79976
1.795
1.79017
1.78538
1.78085
1.77696
1.77422
1.77307
1.77378
1.77631
1.78031
1.78522
1.79047
1.79556
1.80011
1.80389
1.80675
1.80855
1.80914
1.80832
1.80578
1.80127
1.79465
1.78623
1.77695
1.76844
1.76255
1.76055
1.76245
1.76717
1.7732
1.77934
1.7849
1.78965
1.79351
1.79651
1.79865
1.79996
1.80045
1.80015
1.79906
1.79723
1.79469
1.79154
1.78792
1.78408
1.78035
1.77711
1.77465
1.77314
1.77248
1.77241
1.77251
1.77242
1.77189
1.77087
1.76947
1.76787
1.76621
1.76445
1.76237
1.75965
1.75609
1.75185
1.74768
1.74482
1.74453
1.74743
1.75311
1.7603
1.76755
1.7737
1.77815
1.78076
1.78173
1.7814
1.78017
1.77841
1.77638
1.77424
1.77196
1.76939
1.76632
1.7626
1.75824
1.75354
1.74913
1.74587
1.74454
1.74557
1.74885
1.75379
1.75965
1.76569
1.77132
1.77616
1.77994
1.78255
1.78403
1.78456
1.78454
1.78447
1.78496
1.78657
1.78967
1.79437
1.80041
1.80731
1.81447
1.82131
1.82738
1.8324
1.83621
1.83879
1.84015
1.84036
1.8395
1.83768
1.83498
1.83154
1.82747
1.82292
1.81804
1.81301
1.80799
1.80319
1.79882
1.79515
1.79251
1.7912
1.79146
1.79336
1.79674
1.8012
1.80623
1.81133
1.81613
1.82044
1.82413
1.82709
1.82907
1.82969
1.82852
1.82518
1.81963
1.81233
1.80435
1.79734
1.79317
1.79333
1.79829
1.80732
1.81876
1.83079
1.84193
1.85131
1.85859
1.86376
1.86698
1.86845
1.86838
1.86693
1.86426
1.86055
1.85604
1.85105
1.846
1.84135
1.83752
1.83477
1.83315
1.8325
1.83244
1.83257
1.83254
1.83215
1.83142
1.8305
1.82956
1.82869
1.82779
1.82663
1.82495
1.8226
1.8197
1.81662
1.81397
1.81244
1.81265
1.81492
1.81921
1.82512
1.83198
1.83908
1.84577
1.85159
1.85632
1.85989
1.86237
1.86386
1.86446
1.86419
1.86302
1.86084
1.85758
1.85325
1.8481
1.84266
1.83772
1.8342
1.83281
1.83374
1.83664
1.8408
1.84541
1.8499
1.85394
1.85746
1.8605
1.86312
1.86531
1.86696
1.86784
1.86764
1.86607
1.86285
1.85791
1.85141
1.84388
1.83623
1.82961
1.82513
1.82346
1.82464
1.82814
1.8331
1.83862
1.84394
1.84853
1.85202
1.85419
1.85495
1.85428
1.85228
1.84917
1.84528
1.8411
1.83718
1.83403
1.832
1.83116
1.83129
1.83198
1.83279
1.83337
1.83359
1.83346
1.83314
1.83284
1.83278
1.8331
1.8338
1.83472
1.83562
1.83617
1.83609
1.83524
1.83369
1.83172
1.82978
1.82838
1.82789
1.82847
1.83001
1.83219
1.83466
1.83709
1.83928
1.84114
1.84267
1.84391
1.84492
1.84575
1.84643
1.84695
1.84726
1.84724
1.84675
1.84556
1.84345
1.84019
1.83565
1.82988
1.82317
1.81608
1.80932
1.80355
1.79925
1.79662
1.79573
1.79647
1.79854
1.80143
1.80441
1.80681
1.80811
1.80812
1.80697
1.80498
1.8026
1.80025
1.79816
1.79638
1.79472
1.79299
1.79106
1.78902
1.78719
1.78592
1.78552
1.78606
1.78747
1.78955
1.79215
1.79517
1.79861
1.80246
1.80668
1.81112
1.81555
1.81971
1.82337
1.82637
1.82862
1.8301
1.83087
1.83097
1.83049
1.82951
1.82811
1.82634
1.8243
1.82204
1.81965
1.81722
1.81484
1.81256
1.81047
1.80858
1.80689
1.80538
1.80401
1.80273
1.80155
1.80048
1.79959
1.79896
1.79865
1.79868
1.79898
1.79944
1.79994
1.80038
1.80077
1.80122
1.80192
1.8031
1.80493
1.80743
1.81049
1.81389
1.81733
1.82056
1.82338
1.82567
1.82736
1.82843
1.82892
1.82887
1.82834
1.82742
1.82624
1.82493
1.82364
1.82248
1.82155
1.82086
1.82036
1.81994
1.8195
1.81901
1.81855
1.81828
1.81843
1.81915
1.8204
1.82191
1.82327
1.82408
1.82412
1.8235
1.82258
1.82195
1.82219
1.82372
1.8267
1.83095
1.83609
1.84162
1.84707
1.85208
1.8564
1.85992
1.86263
1.86456
1.86583
1.86657
1.86691
1.86701
1.86698
1.86695
1.86698
1.8671
1.8673
1.8675
1.86756
1.86728
1.86646
1.86486
1.86239
1.85913
1.85548
1.85217
1.85002
1.8496
1.85088
1.85311
1.8552
1.85616
1.85549
1.85323
1.84986
1.84607
1.84251
1.83967
1.83783
1.83708
1.83739
1.83877
1.84135
1.84544
1.85139
1.85922
1.86837
1.87778
1.88626
1.89291
1.89729
1.89942
1.89962
1.89838
1.89625
1.89377
1.89138
1.88944
1.88818
1.88771
1.88804
1.88908
1.8907
1.89272
1.89497
1.89722
1.89927
1.90091
1.90196
1.90224
1.90163
1.90005
1.89748
1.89398
1.8897
1.88488
1.87985
1.87502
1.87082
1.86769
1.86594
1.86579
1.86724
1.87017
1.87426
1.87913
1.88432
1.88936
1.89378
1.89717
1.89916
1.89949
1.89801
1.89478
1.8901
1.88449
1.87865
1.87322
1.8685
1.86439
1.86042
1.85604
1.85093
1.84514
1.83924
1.83441
1.83238
1.83478
1.84216
1.85339
1.86624
1.87847
1.88867
1.89634
1.90166
1.90508
1.90713
1.90825
1.90879
1.909
1.90897
1.90874
1.90822
1.90723
1.90552
1.90272
1.89847
1.89239
1.88434
1.87465
1.86435
1.85515
1.84895
1.8469
1.84873
1.85295
1.85775
1.86176
1.86431
1.86529
1.86492
1.86352
1.8614
1.85885
1.85612
1.85341
1.85093
1.84889
1.84751
1.847
1.84753
1.84916
1.85179
1.8552
1.85902
1.86289
1.86648
1.86957
1.87204
1.87391
1.87522
1.87609
1.8766
1.87683
1.87683
1.87659
1.87606
1.8752
1.87391
1.87213
1.86978
1.86686
1.86339
1.85947
1.8553
1.8511
1.84714
1.84367
1.84085
1.83873
1.83727
1.83635
1.83581
1.83551
1.83533
1.83518
1.835
1.83474
1.83441
1.83401
1.83361
1.83329
1.83315
1.83327
1.83372
1.8345
1.8356
1.83691
1.83832
1.83969
1.84087
1.84175
1.84223
1.84223
1.84171
1.84067
1.83912
1.8371
1.83468
1.83194
1.82897
1.82589
1.82281
1.81986
1.81718
1.81493
1.8133
1.81243
1.81243
1.81332
1.81502
1.81733
1.82001
1.82281
1.8255
1.8279
1.82989
1.83143
1.83248
1.83306
1.83322
1.83304
1.83265
1.83218
1.83179
1.83165
1.83187
1.8325
1.8335
1.83477
1.83617
1.83753
1.83871
1.83961
1.84018
1.84046
1.84054
1.84058
1.84079
1.84137
1.84246
1.8441
1.84623
1.84869
1.85128
1.85381
1.85613
1.85809
1.85962
1.86061
1.86098
1.86061
1.85938
1.85721
1.85401
1.84974
1.84436
1.83779
1.82981
1.82001
1.8081
1.7946
1.782
1.77503
1.77849
1.79329
1.81521
1.83821
1.858
1.87301
1.88344
1.89017
1.89407
1.89583
1.89592
1.89464
1.89215
1.88856
1.88396
1.87842
1.87206
1.86504
1.85761
1.85015
1.84319
1.83737
1.83334
1.83158
1.83218
1.83482
1.8389
1.84374
1.84876
1.85356
1.85791
1.86164
1.86466
1.86686
1.86817
1.86855
1.86807
1.86693
1.86546
1.86409
1.86329
1.86344
1.86472
1.86705
1.87012
1.8735
1.87672
1.87937
1.88115
1.88188
1.88151
1.88009
1.87776
1.87474
1.87136
1.868
1.86508
1.86301
1.86208
1.86244
1.86402
1.86655
1.86966
1.87293
1.87598
1.87855
1.88049
1.88174
1.88234
1.88237
1.88195
1.88119
1.88016
1.87895
1.87759
1.87611
1.87453
1.87286
1.87111
1.8693
1.8674
1.86536
1.8631
1.86044
1.85718
1.85306
1.84779
1.84112
1.83288
1.8232
1.8127
1.80269
1.79509
1.79193
1.79436
1.80195
1.81288
1.82479
1.83569
1.84438
1.85038
1.85375
1.8548
1.85404
1.85202
1.84928
1.84631
1.84348
1.84104
1.83909
1.83765
1.83663
1.83591
1.83536
1.83492
1.8346
1.83449
1.83473
1.83544
1.83666
1.8383
1.84014
1.8418
1.84287
1.84289
1.8415
1.83854
1.83422
1.8292
1.82455
1.8215
1.82089
1.82283
1.82661
1.83113
1.83533
1.83852
1.84039
1.84096
1.84041
1.83899
1.83697
1.83459
1.83208
1.82963
1.82742
1.82558
1.82422
1.8234
1.82314
1.8234
1.82409
1.82504
1.82607
1.82689
1.82716
1.82646
1.82426
1.82001
1.81318
1.80358
1.79179
1.77956
1.76967
1.76482
1.76594
1.77157
1.77894
1.78558
1.7902
1.79254
1.79298
1.79212
1.79064
1.78926
1.78871
1.78965
1.79249
1.79726
1.80356
1.81071
1.81799
1.82479
1.83072
1.83563
1.83951
1.84244
1.84458
1.84606
1.84703
1.84758
1.84781
1.84777
1.84749
1.84699
1.84627
1.84531
1.84407
1.84252
1.84059
1.8382
1.83522
1.83153
1.82694
1.82127
1.8144
1.80638
1.79754
1.78863
1.78073
1.77493
1.77191
1.77164
1.77361
1.7772
1.78198
1.7877
1.79408
1.80076
1.80741
1.81382
1.81993
1.82573
1.83113
1.83594
1.83993
1.84287
1.84472
1.84561
1.84586
1.84592
1.84625
1.84721
1.84899
1.85154
1.85459
1.85778
1.86069
1.86294
1.86424
1.86437
1.86324
1.86086
1.85732
1.85285
1.8478
1.84263
1.83787
1.83404
1.83157
1.83069
1.83137
1.83337
1.83629
1.83967
1.84308
1.84615
1.84863
1.85033
1.85119
1.85118
1.85034
1.84877
1.84659
1.84395
1.84101
1.83793
1.83484
1.83182
1.82895
1.82621
1.8236
1.82112
1.81881
1.81683
1.81548
1.81513
1.81617
1.81879
1.82292
1.82815
1.83382
1.83923
1.84377
1.84698
1.84863
1.84868
1.84726
1.84464
1.8413
1.8378
1.83479
1.83284
1.83239
1.8336
1.83636
1.84032
1.84497
1.84979
1.8543
1.85816
1.86118
1.86326
1.86438
1.86457
1.86383
1.8622
1.85971
1.85641
1.8524
1.84788
1.84315
1.83858
1.83464
1.83173
1.83012
1.8299
1.83091
1.83283
1.83529
1.83793
1.84047
1.84272
1.84458
1.84601
1.847
1.84756
1.84772
1.8475
1.84692
1.84599
1.84472
1.84312
1.84124
1.83915
1.83702
1.83508
1.8336
1.83284
1.83293
1.83386
1.8354
1.83718
1.83875
1.83971
1.83984
1.83908
1.83758
1.83559
1.83333
1.83089
1.82816
1.82493
1.82113
1.81696
1.81297
1.80987
1.80824
1.80824
1.80965
1.81206
1.81507
1.81844
1.822
1.8256
1.82902
1.83208
1.8346
1.83652
1.83787
1.83873
1.83922
1.83947
1.83958
1.83961
1.83961
1.83959
1.83954
1.83945
1.8393
1.8391
1.83884
1.83856
1.83827
1.83801
1.8378
1.83768
1.83764
1.8377
1.83785
1.83806
1.8383
1.83852
1.8387
1.83879
1.83876
1.83858
1.83823
1.83768
1.83693
1.83598
1.83483
1.8335
1.83201
1.83042
1.82878
1.82715
1.82562
1.82425
1.82311
1.82224
1.82166
1.82138
1.82137
1.82158
1.82197
1.82251
1.82314
1.82384
1.82459
1.82538
1.8262
1.82706
1.82793
1.82881
1.82969
1.83053
1.83131
1.83199
1.83253
1.83289
1.83303
1.83289
1.83241
1.83152
1.83014
1.82815
1.82542
1.82179
1.81707
1.81108
1.80366
1.79469
1.78417
1.77226
1.75935
1.74628
1.73447
1.72604
1.7232
1.72726
1.73767
1.75222
1.76818
1.78335
1.79654
1.80736
1.8159
1.82246
1.82739
1.83099
1.83351
1.83511
1.83589
1.83588
1.83504
1.83328
1.8305
1.82663
1.82168
1.8159
1.80986
1.80443
1.80064
1.7993
1.80066
1.80423
1.80898
1.81378
1.81763
1.81982
1.81989
1.81755
1.81259
1.80488
1.79451
1.78189
1.76795
1.75417
1.7424
1.73428
1.73075
1.73162
1.73583
1.74193
1.74859
1.75494
1.76056
1.76545
1.76984
1.77399
1.77816
1.78243
1.78679
1.79107
1.7951
1.79868
1.80167
1.80396
1.80554
1.80642
1.80664
1.80625
1.80531
1.80385
1.80187
1.79936
1.79624
1.79245
1.78795
1.78279
1.77719
1.77158
1.76659
1.76289
1.76097
1.76092
1.76236
1.76459
1.7668
1.76824
1.76834
1.76673
1.76317
1.75762
1.75035
1.74213
1.73434
1.72886
1.72738
1.73054
1.7376
1.74678
1.75623
1.76461
1.77129
1.77617
1.77943
1.78135
1.7822
1.78223
1.78161
1.78048
1.77893
1.77702
1.77483
1.7724
1.76979
1.76706
1.76432
1.76165
1.75919
1.75706
1.75539
1.75429
1.75382
1.75398
1.75472
1.75594
1.75751
1.75927
1.76107
1.76278
1.76429
1.76548
1.76627
1.76655
1.76622
1.76516
1.76327
1.76047
1.75677
1.75233
1.74746
1.74261
1.73819
1.73433
1.73077
1.72687
1.7221
1.71661
1.71168
1.70948
1.71192
1.7193
1.73002
1.74158
1.75185
1.75964
1.76457
1.76665
1.76603
1.76281
1.75704
1.74895
1.73916
1.72894
1.72022
1.71491
1.71406
1.71723
1.72282
1.72904
1.73462
1.739
1.74216
1.74432
1.74575
1.74671
1.74738
1.74792
1.74845
1.74908
1.7499
1.75099
1.75238
1.75406
1.75598
1.7581
1.76031
1.76253
1.76469
1.76672
1.76856
1.77019
1.7716
1.77277
1.77373
1.77447
1.77501
1.77537
1.77556
1.77558
1.77544
1.77513
1.77464
1.77397
1.7731
1.77204
1.7708
1.76938
1.76781
1.76602
1.76393
1.76129
1.7578
1.75313
1.74713
1.74007
1.73293
1.72728
1.72475
1.72617
1.7311
1.73816
1.74583
1.75309
1.75954
1.76516
1.77013
1.77457
1.77854
1.78204
1.7851
1.78772
1.78994
1.79183
1.79346
1.7949
1.7962
1.79742
1.7986
1.79976
1.80093
1.80211
1.80332
1.80455
1.80582
1.80711
1.80843
1.80975
1.81107
1.81236
1.81361
1.81477
1.81583
1.81673
1.81745
1.81796
1.81821
1.8182
1.81792
1.8174
1.8167
1.81592
1.8152
1.81468
1.81449
1.81471
1.81537
1.81639
1.81765
1.81896
1.82014
1.82105
1.82158
1.82167
1.82135
1.82066
1.81973
1.81878
1.81812
1.81816
1.81933
1.82198
1.82617
1.83162
1.83771
1.84368
1.8488
1.85253
1.85458
1.85493
1.85375
1.85134
1.84803
1.84415
1.83994
1.83558
1.83126
1.82713
1.8234
1.82021
1.81764
1.81563
1.814
1.81252
1.81094
1.80904
1.80671
1.80388
1.80063
1.79715
1.7939
1.79154
1.79096
1.79301
1.79813
1.80608
1.81598
1.82661
1.83681
1.84579
1.85311
1.85866
1.86254
1.86491
1.86599
1.866
1.86516
1.86367
1.86174
1.85957
1.85738
1.85534
1.85362
1.85236
1.8516
1.85135
1.85152
1.85201
1.85265
1.8533
1.85384
1.85418
1.85428
1.85411
1.85368
1.85299
1.85206
1.85086
1.84936
1.84749
1.84517
1.8423
1.83878
1.83456
1.8296
1.82396
1.81779
1.81129
1.80475
1.79844
1.79264
1.78765
1.78381
1.78148
1.78096
1.78237
1.78552
1.78999
1.79517
1.80045
1.80537
1.80963
1.81312
1.81585
1.8179
1.81938
1.82036
1.82084
1.82076
1.81997
1.81825
1.81534
1.811
1.80514
1.798
1.79029
1.78326
1.77844
1.77698
1.77911
1.78399
1.7902
1.79637
1.80162
1.80559
1.8083
1.80995
1.81081
1.81111
1.81105
1.81076
1.81032
1.80976
1.80909
1.80831
1.80738
1.80629
1.80502
1.80354
1.80187
1.80002
1.79803
1.79597
1.79393
1.79203
1.79038
1.78914
1.7884
1.78827
1.78876
1.78987
1.7915
1.79353
1.79579
1.79809
1.80028
1.80218
1.80368
1.80469
1.80514
1.805
1.80427
1.80296
1.80111
1.79878
1.79606
1.79308
1.78999
1.78696
1.78421
1.78196
1.78043
1.77978
1.78006
1.78126
1.78323
1.78573
1.78852
1.79134
1.794
1.79636
1.79836
1.80002
1.80137
1.80252
1.80354
1.80452
1.80553
1.8066
1.80775
1.80897
1.81023
1.81149
1.81269
1.81378
1.8147
1.81538
1.81576
1.81579
1.81542
1.81464
1.81349
1.81204
1.81043
1.80886
1.80756
1.80675
1.80659
1.80714
1.80833
1.81002
1.81197
1.81399
1.81587
1.8175
1.81881
1.81976
1.82037
1.82069
1.82076
1.82065
1.82045
1.82026
1.82017
1.82028
1.82068
1.82141
1.82249
1.82387
1.82543
1.82702
1.82845
1.82951
1.82999
1.82968
1.82843
1.82618
1.82305
1.81941
1.81595
1.81352
1.81293
1.81459
1.81828
1.8232
1.82832
1.83267
1.83563
1.83697
1.83685
1.83575
1.8344
1.83358
1.83389
1.8356
1.83857
1.84234
1.84633
1.85003
1.85306
1.85522
1.85644
1.85672
1.85615
1.85485
1.85298
1.85076
1.84841
1.84618
1.84432
1.84306
1.84258
1.84303
1.84446
1.84685
1.85009
1.85399
1.8583
1.86274
1.86706
1.87104
1.87452
1.87741
1.87968
1.88136
1.8825
1.88317
1.88343
1.88331
1.88288
1.88222
1.8815
1.88098
1.88101
1.88195
1.88412
1.88764
1.89238
1.89794
1.90371
1.90897
1.91298
1.91505
1.91451
1.91073
1.90318
1.8916
1.8763
1.85861
1.84106
1.82698
1.81927
1.8191
1.82544
1.83569
1.8469
1.85672
1.86379
1.86765
1.86843
1.86661
1.8628
1.85766
1.85188
1.84608
1.84086
1.83673
1.83407
1.83311
1.83398
1.83664
1.84086
1.84627
1.85226
1.85819
1.86341
1.86748
1.87021
1.87169
1.87222
1.87224
1.87218
1.8724
1.87313
1.87443
1.87622
1.87834
1.88061
1.88285
1.88496
1.88684
1.88847
1.88985
1.89097
1.89188
1.89259
1.89314
1.89354
1.89382
1.89399
1.89405
1.89402
1.89387
1.89358
1.8931
1.89236
1.89126
1.88969
1.8875
1.88453
1.88063
1.87571
1.86973
1.86277
1.85504
1.84688
1.83876
1.83124
1.82494
1.82046
1.81826
1.81854
1.82119
1.82579
1.83179
1.83858
1.8456
1.85237
1.85856
1.86393
1.86838
1.87188
1.87447
1.87621
1.87718
1.87744
1.87709
1.87619
1.87485
1.87321
1.87144
1.86968
1.86806
1.86666
1.86548
1.86448
1.86361
1.86278
1.86191
1.86089
1.85962
1.85803
1.85612
1.85404
1.85209
1.85059
1.84982
1.84988
1.85065
1.85182
1.85302
1.85391
1.85426
1.85399
1.85318
1.85197
1.85056
1.84911
1.84773
1.84638
1.84498
1.84339
1.8415
1.83925
1.83671
1.83398
1.83124
1.82869
1.82649
1.82476
1.82352
1.82277
1.82241
1.82235
1.82245
1.82263
1.82281
1.82298
1.82313
1.82331
1.82353
1.8238
1.82406
1.82421
1.82405
1.82337
1.8219
1.81936
1.81556
1.81041
1.80412
1.79726
1.79084
1.78605
1.78391
1.78475
1.78809
1.79285
1.79788
