-0.403565
-0.403588
-0.40354
-0.403497
-0.403497
-0.403597
-0.403825
-0.404208
-0.404786
-0.405576
-0.406592
-0.407825
-0.409249
-0.410842
-0.41255
-0.41427
-0.415929
-0.417437
-0.418726
-0.419713
-0.420381
-0.420727
-0.420781
-0.420607
-0.420285
-0.419929
-0.419667
-0.419562
-0.419719
-0.420147
-0.420859
-0.421799
-0.422905
-0.424097
-0.425283
-0.426349
-0.427233
-0.427822
-0.428026
-0.427765
-0.426958
-0.425559
-0.423548
-0.420982
-0.418013
-0.414887
-0.411967
-0.409653
-0.408293
-0.408162
-0.409325
-0.411669
-0.414889
-0.418647
-0.422561
-0.426343
-0.429777
-0.432761
-0.435229
-0.437166
-0.438541
-0.43936
-0.439675
-0.439593
-0.439255
-0.438884
-0.438659
-0.438773
-0.439317
-0.440302
-0.441612
-0.443086
-0.444524
-0.445721
-0.446532
-0.446828
-0.446639
-0.446075
-0.44526
-0.44429
-0.443097
-0.441416
-0.438939
-0.43544
-0.430969
-0.425989
-0.421264
-0.417565
-0.41532
-0.414484
-0.414537
-0.414784
-0.414707
-0.414166
-0.413471
-0.413238
-0.414126
-0.41656
-0.420569
-0.425778
-0.431549
-0.437249
-0.442363
-0.446559
-0.44972
-0.451831
-0.45298
-0.453302
-0.452897
-0.451903
-0.45038
-0.448435
-0.446083
-0.44338
-0.440365
-0.4371
-0.433674
-0.43021
-0.426869
-0.423748
-0.420947
-0.418499
-0.416337
-0.414359
-0.41237
-0.410226
-0.407847
-0.405233
-0.402505
-0.399863
-0.397581
-0.3959
-0.395003
-0.394925
-0.395577
-0.396762
-0.398217
-0.399645
-0.40083
-0.401582
-0.401803
-0.40144
-0.400482
-0.398974
-0.396974
-0.394581
-0.3919
-0.389076
-0.38625
-0.383561
-0.38115
-0.379106
-0.377489
-0.376331
-0.375608
-0.375278
-0.37524
-0.375411
-0.375681
-0.375957
-0.376152
-0.376199
-0.376073
-0.375743
-0.375195
-0.374443
-0.37351
-0.37241
-0.371194
-0.369888
-0.368543
-0.367211
-0.365931
-0.364745
-0.363692
-0.362805
-0.362091
-0.361564
-0.36121
-0.361031
-0.360995
-0.361101
-0.361348
-0.361742
-0.36228
-0.362968
-0.363813
-0.364802
-0.365887
-0.367049
-0.368248
-0.36944
-0.370594
-0.3717
-0.372753
-0.373774
-0.374803
-0.375884
-0.377099
-0.378445
-0.379906
-0.38142
-0.382821
-0.383864
-0.384184
-0.383283
-0.38055
-0.37537
-0.367207
-0.356043
-0.34279
-0.329582
-0.319238
-0.313892
-0.313739
-0.317382
-0.323244
-0.330608
-0.339444
-0.349662
-0.360729
-0.371814
-0.382181
-0.391348
-0.399105
-0.405421
-0.410313
-0.41379
-0.415938
-0.416872
-0.416711
-0.415696
-0.414034
-0.411954
-0.409555
-0.406796
-0.403526
-0.399548
-0.394841
-0.389692
-0.384807
-0.3811
-0.379322
-0.379626
-0.381519
-0.384088
-0.386502
-0.388219
-0.389079
-0.389249
-0.389058
-0.388821
-0.388814
-0.389221
-0.390061
-0.391272
-0.392691
-0.394139
-0.395485
-0.396706
-0.397957
-0.399532
-0.401806
-0.405098
-0.409502
-0.414852
-0.420739
-0.426675
-0.432171
-0.43691
-0.440698
-0.443453
-0.445171
-0.445845
-0.445477
-0.444024
-0.441423
-0.437578
-0.432454
-0.42611
-0.418792
-0.411058
-0.403752
-0.397917
-0.394414
-0.393668
-0.395428
-0.39899
-0.403395
-0.407849
-0.411809
-0.415015
-0.41741
-0.419046
-0.420047
-0.420535
-0.42066
-0.420574
-0.420411
-0.42029
-0.420288
-0.420455
-0.420812
-0.421325
-0.421971
-0.422662
-0.42334
-0.423921
-0.424298
-0.424321
-0.423865
-0.422761
-0.420867
-0.418103
-0.414521
-0.41032
-0.405925
-0.401907
-0.398908
-0.397474
-0.397886
-0.400096
-0.403744
-0.408354
-0.413397
-0.418387
-0.422929
-0.426688
-0.429354
-0.430675
-0.430449
-0.428523
-0.42482
-0.419374
-0.412377
-0.404242
-0.395617
-0.387387
-0.380595
-0.376395
-0.375695
-0.378976
-0.385981
-0.395764
-0.406968
-0.418221
-0.428539
-0.437377
-0.444571
-0.450189
-0.454383
-0.457325
-0.459113
-0.459811
-0.459532
-0.458493
-0.4571
-0.455906
-0.455512
-0.456414
-0.45878
-0.462405
-0.466784
-0.4713
-0.475421
-0.478784
-0.481202
-0.482667
-0.483268
-0.483123
-0.482383
-0.481175
-0.479566
-0.477599
-0.475273
-0.472586
-0.469499
-0.466068
-0.462413
-0.458714
-0.4552
-0.452127
-0.449736
-0.448189
-0.447546
-0.447764
-0.448723
-0.450272
-0.452267
-0.454585
-0.457174
-0.460075
-0.463398
-0.467339
-0.472042
-0.477553
-0.483743
-0.490311
-0.496882
-0.503068
-0.508596
-0.513309
-0.51718
-0.520169
-0.522227
-0.523176
-0.522726
-0.520436
-0.515841
-0.508496
-0.498256
-0.485453
-0.471138
-0.457128
-0.44552
-0.437968
-0.434818
-0.434996
-0.436563
-0.437717
-0.437376
-0.435419
-0.432491
-0.429647
-0.427942
-0.428073
-0.430289
-0.434584
-0.440906
-0.449142
-0.458929
-0.469441
-0.479595
-0.488472
-0.495616
-0.501136
-0.505479
-0.509104
-0.5123
-0.515112
-0.517436
-0.51916
-0.520246
-0.520766
-0.520871
-0.520754
-0.520599
-0.520576
-0.520853
-0.521487
-0.522527
-0.523923
-0.525574
-0.527323
-0.52897
-0.53035
-0.531262
-0.531562
-0.531086
-0.52969
-0.527261
-0.523658
-0.51874
-0.512391
-0.504513
-0.495044
-0.484045
-0.471714
-0.458502
-0.445026
-0.432202
-0.421007
-0.41235
-0.406895
-0.404881
-0.40616
-0.410253
-0.416399
-0.423694
-0.431175
-0.437956
-0.443287
-0.446633
-0.447753
-0.446682
-0.443795
-0.439767
-0.435501
-0.43187
-0.429521
-0.428639
-0.429047
-0.430329
-0.432038
-0.433833
-0.435555
-0.437146
-0.438603
-0.439968
-0.441275
-0.442527
-0.443706
-0.444762
-0.445608
-0.44611
-0.446127
-0.445515
-0.444117
-0.441801
-0.438477
-0.434105
-0.428734
-0.422514
-0.415701
-0.408678
-0.401916
-0.39584
-0.390816
-0.387029
-0.384453
-0.38288
-0.381969
-0.381249
-0.380151
-0.377978
-0.37409
-0.368182
-0.360676
-0.353123
-0.347933
-0.347362
-0.352166
-0.36105
-0.37162
-0.381666
-0.389921
-0.396056
-0.40025
-0.402905
-0.404441
-0.405225
-0.40549
-0.405413
-0.405116
-0.404663
-0.404068
-0.403341
-0.402458
-0.401384
-0.400062
-0.39842
-0.396348
-0.393746
-0.390472
-0.386434
-0.381526
-0.375723
-0.369151
-0.362063
-0.354882
-0.34824
-0.342795
-0.339134
-0.337588
-0.338156
-0.340441
-0.343812
-0.347589
-0.351161
-0.354114
-0.356202
-0.35737
-0.357665
-0.357218
-0.356242
-0.355012
-0.353863
-0.353176
-0.353331
-0.354644
-0.357277
-0.36116
-0.366035
-0.371494
-0.377113
-0.382509
-0.387387
-0.3916
-0.395073
-0.397816
-0.399841
-0.40121
-0.401992
-0.402249
-0.402003
-0.401284
-0.400129
-0.398534
-0.396508
-0.394033
-0.391086
-0.387629
-0.383638
-0.379128
-0.374161
-0.368958
-0.363851
-0.359323
-0.355862
-0.353817
-0.353302
-0.354118
-0.355892
-0.358185
-0.360599
-0.362864
-0.364849
-0.366513
-0.36788
-0.369014
-0.369966
-0.370798
-0.371559
-0.372308
-0.373087
-0.373916
-0.374822
-0.375784
-0.376731
-0.377575
-0.378213
-0.378514
-0.378395
-0.377781
-0.376679
-0.375131
-0.373264
-0.371215
-0.369179
-0.367338
-0.365869
-0.364858
-0.364316
-0.364173
-0.364313
-0.364592
-0.364862
-0.365062
-0.365143
-0.365139
-0.365088
-0.365031
-0.365024
-0.365096
-0.365273
-0.365573
-0.365962
-0.36645
-0.367021
-0.367673
-0.368386
-0.36915
-0.369956
-0.370767
-0.371572
-0.372312
-0.372956
-0.373405
-0.373638
-0.373574
-0.373133
-0.372291
-0.371015
-0.369291
-0.367131
-0.364563
-0.361614
-0.358344
-0.354808
-0.351026
-0.346993
-0.342698
-0.338099
-0.333241
-0.328298
-0.323646
-0.319844
-0.317475
-0.316984
-0.318468
-0.321626
-0.325839
-0.330439
-0.334838
-0.338648
-0.341622
-0.343693
-0.344912
-0.345393
-0.3453
-0.344844
-0.344265
-0.343799
-0.343648
-0.34391
-0.344615
-0.345654
-0.346895
-0.348177
-0.349337
-0.350294
-0.351026
-0.351593
-0.35205
-0.352504
-0.353041
-0.353733
-0.354585
-0.355549
-0.356554
-0.357511
-0.358319
-0.358867
-0.359093
-0.358898
-0.358224
-0.357033
-0.355248
-0.352837
-0.349741
-0.345941
-0.341475
-0.336487
-0.331252
-0.32621
-0.321902
-0.31892
-0.317742
-0.318639
-0.32154
-0.326121
-0.33182
-0.338023
-0.344185
-0.349906
-0.354924
-0.359148
-0.362583
-0.365284
-0.367351
-0.368896
-0.370008
-0.370757
-0.371175
-0.37123
-0.370866
-0.369949
-0.368329
-0.365824
-0.362273
-0.35763
-0.352062
-0.346067
-0.340461
-0.336257
-0.334278
-0.33482
-0.337449
-0.341212
-0.345018
-0.347973
-0.349474
-0.349257
-0.347287
-0.343805
-0.339346
-0.33479
-0.331296
-0.330085
-0.331909
-0.336846
-0.344247
-0.353049
-0.362199
-0.370915
-0.378706
-0.385309
-0.390595
-0.394602
-0.39735
-0.398959
-0.399537
-0.399218
-0.398134
-0.39635
-0.393935
-0.390891
-0.387154
-0.382673
-0.377361
-0.37125
-0.364542
-0.357753
-0.351626
-0.347104
-0.345
-0.345751
-0.349229
-0.354755
-0.361407
-0.368272
-0.374668
-0.380167
-0.384598
-0.387956
-0.390315
-0.391828
-0.392631
-0.392825
-0.392522
-0.391721
-0.390465
-0.388779
-0.386754
-0.384527
-0.382308
-0.380366
-0.378944
-0.378273
-0.378474
-0.37959
-0.381549
-0.38416
-0.387211
-0.390459
-0.393634
-0.396519
-0.398963
-0.400812
-0.40202
-0.402535
-0.402378
-0.401608
-0.400314
-0.3986
-0.396558
-0.394329
-0.391974
-0.389564
-0.387144
-0.384753
-0.382472
-0.380402
-0.378722
-0.377602
-0.377188
-0.377551
-0.378627
-0.380271
-0.382271
-0.384357
-0.386288
-0.387839
-0.388884
-0.389385
-0.389441
-0.389228
-0.38901
-0.389092
-0.389718
-0.391034
-0.392997
-0.395443
-0.398077
-0.400568
-0.402606
-0.403964
-0.404486
-0.404128
-0.402924
-0.400998
-0.398546
-0.395793
-0.392995
-0.390343
-0.387968
-0.385888
-0.384066
-0.382415
-0.380867
-0.379412
-0.3781
-0.377052
-0.376438
-0.376379
-0.376959
-0.378208
-0.380093
-0.382537
-0.385462
-0.388787
-0.392442
-0.396352
-0.400453
-0.404621
-0.408777
-0.412838
-0.416742
-0.420464
-0.423985
-0.427305
-0.430436
-0.433366
-0.436101
-0.438603
-0.440823
-0.442657
-0.443994
-0.444634
-0.444328
-0.442758
-0.439539
-0.434228
-0.426497
-0.416248
-0.403974
-0.391023
-0.37953
-0.371727
-0.368788
-0.370176
-0.37405
-0.378379
-0.381781
-0.383814
-0.384743
-0.385234
-0.386139
-0.388195
-0.391833
-0.397082
-0.40348
-0.410249
-0.416532
-0.421621
-0.425087
-0.426873
-0.427239
-0.426694
-0.425841
-0.425233
-0.425247
-0.425996
-0.427376
-0.429203
-0.431287
-0.433505
-0.435825
-0.438254
-0.440833
-0.443573
-0.446439
-0.449357
-0.452241
-0.455001
-0.457538
-0.459825
-0.461799
-0.463441
-0.464713
-0.465583
-0.465961
-0.465741
-0.464793
-0.462921
-0.459899
-0.45545
-0.44926
-0.441077
-0.430765
-0.418445
-0.404617
-0.390286
-0.376934
-0.366272
-0.359785
-0.358283
-0.361616
-0.368734
-0.378107
-0.388146
-0.397573
-0.405599
-0.411899
-0.416474
-0.41962
-0.42176
-0.423384
-0.424982
-0.426949
-0.429532
-0.432758
-0.436501
-0.440518
-0.444558
-0.44838
-0.451799
-0.454659
-0.456811
-0.458109
-0.458394
-0.457432
-0.455031
-0.45099
-0.445206
-0.437768
-0.428984
-0.41952
-0.410376
-0.402814
-0.398025
-0.396867
-0.399498
-0.405404
-0.41353
-0.422616
-0.431412
-0.4389
-0.444344
-0.447348
-0.447802
-0.445943
-0.442237
-0.437463
-0.432596
-0.428713
-0.426687
-0.426973
-0.429507
-0.433711
-0.43882
-0.444106
-0.449003
-0.453184
-0.456512
-0.459015
-0.460787
-0.462013
-0.462862
-0.463521
-0.464137
-0.464827
-0.465659
-0.466685
-0.467925
-0.469367
-0.470995
-0.472808
-0.474796
-0.476885
-0.479031
-0.481095
-0.482917
-0.484274
-0.484898
-0.484531
-0.482906
-0.479859
-0.475328
-0.469454
-0.462635
-0.455548
-0.449065
-0.443991
-0.440819
-0.439611
-0.439984
-0.441397
-0.44336
-0.445572
-0.447909
-0.450376
-0.453048
-0.455926
-0.458981
-0.462101
-0.46517
-0.468004
-0.470473
-0.472444
-0.47382
-0.474526
-0.474509
-0.473764
-0.47234
-0.470345
-0.467938
-0.465318
-0.462725
-0.460322
-0.45817
-0.456218
-0.454266
-0.452037
-0.449183
-0.445382
-0.440337
-0.434004
-0.426692
-0.41927
-0.41299
-0.409163
-0.408528
-0.410925
-0.415507
-0.421197
-0.427112
-0.432656
-0.437488
-0.441425
-0.444441
-0.446542
-0.447846
-0.448507
-0.448665
-0.448448
-0.447928
-0.447161
-0.446152
-0.444882
-0.443352
-0.441565
-0.43951
-0.437204
-0.434656
-0.43189
-0.428936
-0.425796
-0.422506
-0.419108
-0.415658
-0.41223
-0.408933
-0.405935
-0.403416
-0.401575
-0.400582
-0.400538
-0.401429
-0.403159
-0.405535
-0.408327
-0.411312
-0.414305
-0.417173
-0.419822
-0.422192
-0.424229
-0.425894
-0.427108
-0.427799
-0.427922
-0.427414
-0.426266
-0.424506
-0.422256
-0.419702
-0.417086
-0.414666
-0.412653
-0.411193
-0.410268
-0.409792
-0.409624
-0.409599
-0.409612
-0.409609
-0.409622
-0.409705
-0.409936
-0.410362
-0.411008
-0.411868
-0.412891
-0.414042
-0.415274
-0.416609
-0.4181
-0.419879
-0.422113
-0.42493
-0.428397
-0.432484
-0.437003
-0.441726
-0.446327
-0.450504
-0.453978
-0.456489
-0.457845
-0.457879
-0.456437
-0.453466
-0.449
-0.443175
-0.436365
-0.429118
-0.422161
-0.416277
-0.412136
-0.410068
-0.410014
-0.411564
-0.414136
-0.417166
-0.420309
-0.423338
-0.426088
-0.42838
-0.429955
-0.430494
-0.429766
-0.427715
-0.424538
-0.420669
-0.416708
-0.413305
-0.410993
-0.410086
-0.410563
-0.412126
-0.414351
-0.416822
-0.419238
-0.421496
-0.423631
-0.425792
-0.428142
-0.430755
-0.433609
-0.436608
-0.439574
-0.442309
-0.444648
-0.446484
-0.44782
-0.448688
-0.449174
-0.449375
-0.449347
-0.44912
-0.448666
-0.447942
-0.44689
-0.445442
-0.443601
-0.441344
-0.438745
-0.435915
-0.432989
-0.430117
-0.427428
-0.425028
-0.422952
-0.421121
-0.419458
-0.417772
-0.415852
-0.413503
-0.410579
-0.40703
-0.402956
-0.398725
-0.394903
-0.392216
-0.391317
-0.392514
-0.395643
-0.400094
-0.405082
-0.409882
-0.413968
-0.417069
-0.41909
-0.420055
-0.420027
-0.419081
-0.417301
-0.414796
-0.411696
-0.408194
-0.404581
-0.401161
-0.398259
-0.396066
-0.394595
-0.393674
-0.392983
-0.392188
-0.390976
-0.389052
-0.386184
-0.382146
-0.376722
-0.369824
-0.361565
-0.352397
-0.343093
-0.334703
-0.328282
-0.324586
-0.323838
-0.325714
-0.329482
-0.334324
-0.339578
-0.344777
-0.349665
-0.354134
-0.358109
-0.361572
-0.364471
-0.366782
-0.368461
-0.36951
-0.369934
-0.369756
-0.369036
-0.367835
-0.366226
-0.36432
-0.36223
-0.360085
-0.358005
-0.356092
-0.354399
-0.352943
-0.351642
-0.350405
-0.349063
-0.347482
-0.345539
-0.343224
-0.340602
-0.337893
-0.335393
-0.333402
-0.332218
-0.332009
-0.332772
-0.334386
-0.336642
-0.339342
-0.342312
-0.345425
-0.348575
-0.35166
-0.354588
-0.357247
-0.359513
-0.361296
-0.362487
-0.363024
-0.362851
-0.361925
-0.36027
-0.357956
-0.355107
-0.351907
-0.348582
-0.345361
-0.342405
-0.339812
-0.337617
-0.335835
-0.334489
-0.333668
-0.333545
-0.334275
-0.335922
-0.338466
-0.341685
-0.345259
-0.348816
-0.352033
-0.354668
-0.356642
-0.357987
-0.358852
-0.359401
-0.359818
-0.360201
-0.360607
-0.361024
-0.361392
-0.361666
-0.361801
-0.361769
-0.361578
-0.361281
-0.360954
-0.360643
-0.36045
-0.360429
-0.360616
-0.360982
-0.361469
-0.361985
-0.362453
-0.362824
-0.363052
-0.363128
-0.36306
-0.362861
-0.362562
-0.362237
-0.361969
-0.361884
-0.362054
-0.36255
-0.36334
-0.364282
-0.365122
-0.365477
-0.364922
-0.363099
-0.359803
-0.355217
-0.349958
-0.345141
-0.342107
-0.341903
-0.344819
-0.350222
-0.356938
-0.363788
-0.369918
-0.374902
-0.378653
-0.381272
-0.382918
-0.383764
-0.383948
-0.383573
-0.382686
-0.381332
-0.379501
-0.377161
-0.3743
-0.370877
-0.366908
-0.362434
-0.357612
-0.3527
-0.348026
-0.343954
-0.34085
-0.338865
-0.337898
-0.337595
-0.337404
-0.336795
-0.335451
-0.333431
-0.331236
-0.329726
-0.329874
-0.332403
-0.337451
-0.344599
-0.353009
-0.361683
-0.369801
-0.376797
-0.382393
-0.386555
-0.389353
-0.390956
-0.391574
-0.391384
-0.390568
-0.389271
-0.387629
-0.385741
-0.383692
-0.381567
-0.379414
-0.377265
-0.37514
-0.373058
-0.371016
-0.369033
-0.367121
-0.365341
-0.363749
-0.362419
-0.36144
-0.360862
-0.360748
-0.36111
-0.361948
-0.363229
-0.3649
-0.366892
-0.369121
-0.371471
-0.373861
-0.376181
-0.378325
-0.380248
-0.381894
-0.38326
-0.384351
-0.385199
-0.38586
-0.386378
-0.386788
-0.387128
-0.387382
-0.387521
-0.387492
-0.387217
-0.386589
-0.385506
-0.383841
-0.381502
-0.378394
-0.374484
-0.369778
-0.364307
-0.358134
-0.351347
-0.344121
-0.336832
-0.330219
-0.325315
-0.323204
-0.32439
-0.328479
-0.33427
-0.340293
-0.34544
-0.349202
-0.351707
-0.353506
-0.355271
-0.357516
-0.360418
-0.363895
-0.367686
-0.371508
-0.375141
-0.378468
-0.381406
-0.383866
-0.385818
-0.387222
-0.388056
-0.388281
-0.387932
-0.387025
-0.38561
-0.38375
-0.381535
-0.379057
-0.376427
-0.37377
-0.371226
-0.368943
-0.367102
-0.36584
-0.36527
-0.365445
-0.366321
-0.367763
-0.369563
-0.37148
-0.373281
-0.374787
-0.37591
-0.376596
-0.376901
-0.376917
-0.3768
-0.376702
-0.376744
-0.377018
-0.37754
-0.378324
-0.3793
-0.380412
-0.381565
-0.382659
-0.383654
-0.38445
-0.38502
-0.385308
-0.385284
-0.384956
-0.384368
-0.383608
-0.382813
-0.382143
-0.381813
-0.38196
-0.382731
-0.384155
-0.38616
-0.388629
-0.391421
-0.394362
-0.397326
-0.400211
-0.402963
-0.4055
-0.407783
-0.409766
-0.411385
-0.412554
-0.413212
-0.413241
-0.412569
-0.411134
-0.408932
-0.406023
-0.402559
-0.398727
-0.394788
-0.390957
-0.387374
-0.384139
-0.381309
-0.378942
-0.377121
-0.375953
-0.375524
-0.375844
-0.3769
-0.37858
-0.380711
-0.38308
-0.385446
-0.387609
-0.389399
-0.390763
-0.391683
-0.392227
-0.392489
-0.392611
-0.392737
-0.392986
-0.393479
-0.394295
-0.395444
-0.396915
-0.398642
-0.400506
-0.402384
-0.404146
-0.405662
-0.406838
-0.407636
-0.408031
-0.408035
-0.407691
-0.407097
-0.406341
-0.40554
-0.404824
-0.404295
-0.404039
-0.40408
-0.404423
-0.404984
-0.405642
-0.40629
-0.406831
-0.407182
-0.407304
-0.407175
-0.406825
-0.406304
-0.405676
-0.405033
-0.40444
-0.403966
-0.403658
-0.403536
-0.403623
-0.403871
-0.404215
-0.404527
-0.404671
-0.404414
-0.403505
-0.401597
-0.398309
-0.393262
-0.386244
-0.377451
-0.367881
-0.35942
-0.354452
-0.354776
-0.360461
-0.369811
-0.380373
-0.390123
-0.397949
-0.403529
-0.406995
-0.40868
-0.408934
-0.408116
-0.406498
-0.404375
-0.402019
-0.399691
-0.397654
-0.39613
-0.395302
-0.395277
-0.396048
-0.397554
-0.399666
-0.402225
-0.40508
-0.408075
-0.411085
-0.413997
-0.416713
-0.419152
-0.421232
-0.422868
-0.423976
-0.42449
-0.424345
-0.423475
-0.421831
-0.419374
-0.41608
-0.411947
-0.407013
-0.401367
-0.395182
-0.388747
-0.382551
-0.377171
-0.373209
-0.371057
-0.370773
-0.372043
-0.374308
-0.377047
-0.379842
-0.382488
-0.384869
-0.386965
-0.388739
-0.390222
-0.391461
-0.392545
-0.393647
-0.394933
-0.39652
-0.398484
-0.400795
-0.403348
-0.405964
-0.408429
-0.410568
-0.4122
-0.413231
-0.413651
-0.413537
-0.413024
-0.412272
-0.411465
-0.41073
-0.410143
-0.409715
-0.409422
-0.409221
-0.409072
-0.40892
-0.408779
-0.408657
-0.408536
-0.40844
-0.40834
-0.40824
-0.408141
-0.408013
-0.40785
-0.407616
-0.407311
-0.406861
-0.40621
-0.405267
-0.403909
-0.401963
-0.399234
-0.3955
-0.390542
-0.384251
-0.376747
-0.368567
-0.360687
-0.354471
-0.351182
-0.351407
-0.354722
-0.359903
-0.36548
-0.370311
-0.373827
-0.375959
-0.377028
-0.377529
-0.377979
-0.378754
-0.380051
-0.381874
-0.384091
-0.386527
-0.389021
-0.391466
-0.39377
-0.395874
-0.397698
-0.399132
-0.400047
-0.400264
-0.399619
-0.397994
-0.395381
-0.391977
-0.388215
-0.38479
-0.382433
-0.381661
-0.38252
-0.384489
-0.386692
-0.388094
-0.387809
-0.385227
-0.380046
-0.372349
-0.362714
-0.352375
-0.343238
-0.337505
-0.336788
-0.341168
-0.349097
-0.358258
-0.366601
-0.372931
-0.376932
-0.378845
-0.379196
-0.378601
-0.377637
-0.376779
-0.376354
-0.376533
-0.377345
-0.378727
-0.380522
-0.38258
-0.384762
-0.386971
-0.389147
-0.391263
-0.393322
-0.395328
-0.397269
-0.399097
-0.40073
-0.402068
-0.403004
-0.403466
-0.403481
-0.403148
-0.402702
-0.402485
-0.402836
-0.404043
-0.406226
-0.409309
-0.413028
-0.417022
-0.420927
-0.4244
-0.427175
-0.429023
-0.429745
-0.429111
-0.426899
-0.422942
-0.417217
-0.410002
-0.401981
-0.394254
-0.388111
-0.38447
-0.383526
-0.384686
-0.386973
-0.389536
-0.391913
-0.394012
-0.396016
-0.398104
-0.400407
-0.402911
-0.405529
-0.408136
-0.4106
-0.412849
-0.414814
-0.416497
-0.417873
-0.418945
-0.419707
-0.420098
-0.420077
-0.4196
-0.418635
-0.417187
-0.415303
-0.413046
-0.41051
-0.407846
-0.405146
-0.402537
-0.400045
-0.397643
-0.395179
-0.392416
-0.38902
-0.384616
-0.378801
-0.371254
-0.361855
-0.350808
-0.33882
-0.327172
-0.317548
-0.31159
-0.310325
-0.313826
-0.321243
-0.331235
-0.342361
-0.35336
-0.363308
-0.371654
-0.378159
-0.382799
-0.385708
-0.387029
-0.38694
-0.385555
-0.38292
-0.379035
-0.373832
-0.36736
-0.359838
-0.351873
-0.344597
-0.339453
-0.337752
-0.339929
-0.345321
-0.35242
-0.359639
-0.365819
-0.37037
-0.373161
-0.374334
-0.374134
-0.372809
-0.370573
-0.367619
-0.364065
-0.36006
-0.355734
-0.351239
-0.346739
-0.342414
-0.338444
-0.334923
-0.331929
-0.329433
-0.327342
-0.325558
-0.32399
-0.322618
-0.321498
-0.320742
-0.320511
-0.320954
-0.322183
-0.32423
-0.327009
-0.330372
-0.334039
-0.337731
-0.34118
-0.34413
-0.346394
-0.34788
-0.348561
-0.348499
-0.34779
-0.346521
-0.344744
-0.342434
-0.339419
-0.335481
-0.330422
-0.324317
-0.317746
-0.311935
-0.308525
-0.308863
-0.313219
-0.320587
-0.329242
-0.337556
-0.34456
-0.349891
-0.353667
-0.356203
-0.357815
-0.3588
-0.359326
-0.35947
-0.359299
-0.358794
-0.357974
-0.356843
-0.355435
-0.353808
-0.352041
-0.350205
-0.348387
-0.346663
-0.345094
-0.34373
-0.342591
-0.341665
-0.34091
-0.340209
-0.339432
-0.338426
-0.337083
-0.335382
-0.333432
-0.331474
-0.329895
-0.329119
-0.329495
-0.331219
-0.334222
-0.338228
-0.342835
-0.347615
-0.35226
-0.356627
-0.360752
-0.364794
-0.368993
-0.373544
-0.37859
-0.384119
-0.389987
-0.395922
-0.401569
-0.406562
-0.410537
-0.413162
-0.414137
-0.413157
-0.409971
-0.404379
-0.396275
-0.385816
-0.373471
-0.360054
-0.346599
-0.333967
-0.322577
-0.312472
-0.303675
-0.29658
-0.291981
-0.290643
-0.292804
-0.298
-0.305222
-0.313221
-0.320926
-0.327819
-0.333793
-0.339091
-0.343982
-0.348634
-0.353039
-0.357088
-0.360662
-0.363634
-0.365933
-0.367562
-0.368551
-0.368943
-0.368828
-0.368292
-0.3674
-0.366277
-0.364992
-0.363639
-0.362277
-0.36094
-0.359605
-0.358233
-0.356705
-0.354881
-0.352606
-0.349692
-0.346038
-0.341583
-0.33644
-0.330993
-0.325899
-0.32203
-0.320163
-0.320762
-0.323634
-0.328128
-0.333303
-0.338334
-0.342673
-0.346062
-0.348464
-0.349976
-0.350754
-0.35099
-0.350822
-0.350391
-0.349807
-0.349149
-0.348502
-0.347939
-0.347519
-0.347305
-0.347343
-0.347689
-0.348362
-0.349386
-0.350724
-0.352335
-0.354191
-0.356207
-0.358312
-0.360416
-0.362438
-0.36429
-0.365901
-0.367204
-0.368102
-0.368549
-0.368487
-0.367885
-0.366686
-0.364904
-0.362538
-0.35964
-0.356309
-0.352624
-0.34872
-0.344777
-0.341001
-0.337655
-0.335067
-0.333547
-0.333313
-0.334412
-0.336634
-0.339547
-0.342599
-0.345304
-0.34728
-0.348365
-0.348608
-0.348173
-0.347285
-0.346161
-0.344959
-0.34375
-0.342519
-0.341228
-0.339852
-0.338391
-0.336944
-0.335662
-0.334753
-0.334377
-0.334686
-0.335692
-0.337319
-0.339411
-0.341756
-0.344166
-0.346466
-0.348505
-0.350174
-0.351408
-0.352164
-0.352454
-0.352302
-0.351748
-0.350852
-0.349669
-0.348275
-0.346731
-0.34508
-0.343384
-0.341675
-0.339972
-0.338282
-0.33661
-0.334923
-0.333226
-0.331486
-0.329695
-0.327844
-0.325942
-0.324022
-0.322134
-0.320356
-0.318758
-0.317462
-0.316532
-0.315996
-0.315848
-0.316029
-0.316415
-0.316852
-0.317135
-0.31709
-0.316513
-0.315218
-0.313068
-0.310002
-0.306061
-0.301486
-0.296709
-0.29236
-0.289101
-0.287439
-0.287547
-0.28912
-0.291591
-0.294314
-0.296775
-0.298647
-0.299867
-0.300506
-0.300723
-0.300727
-0.300721
-0.300873
-0.301316
-0.30213
-0.303319
-0.304857
-0.306655
-0.308613
-0.310637
-0.312633
-0.314515
-0.316231
-0.317666
-0.318787
-0.319532
-0.319893
-0.319936
-0.319776
-0.319638
-0.319763
-0.320399
-0.321685
-0.323611
-0.326024
-0.328637
-0.33109
-0.333007
-0.334052
-0.333945
-0.332533
-0.329809
-0.325984
-0.321531
-0.317121
-0.313439
-0.310857
-0.309338
-0.308454
-0.307697
-0.306827
-0.30601
-0.30573
-0.306432
-0.308243
-0.310818
-0.313486
-0.315504
-0.316232
-0.315223
-0.31224
-0.307184
-0.30014
-0.291367
-0.281384
-0.27097
-0.261196
-0.253228
-0.248128
-0.246525
-0.248526
-0.253641
-0.260971
-0.269469
-0.278139
-0.28624
-0.29329
-0.299048
-0.303425
-0.306457
-0.308194
-0.308737
-0.30822
-0.306841
-0.304877
-0.302753
-0.30096
-0.299985
-0.300171
-0.301631
-0.30416
-0.307368
-0.310784
-0.313987
-0.316651
-0.318623
-0.319823
-0.320281
-0.320086
-0.319352
-0.318236
-0.316887
-0.315491
-0.314165
-0.313024
-0.31211
-0.311395
-0.310797
-0.310215
-0.309549
-0.308728
-0.307722
-0.306495
-0.305035
-0.303221
-0.300859
-0.29773
-0.293624
-0.288466
-0.282466
-0.276212
-0.270613
-0.266676
-0.265182
-0.266398
-0.269879
-0.274526
-0.27889
-0.281493
-0.281083
-0.277018
-0.269461
-0.259452
-0.248654
-0.238698
-0.23059
-0.224641
-0.221105
-0.220603
-0.223863
-0.231018
-0.241226
-0.253044
-0.265028
-0.276185
-0.285959
-0.294171
-0.300786
-0.305827
-0.309382
-0.311478
-0.312134
-0.311324
-0.309007
-0.305124
-0.299753
-0.293209
-0.286154
-0.279606
-0.27476
-0.272543
-0.273195
-0.276141
-0.280269
-0.284469
-0.287896
-0.290124
-0.291057
-0.290788
-0.289531
-0.287523
-0.285058
-0.2824
-0.279835
-0.277614
-0.275962
-0.275003
-0.274743
-0.275103
-0.275886
-0.276911
-0.277948
-0.27884
-0.279476
-0.279773
-0.279734
-0.279388
-0.278801
-0.278071
-0.277313
-0.276646
-0.276187
-0.276056
-0.276325
-0.277062
-0.27824
-0.279842
-0.281798
-0.28401
-0.286395
-0.288856
-0.291316
-0.29371
-0.296002
-0.298165
-0.300164
-0.301963
-0.303519
-0.304785
-0.305664
-0.306079
-0.305931
-0.305131
-0.303685
-0.301623
-0.299143
-0.29657
-0.294329
-0.29286
-0.292547
-0.293585
-0.295939
-0.299365
-0.303516
-0.307995
-0.312412
-0.316462
-0.319922
-0.322761
-0.325141
-0.327396
-0.329971
-0.333308
-0.337646
-0.342959
-0.348949
-0.355171
-0.361159
-0.366521
-0.370968
-0.374323
-0.376473
-0.377336
-0.376849
-0.374988
-0.371756
-0.367237
-0.361607
-0.355151
-0.348227
-0.341168
-0.334284
-0.327806
-0.321871
-0.31659
-0.31208
-0.308392
-0.305495
-0.303329
-0.301815
-0.301041
-0.301428
-0.303656
-0.30842
-0.316052
-0.326251
-0.338147
-0.350611
-0.362576
-0.373229
-0.382053
-0.388724
-0.393063
-0.394922
-0.394183
-0.390738
-0.38457
-0.375885
-0.365344
-0.354231
-0.344422
-0.338077
-0.336771
-0.340748
-0.348789
-0.358903
-0.369161
-0.378216
-0.385382
-0.390422
-0.393337
-0.394299
-0.393498
-0.391204
-0.387769
-0.383685
-0.379543
-0.375985
-0.37361
-0.372793
-0.373582
-0.37568
-0.378529
-0.381448
-0.383734
-0.384792
-0.384167
-0.381544
-0.376794
-0.370044
-0.361731
-0.35268
-0.344031
-0.336966
-0.332403
-0.330652
-0.331433
-0.334039
-0.337654
-0.341627
-0.345565
-0.349342
-0.35307
-0.356968
-0.361247
-0.366031
-0.37131
-0.376955
-0.382779
-0.388556
-0.394065
-0.399086
-0.403461
-0.407048
-0.40979
-0.411669
-0.412725
-0.41305
-0.412742
-0.411916
-0.410669
-0.409121
-0.407295
-0.405201
-0.402777
-0.399913
-0.396443
-0.392175
-0.387004
-0.380934
-0.374227
-0.367407
-0.361221
-0.356412
-0.35338
-0.351906
-0.351237
-0.350477
-0.349019
-0.34694
-0.345049
-0.344564
-0.346508
-0.351185
-0.35805
-0.366094
-0.374305
-0.382019
-0.388993
-0.395159
-0.400553
-0.405171
-0.408979
-0.411814
-0.41354
-0.413968
-0.412962
-0.410403
-0.406285
-0.400773
-0.394325
-0.387698
-0.381887
-0.377858
-0.376177
-0.376737
-0.378814
-0.381466
-0.383876
-0.385578
-0.386503
-0.386848
-0.386889
-0.386882
-0.387012
-0.387336
-0.387871
-0.388567
-0.389407
-0.39034
-0.391347
-0.392316
-0.393135
-0.393681
-0.393825
-0.393522
-0.392847
-0.391941
-0.391084
-0.390554
-0.390639
-0.391525
-0.393248
-0.395733
-0.398789
-0.402153
-0.405574
-0.408835
-0.411795
-0.41435
-0.416474
-0.418153
-0.419445
-0.420357
-0.420961
-0.421289
-0.421392
-0.421295
-0.421034
-0.420606
-0.420041
-0.41935
-0.418553
-0.417672
-0.416765
-0.415883
-0.415062
-0.414371
-0.413834
-0.413464
-0.41325
-0.41314
-0.413048
-0.412913
-0.412615
-0.412058
-0.411176
-0.409914
-0.408251
-0.406253
-0.404021
-0.401758
-0.399714
-0.39815
-0.397306
-0.397319
-0.398149
-0.399581
-0.401222
-0.402621
-0.403403
-0.403337
-0.402441
-0.401014
-0.399537
-0.398577
-0.398634
-0.399971
-0.402638
-0.406448
-0.411066
-0.416107
-0.421203
-0.42608
-0.430487
-0.434271
-0.43734
-0.439632
-0.441118
-0.441797
-0.44166
-0.440688
-0.438823
-0.435979
-0.432022
-0.426867
-0.420633
-0.413865
-0.407558
-0.403135
-0.401847
-0.404082
-0.409085
-0.415279
-0.42099
-0.425001
-0.42667
-0.425874
-0.422817
-0.417899
-0.411688
-0.404851
-0.398158
-0.392322
-0.387911
-0.385204
-0.384203
-0.384629
-0.386063
-0.388083
-0.390315
-0.392511
-0.394519
-0.396312
-0.39788
-0.399205
-0.400289
-0.401112
-0.401648
-0.401885
-0.401809
-0.401399
-0.400668
-0.399637
-0.39837
-0.396945
-0.395479
-0.394041
-0.392646
-0.391252
-0.389708
-0.387795
-0.385336
-0.382201
-0.378431
-0.37422
-0.369935
-0.366074
-0.363148
-0.361583
-0.361601
-0.363132
-0.365844
-0.369248
-0.372811
-0.376095
-0.378818
-0.380833
-0.38211
-0.3827
-0.382695
-0.382193
-0.381305
-0.380124
-0.378727
-0.377167
-0.37551
-0.373783
-0.372003
-0.370191
-0.368346
-0.366459
-0.364507
-0.362457
-0.360253
-0.357829
-0.355109
-0.352017
-0.348493
-0.344505
-0.340137
-0.335573
-0.331169
-0.327414
-0.324804
-0.323753
-0.324343
-0.326386
-0.329395
-0.332789
-0.336032
-0.338713
-0.340617
-0.341622
-0.34171
-0.34091
-0.339254
-0.336816
-0.333688
-0.329994
-0.325928
-0.321809
-0.318016
-0.315005
-0.313165
-0.312694
-0.313537
-0.315358
-0.31766
-0.319836
-0.321392
-0.321917
-0.321199
-0.319224
-0.316211
-0.312675
-0.309394
-0.307295
-0.307157
-0.309316
-0.313563
-0.319187
-0.325353
-0.331308
-0.336574
-0.340937
-0.344387
-0.347079
-0.349175
-0.350901
-0.352461
-0.354007
-0.35567
-0.357527
-0.359588
-0.361812
-0.36411
-0.366368
-0.36847
-0.370321
-0.37182
-0.372922
-0.373623
-0.373929
-0.373899
-0.373629
-0.373195
-0.372629
-0.371906
-0.370917
-0.369494
-0.367411
-0.36452
-0.360715
-0.356012
-0.350594
-0.344751
-0.338879
-0.333384
-0.32859
-0.324667
-0.321573
-0.319161
-0.317379
-0.316492
-0.317111
-0.319887
-0.325124
-0.332503
-0.341213
-0.350299
-0.358929
-0.366549
-0.372821
-0.377562
-0.380692
-0.382215
-0.382181
-0.380736
-0.378135
-0.374731
-0.370929
-0.367183
-0.363861
-0.361269
-0.359596
-0.358947
-0.359296
-0.36054
-0.362514
-0.364993
-0.367722
-0.370462
-0.372993
-0.375167
-0.376905
-0.378226
-0.379176
-0.379826
-0.380218
-0.380387
-0.380323
-0.379958
-0.379221
-0.378033
-0.376337
-0.374112
-0.371436
-0.368458
-0.36539
-0.36245
-0.35979
-0.357461
-0.355388
-0.353408
-0.35131
-0.348955
-0.346302
-0.34345
-0.340618
-0.338128
-0.336337
-0.335548
-0.335934
-0.337481
-0.340009
-0.343184
-0.346665
-0.350108
-0.353236
-0.35583
-0.357708
-0.358754
-0.358855
-0.357885
-0.35573
-0.352296
-0.347501
-0.341331
-0.33386
-0.32533
-0.316154
-0.306888
-0.298178
-0.290612
-0.284617
-0.280395
-0.277938
-0.277072
-0.277462
-0.278712
-0.280372
-0.281998
-0.283238
-0.283943
-0.28422
-0.284482
-0.285328
-0.287371
-0.29102
-0.296287
-0.302731
-0.309705
-0.316539
-0.322725
-0.327991
-0.33228
-0.335634
-0.33823
-0.340224
-0.341767
-0.342999
-0.344014
-0.344877
-0.345654
-0.346374
-0.347064
-0.347737
-0.348425
-0.349132
-0.349863
-0.350635
-0.351443
-0.352286
-0.353138
-0.353964
-0.354731
-0.355391
-0.355849
-0.356007
-0.355741
-0.354902
-0.353302
-0.350745
-0.347055
-0.342163
-0.336196
-0.329561
-0.322959
-0.31725
-0.313122
-0.310776
-0.309882
-0.309821
-0.310154
-0.310907
-0.312548
-0.315754
-0.321004
-0.32828
-0.337057
-0.34651
-0.35575
-0.364104
-0.371189
-0.376891
-0.381296
-0.384595
-0.38701
-0.388745
-0.389974
-0.390835
-0.391421
-0.391811
-0.392111
-0.392356
-0.392649
-0.393059
-0.393646
-0.394437
-0.39545
-0.396671
-0.398089
-0.399649
-0.401367
-0.403219
-0.405205
-0.407292
-0.409427
-0.411492
-0.413342
-0.414775
-0.415588
-0.415604
-0.414613
-0.412516
-0.409283
-0.405069
-0.400177
-0.395081
-0.390343
-0.386425
-0.383524
-0.381484
-0.379937
-0.378528
-0.377186
-0.376106
-0.375724
-0.376434
-0.378434
-0.381642
-0.385797
-0.390576
-0.395651
-0.400714
-0.405446
-0.409518
-0.412608
-0.414375
-0.414561
-0.412998
-0.409631
-0.404588
-0.398229
-0.391246
-0.384604
-0.379385
-0.376566
-0.3767
-0.379702
-0.384928
-0.391403
-0.398124
-0.404319
-0.409526
-0.413595
-0.416554
-0.418515
-0.419637
-0.42008
-0.419931
-0.419257
-0.418106
-0.416457
-0.414278
-0.411512
-0.408109
-0.404055
-0.399424
-0.394432
-0.389501
-0.385254
-0.382366
-0.381365
-0.382464
-0.385413
-0.389662
-0.394497
-0.39931
-0.403687
-0.407396
-0.410375
-0.412646
-0.414292
-0.415387
-0.416034
-0.416284
-0.416179
-0.415771
-0.415067
-0.414093
-0.41283
-0.411273
-0.409365
-0.407092
-0.404436
-0.401457
-0.398343
-0.39546
-0.393311
-0.392475
-0.393369
-0.396044
-0.400108
-0.404854
-0.409468
-0.413275
-0.415892
-0.417216
-0.417381
-0.416664
-0.415345
-0.413661
-0.411702
-0.409461
-0.406811
-0.403701
-0.400161
-0.396477
-0.393197
-0.391075
-0.390813
-0.392794
-0.396807
-0.402193
-0.408083
-0.413786
-0.418876
-0.423184
-0.426749
-0.42967
-0.432098
-0.434175
-0.436055
-0.437903
-0.439844
-0.441975
-0.444302
-0.446806
-0.449403
-0.451952
-0.454328
-0.456426
-0.458178
-0.45956
-0.460578
-0.461235
-0.461601
-0.461677
-0.461505
-0.461143
-0.460596
-0.459899
-0.459074
-0.458189
-0.457298
-0.45648
-0.45583
-0.45541
-0.455255
-0.455278
-0.455305
-0.455093
-0.454328
-0.452735
-0.45011
-0.446357
-0.4415
-0.435671
-0.429152
-0.422343
-0.415796
-0.410181
-0.406155
-0.404307
-0.404949
-0.408135
-0.413575
-0.420748
-0.429013
-0.437803
-0.446667
-0.455226
-0.463106
-0.469964
-0.475452
-0.479302
-0.481349
-0.481587
-0.480071
-0.476956
-0.472447
-0.466797
-0.4603
-0.453306
-0.446176
-0.439303
-0.433054
-0.427741
-0.423572
-0.420621
-0.418806
-0.417968
-0.417847
-0.418248
-0.418993
-0.419958
-0.421089
-0.42234
-0.423714
-0.425181
-0.426703
-0.428259
-0.429797
-0.431283
-0.432667
-0.433893
-0.434958
-0.435822
-0.436479
-0.436951
-0.43724
-0.43736
-0.437339
-0.437199
-0.436958
-0.436615
-0.436183
-0.435673
-0.435069
-0.434359
-0.433488
-0.432417
-0.431089
-0.429408
-0.4273
-0.424676
-0.421445
-0.417609
-0.413229
-0.408497
-0.403755
-0.399523
-0.396411
-0.395011
-0.395664
-0.398353
-0.40269
-0.408028
-0.413631
-0.418926
-0.423521
-0.427206
-0.429967
-0.431885
-0.433066
-0.433671
-0.433854
-0.433764
-0.433544
-0.433297
-0.43309
-0.432992
-0.43297
-0.432996
-0.432974
-0.432819
-0.432384
-0.431554
-0.430218
-0.428271
-0.42561
-0.42219
-0.417998
-0.413059
-0.407468
-0.40142
-0.395257
-0.389521
-0.384916
-0.382238
-0.382129
-0.384851
-0.390218
-0.397576
-0.406104
-0.414993
-0.423623
-0.43157
-0.438596
-0.444566
-0.449409
-0.453069
-0.455502
-0.456616
-0.456344
-0.454602
-0.451371
-0.446775
-0.441157
-0.435129
-0.429581
-0.425459
-0.423457
-0.423763
-0.425943
-0.42922
-0.432738
-0.435847
-0.438188
-0.439662
-0.440334
-0.440415
-0.440112
-0.439633
-0.439157
-0.438814
-0.438687
-0.438791
-0.43909
-0.439538
-0.440023
-0.440504
-0.440865
-0.441066
-0.441049
-0.440773
-0.440239
-0.439441
-0.438403
-0.43716
-0.435761
-0.434291
-0.432869
-0.431577
-0.430526
-0.429795
-0.429466
-0.429571
-0.430109
-0.431055
-0.432363
-0.43397
-0.4358
-0.437783
-0.439863
-0.441957
-0.444023
-0.446028
-0.447924
-0.449695
-0.451316
-0.452787
-0.454097
-0.455223
-0.456169
-0.45694
-0.457503
-0.457837
-0.457915
-0.457682
-0.457104
-0.456097
-0.454622
-0.452653
-0.450196
-0.447263
-0.443993
-0.440536
-0.437099
-0.433926
-0.431299
-0.429484
-0.428705
-0.429103
-0.430666
-0.433293
-0.436737
-0.440615
-0.444513
-0.448026
-0.450764
-0.452496
-0.453132
-0.452763
-0.45167
-0.450234
-0.448842
-0.447754
-0.447
-0.446387
-0.445523
-0.443993
-0.441489
-0.437998
-0.43387
-0.42976
-0.426506
-0.424753
-0.424714
-0.426068
-0.428074
-0.429857
-0.4307
-0.430162
-0.428181
-0.425101
-0.42165
-0.418781
-0.417453
-0.418257
-0.421216
-0.425804
-0.43118
-0.436526
-0.441215
-0.444899
-0.447428
-0.448775
-0.44901
-0.448187
-0.446376
-0.443619
-0.439987
-0.435556
-0.430461
-0.424912
-0.419224
-0.413779
-0.409001
-0.405241
-0.402714
-0.401432
-0.401216
-0.401812
-0.402917
-0.404298
-0.405772
-0.407236
-0.40866
-0.410029
-0.411322
-0.412485
-0.413496
-0.4143
-0.414783
-0.41484
-0.414348
-0.413145
-0.411069
-0.407922
-0.403555
-0.397844
-0.390802
-0.382689
-0.374089
-0.365911
-0.359282
-0.355123
-0.353861
-0.355123
-0.357945
-0.361184
-0.363893
-0.365491
-0.365876
-0.365411
-0.364706
-0.364461
-0.365217
-0.367166
-0.37011
-0.373593
-0.377079
-0.380151
-0.382544
-0.384153
-0.384912
-0.384777
-0.383643
-0.381334
-0.377606
-0.372211
-0.364991
-0.356007
-0.345738
-0.335169
-0.325712
-0.318864
-0.315692
-0.316341
-0.320075
-0.325634
-0.331759
-0.337508
-0.342348
-0.346129
-0.348832
-0.350616
-0.351663
-0.352209
-0.352469
-0.352634
-0.352782
-0.352907
-0.352885
-0.352567
-0.351804
-0.350507
-0.348622
-0.346182
-0.343256
-0.339955
-0.336366
-0.3326
-0.328763
-0.324971
-0.321379
-0.318183
-0.31562
-0.313903
-0.313234
-0.313687
-0.315206
-0.317586
-0.320552
-0.323777
-0.326956
-0.329827
-0.332196
-0.333938
-0.334955
-0.335164
-0.334482
-0.332773
-0.329891
-0.325627
-0.319757
-0.312093
-0.302577
-0.291518
-0.279858
-0.269392
-0.262588
-0.261593
-0.266977
-0.277192
-0.289381
-0.300821
-0.309758
-0.31552
-0.31819
-0.318335
-0.31681
-0.314608
-0.312686
-0.311828
-0.312364
-0.314127
-0.316613
-0.319171
-0.321305
-0.322728
-0.323408
-0.323526
-0.323358
-0.323192
-0.323202
-0.323411
-0.323674
-0.323694
-0.323087
-0.321524
-0.318756
-0.314691
-0.309517
-0.303645
-0.29774
-0.292569
-0.288869
-0.287162
-0.287652
-0.290304
-0.29484
-0.300926
-0.308112
-0.315855
-0.323576
-0.330683
-0.336733
-0.341454
-0.344771
-0.346776
-0.347679
-0.347731
-0.347223
-0.346389
-0.34538
-0.344268
-0.343054
-0.341737
-0.34032
-0.338894
-0.337676
-0.336882
-0.336683
-0.337165
-0.338258
-0.339802
-0.34159
-0.343432
-0.345197
-0.346779
-0.34811
-0.349142
-0.349833
-0.350142
-0.350038
-0.349486
-0.348489
-0.347067
-0.345251
-0.343148
-0.340883
-0.338637
-0.336641
-0.33517
-0.3345
-0.33483
-0.33626
-0.338748
-0.342135
-0.34615
-0.350496
-0.354874
-0.359065
-0.36292
-0.366341
-0.369297
-0.371804
-0.373894
-0.375604
-0.376984
-0.378072
-0.378911
-0.379531
-0.379952
-0.380201
-0.380306
-0.380293
-0.380198
-0.380042
-0.379872
-0.379728
-0.379631
-0.379585
-0.379566
-0.379525
-0.379381
-0.379069
-0.378525
-0.377743
-0.376766
-0.375673
-0.374541
-0.373395
-0.372101
-0.370437
-0.368109
-0.36498
-0.361307
-0.357871
-0.355941
-0.356797
-0.361111
-0.368538
-0.37794
-0.387927
-0.39736
-0.405574
-0.412319
-0.417599
-0.421466
-0.424039
-0.425387
-0.425572
-0.42461
-0.422553
-0.41943
-0.415273
-0.41011
-0.403981
-0.397023
-0.389567
-0.382373
-0.376647
-0.373765
-0.374719
-0.379388
-0.386484
-0.394196
-0.400841
-0.405395
-0.40753
-0.407417
-0.405566
-0.402604
-0.399219
-0.396066
-0.393677
-0.392397
-0.392332
-0.393407
-0.395406
-0.398047
-0.401073
-0.404267
-0.407423
-0.410423
-0.413125
-0.415439
-0.417257
-0.418534
-0.419242
-0.419376
-0.419
-0.41819
-0.417044
-0.415682
-0.414228
-0.412817
-0.411572
-0.410597
-0.409959
-0.409666
-0.409734
-0.410099
-0.410661
-0.411319
-0.411962
-0.412488
-0.412812
-0.412828
-0.412493
-0.411751
-0.410568
-0.408909
-0.406739
-0.404017
-0.40069
-0.396683
-0.391907
-0.386353
-0.380105
-0.373511
-0.36719
-0.36206
-0.359062
-0.358782
-0.361181
-0.365512
-0.370748
-0.375883
-0.380261
-0.38359
-0.385862
-0.387208
-0.387843
-0.387932
-0.387643
-0.387076
-0.386272
-0.385276
-0.38405
-0.38257
-0.380828
-0.37879
-0.376473
-0.373914
-0.371197
-0.368459
-0.365869
-0.363605
-0.361874
-0.360812
-0.360467
-0.36084
-0.361789
-0.363149
-0.364743
-0.366397
-0.367958
-0.369338
-0.370494
-0.371399
-0.372096
-0.372607
-0.372995
-0.37328
-0.373462
-0.373512
-0.373389
-0.373058
-0.372499
-0.371765
-0.370946
-0.370179
-0.369579
-0.369224
-0.369114
-0.369157
-0.369155
-0.368841
-0.367966
-0.366279
-0.363585
-0.359809
-0.355092
-0.349798
-0.344586
-0.340338
-0.337934
-0.337837
-0.339848
-0.343107
-0.346427
-0.348761
-0.349506
-0.348632
-0.346593
-0.344166
-0.342062
-0.340688
-0.340028
-0.339766
-0.339528
-0.339081
-0.338458
-0.337827
-0.337489
-0.337676
-0.338539
-0.340122
-0.342386
-0.345199
-0.348334
-0.351515
-0.354499
-0.357038
-0.35896
-0.360176
-0.360643
-0.360398
-0.359488
-0.357986
-0.35598
-0.353558
-0.350795
-0.347786
-0.344612
-0.341364
-0.338153
-0.335094
-0.33235
-0.330076
-0.328436
-0.327583
-0.327593
-0.328485
-0.330179
-0.332516
-0.335272
-0.338232
-0.34117
-0.343901
-0.346301
-0.3483
-0.34982
-0.350865
-0.351412
-0.351445
-0.350954
-0.349894
-0.348181
-0.345695
-0.342212
-0.337476
-0.331101
-0.322749
-0.312244
-0.299918
-0.287091
-0.276122
-0.269808
-0.269839
-0.275622
-0.284632
-0.293948
-0.301528
-0.306446
-0.308711
-0.308747
-0.307173
-0.304604
-0.301619
-0.298721
-0.296339
-0.294795
-0.294294
-0.294891
-0.296546
-0.299105
-0.302376
-0.306089
-0.310017
-0.313941
-0.317696
-0.321162
-0.324267
-0.326982
-0.329314
-0.331273
-0.332892
-0.334207
-0.335267
-0.336106
-0.336749
-0.337235
-0.33759
-0.337835
-0.337986
-0.338064
-0.33808
-0.338073
-0.338072
-0.338099
-0.338195
-0.338403
-0.338766
-0.339298
-0.340023
-0.340943
-0.342018
-0.343198
-0.344406
-0.345594
-0.346657
-0.34753
-0.34816
-0.348524
-0.348642
-0.348573
-0.348399
-0.348219
-0.348098
-0.348005
-0.347754
-0.347019
-0.345327
-0.342139
-0.337065
-0.33004
-0.321665
-0.313216
-0.306556
-0.303437
-0.304859
-0.310611
-0.319372
-0.329266
-0.338454
-0.345543
-0.349814
-0.351157
-0.350031
-0.347225
-0.343787
-0.340773
-0.339044
-0.33905
-0.340791
-0.343846
-0.347566
-0.351343
-0.35465
-0.357244
-0.359079
-0.360262
-0.361004
-0.361494
-0.361926
-0.362374
-0.362887
-0.363511
-0.364305
-0.365349
-0.366682
-0.368335
-0.370238
-0.372254
-0.374269
-0.376189
-0.378032
-0.379896
-0.381935
-0.384263
-0.38693
-0.389847
-0.39286
-0.395748
-0.398272
-0.400208
-0.401402
-0.401715
-0.401046
-0.399309
-0.396448
-0.392459
-0.387437
-0.381645
-0.375516
-0.369712
-0.365028
-0.362227
-0.361828
-0.363981
-0.368361
-0.374335
-0.381096
-0.387878
-0.394041
-0.399214
-0.403246
-0.406172
-0.408144
-0.409388
-0.410095
-0.410377
-0.410279
-0.409721
-0.408583
-0.406695
-0.403945
-0.400271
-0.39581
-0.390857
-0.385933
-0.381654
-0.378552
-0.376974
-0.376929
-0.37817
-0.380221
-0.382425
-0.383928
-0.383726
-0.381017
-0.375507
-0.367815
-0.359691
-0.353771
-0.35272
-0.357951
-0.368753
-0.382603
-0.396551
-0.408387
-0.417134
-0.422811
-0.426038
-0.427722
-0.4288
-0.430072
-0.432129
-0.435264
-0.439514
-0.444661
-0.450362
-0.456262
-0.462031
-0.467443
-0.472388
-0.476833
-0.480778
-0.484256
-0.487339
-0.490036
-0.492394
-0.494414
-0.496056
-0.497279
-0.498051
-0.498318
-0.498086
-0.497405
-0.496446
-0.495471
-0.494804
-0.49479
-0.495687
-0.497608
-0.500489
-0.504093
-0.508043
-0.511919
-0.515273
-0.517726
-0.518893
-0.51848
-0.516262
-0.51207
-0.505788
-0.497338
-0.486633
-0.473567
-0.458018
-0.439969
-0.41979
-0.398709
-0.379195
-0.36474
-0.35871
-0.362706
-0.375781
-0.394986
-0.416783
-0.438166
-0.457063
-0.472325
-0.483478
-0.490478
-0.493557
-0.493181
-0.490022
-0.484988
-0.479159
-0.473674
-0.469519
-0.467353
-0.467326
-0.469077
-0.471891
-0.474989
-0.477687
-0.479545
-0.480362
-0.480143
-0.478964
-0.477001
-0.474411
-0.471349
-0.467914
-0.464234
-0.460376
-0.456417
-0.452439
-0.448549
-0.444885
-0.441586
-0.438828
-0.436712
-0.435306
-0.434579
-0.434428
-0.434694
-0.435185
-0.435756
-0.436297
-0.436811
-0.437313
-0.437919
-0.438706
-0.439706
-0.440911
-0.442205
-0.443415
-0.44432
-0.444689
-0.444343
-0.443147
-0.441078
-0.438151
-0.434439
-0.43007
-0.425169
-0.419855
-0.414297
-0.408763
-0.403644
-0.399384
-0.396308
-0.394483
-0.393632
-0.393326
-0.393194
-0.393091
-0.393187
-0.393814
-0.395236
-0.397584
-0.400688
-0.404241
-0.407888
-0.411347
-0.414469
-0.417249
-0.41979
-0.422266
-0.424837
-0.427623
-0.430663
-0.433905
-0.437239
-0.440503
-0.443585
-0.44635
-0.44872
-0.450624
-0.452008
-0.452808
-0.452967
-0.452433
-0.451167
-0.449148
-0.446424
-0.44308
-0.439267
-0.435205
-0.431149
-0.427351
-0.423966
-0.421104
-0.418844
-0.417282
-0.41659
-0.416919
-0.418332
-0.420704
-0.423704
-0.426815
-0.429487
-0.431265
-0.431825
-0.431066
-0.429016
-0.425896
-0.422063
-0.417954
-0.414055
-0.410852
-0.408767
-0.408072
-0.408871
-0.411048
-0.414322
-0.418279
-0.422479
-0.426521
-0.430144
-0.433182
-0.435597
-0.437393
-0.438576
-0.439156
-0.439148
-0.43855
-0.437366
-0.435656
-0.433489
-0.430989
-0.428315
-0.425619
-0.423051
-0.420722
-0.418664
-0.41689
-0.41534
-0.413953
-0.412623
-0.41131
-0.409988
-0.408769
-0.407769
-0.407173
-0.407144
-0.407781
-0.409107
-0.411068
-0.413531
-0.416363
-0.419399
-0.422475
-0.42542
-0.428074
-0.430262
-0.431852
-0.432716
-0.432743
-0.431885
-0.430114
-0.427488
-0.424122
-0.420252
-0.416219
-0.412442
-0.409384
-0.407432
-0.406829
-0.407608
-0.409601
-0.412483
-0.415854
-0.419276
-0.422351
-0.424801
-0.426448
-0.427269
-0.42733
-0.426795
-0.42587
-0.424709
-0.423415
-0.422025
-0.420592
-0.419195
-0.417997
-0.417181
-0.4169
-0.417187
-0.417985
-0.419088
-0.420273
-0.421323
-0.422101
-0.422526
-0.422577
-0.42228
-0.421715
-0.420951
-0.420141
-0.419364
-0.418723
-0.418208
-0.41773
-0.417047
-0.415837
-0.413736
-0.410443
-0.405799
-0.399899
-0.393109
-0.386116
-0.379783
-0.375014
-0.372461
-0.372353
-0.374451
-0.378129
-0.382663
-0.387428
-0.391986
-0.396104
-0.399644
-0.40253
-0.404673
-0.406111
-0.407009
-0.407659
-0.408364
-0.409312
-0.410522
-0.411853
-0.413115
-0.414252
-0.415331
-0.416563
-0.418174
-0.420316
-0.422938
-0.425821
-0.428612
-0.430974
-0.432624
-0.433334
-0.433006
-0.431591
-0.429093
-0.425542
-0.421015
-0.415687
-0.409805
-0.403675
-0.397622
-0.391892
-0.38669
-0.382187
-0.37855
-0.375968
-0.374571
-0.374361
-0.37519
-0.376795
-0.378942
-0.381508
-0.384607
-0.388526
-0.393514
-0.399645
-0.40669
-0.414163
-0.421495
-0.428221
-0.434011
-0.438709
-0.442305
-0.444831
-0.446376
-0.447004
-0.446775
-0.445714
-0.44387
-0.441247
-0.437906
-0.433919
-0.42939
-0.424473
-0.419379
-0.414328
-0.409553
-0.405215
-0.401411
-0.398137
-0.3953
-0.392769
-0.390427
-0.388191
-0.386106
-0.384258
-0.382775
-0.381733
-0.381162
-0.38104
-0.381328
-0.382019
-0.383167
-0.38475
-0.386674
-0.388722
-0.390576
-0.391901
-0.392474
-0.392234
-0.391299
-0.389964
-0.388619
-0.387657
-0.387387
-0.387939
-0.389239
-0.391105
-0.393269
-0.395459
-0.397481
-0.399176
-0.400472
-0.401311
-0.401676
-0.401538
-0.400839
-0.3995
-0.397416
-0.394436
-0.390451
-0.385436
-0.37961
-0.373482
-0.367929
-0.364049
-0.362722
-0.364212
-0.367983
-0.372944
-0.377918
-0.382018
-0.384816
-0.386342
-0.38689
-0.386905
-0.386852
-0.387005
-0.387457
-0.388088
-0.388668
-0.388885
-0.388484
-0.387313
-0.38532
-0.382624
-0.379417
-0.375963
-0.372559
-0.369449
-0.366758
-0.364489
-0.362573
-0.360864
-0.359304
-0.357964
-0.356987
-0.356631
-0.357103
-0.358595
-0.361127
-0.364655
-0.368995
-0.373924
-0.379184
-0.384514
-0.38966
-0.394438
-0.398703
-0.402371
-0.405433
-0.407893
-0.409814
-0.411247
-0.41228
-0.412993
-0.413475
-0.413793
-0.413982
-0.414079
-0.414098
-0.414006
-0.413756
-0.413299
-0.412586
-0.411548
-0.410202
-0.408567
-0.406723
-0.404839
-0.403096
-0.401704
-0.40091
-0.400835
-0.401573
-0.403014
-0.405017
-0.407376
-0.409874
-0.412341
-0.414664
-0.416796
-0.418704
-0.420386
-0.421877
-0.423179
-0.424324
-0.425323
-0.426191
-0.426949
-0.427602
-0.428141
-0.428552
-0.42879
-0.428817
-0.428531
-0.427849
-0.426682
-0.424929
-0.42249
-0.419316
-0.415431
-0.410934
-0.40603
-0.401009
-0.396225
-0.392065
-0.388867
-0.386837
-0.38603
-0.386296
-0.38736
-0.388822
-0.390299
-0.39146
-0.392062
-0.391989
-0.39121
-0.3898
-0.387906
-0.385721
-0.383491
-0.381509
-0.380071
-0.379417
-0.379738
-0.381064
-0.383311
-0.386286
-0.389685
-0.393191
-0.396536
-0.399472
-0.401838
-0.403566
-0.404588
-0.404931
-0.404641
-0.403814
-0.402545
-0.400951
-0.399127
-0.397164
-0.395134
-0.393113
-0.391203
-0.389557
-0.388371
-0.387867
-0.388222
-0.389497
-0.391638
-0.394422
-0.397526
-0.400549
-0.403071
-0.404632
-0.404735
-0.402822
-0.398261
-0.390456
-0.37917
-0.365181
-0.350889
-0.340142
-0.336496
-0.340815
-0.350634
-0.362134
-0.372358
-0.380081
-0.385304
-0.38855
-0.390372
-0.391173
-0.391153
-0.39041
-0.389004
-0.387018
-0.384595
-0.381993
-0.3795
-0.377456
-0.376156
-0.375839
-0.376595
-0.378388
-0.381053
-0.384337
-0.387986
-0.391748
-0.395456
-0.398957
-0.402178
-0.405083
-0.407642
-0.409835
-0.411669
-0.41314
-0.41426
-0.415058
-0.415565
-0.415829
-0.415911
-0.415859
-0.415714
-0.415535
-0.415343
-0.415182
-0.415098
-0.41515
-0.415431
-0.416021
-0.417025
-0.418508
-0.420518
-0.423039
-0.425989
-0.429229
-0.432556
-0.435694
-0.438363
-0.440258
-0.441098
-0.44065
-0.438752
-0.435399
-0.430764
-0.425267
-0.419488
-0.414043
-0.409398
-0.405671
-0.402629
-0.399814
-0.396847
-0.393615
-0.390381
-0.387657
-0.386051
-0.386061
-0.38792
-0.391543
-0.396533
-0.402258
-0.408031
-0.413271
-0.417603
-0.42096
-0.423538
-0.425705
-0.427846
-0.430258
-0.43302
-0.435997
-0.438877
-0.441304
-0.443017
-0.443927
-0.444081
-0.443643
-0.442807
-0.441708
-0.440414
-0.438859
-0.436958
-0.434595
-0.431716
-0.428372
-0.424788
-0.42127
-0.418158
-0.415779
-0.414294
-0.413706
-0.413854
-0.414444
-0.415164
-0.415728
-0.415953
-0.415753
-0.415128
-0.414187
-0.413021
-0.411809
-0.410646
-0.409644
-0.408849
-0.408312
-0.408005
-0.407888
-0.407908
-0.408007
-0.408128
-0.408239
-0.408308
-0.40832
-0.40827
-0.408184
-0.408082
-0.407961
-0.407847
-0.40774
-0.407644
-0.407555
-0.407453
-0.4073
-0.407074
-0.406722
-0.406194
-0.405451
-0.404434
-0.40314
-0.401553
-0.399701
-0.397618
-0.395349
-0.392968
-0.390472
-0.387822
-0.384915
-0.381695
-0.378221
-0.374789
-0.371952
-0.370369
-0.370476
-0.372213
-0.375001
-0.377955
-0.380271
-0.381486
-0.381549
-0.38076
-0.379592
-0.378523
-0.377809
-0.37748
-0.377391
-0.377309
-0.377081
-0.376666
-0.376198
-0.375903
-0.376089
-0.377027
-0.378923
-0.381814
-0.385581
-0.389926
-0.394454
-0.398731
-0.40235
-0.405034
-0.406618
-0.407041
-0.406369
-0.404747
-0.402324
-0.399309
-0.395904
-0.392301
-0.388675
-0.38517
-0.381905
-0.379036
-0.376741
-0.37524
-0.374811
-0.375718
-0.378076
-0.381792
-0.386556
-0.391901
-0.397346
-0.402432
-0.406844
-0.410362
-0.412828
-0.41414
-0.414207
-0.412981
-0.410455
-0.406767
-0.402264
-0.397508
-0.393328
-0.390568
-0.389983
-0.391832
-0.395897
-0.401487
-0.407721
-0.413822
-0.419195
-0.42351
-0.426649
-0.42862
-0.429517
-0.429462
-0.428596
-0.427091
-0.425104
-0.422764
-0.420209
-0.417569
-0.414916
-0.412346
-0.409938
-0.407782
-0.405959
-0.404595
-0.403789
-0.403623
-0.40412
-0.405232
-0.406834
-0.408759
-0.41078
-0.412688
-0.41426
-0.415346
-0.415831
-0.415656
-0.414847
-0.413457
-0.41163
-0.409486
-0.407242
-0.405098
-0.403212
-0.401714
-0.400688
-0.400121
-0.399973
-0.400188
-0.400695
-0.401429
-0.402377
-0.403537
-0.404935
-0.4066
-0.408499
-0.410594
-0.412809
-0.415006
-0.41704
-0.418772
-0.420095
-0.420985
-0.421495
-0.42183
-0.422256
-0.423072
-0.424511
-0.426667
-0.429479
-0.432742
-0.436188
-0.439522
-0.442538
-0.445068
-0.446998
-0.448264
-0.448808
-0.448561
-0.447443
-0.445335
-0.442174
-0.4379
-0.432547
-0.426295
-0.419566
-0.413069
-0.407753
-0.404546
-0.404064
-0.406256
-0.410374
-0.41522
-0.419558
-0.422499
-0.423544
-0.422654
-0.420104
-0.416355
-0.411997
-0.40757
-0.403523
-0.400172
-0.397748
-0.396353
-0.396064
-0.396881
-0.398815
-0.401805
-0.405762
-0.410536
-0.415907
-0.421615
-0.427336
-0.432706
-0.437384
-0.441011
-0.443277
-0.443884
-0.442595
-0.439327
-0.434321
-0.428288
-0.422472
-0.418445
-0.417532
-0.420189
-0.425803
-0.432964
-0.440191
-0.446374
-0.450943
-0.453706
-0.454715
-0.454142
-0.452184
-0.448977
-0.444693
-0.43949
-0.433563
-0.427146
-0.420556
-0.414184
-0.408447
-0.403683
-0.400132
-0.397869
-0.396804
-0.39668
-0.397202
-0.398098
-0.399137
-0.400166
-0.401066
-0.401799
-0.402372
-0.402823
-0.403239
-0.403719
-0.404349
-0.405174
-0.406216
-0.407445
-0.408805
-0.410212
-0.411565
-0.412768
-0.413707
-0.414289
-0.414412
-0.414031
-0.413172
-0.411929
-0.410503
-0.409208
-0.408331
-0.408143
-0.40879
-0.410225
-0.412244
-0.414548
-0.41682
-0.41878
-0.420265
-0.421159
-0.421447
-0.421103
-0.420152
-0.418565
-0.416277
-0.413173
-0.409145
-0.404075
-0.397908
-0.390797
-0.38318
-0.375758
-0.36942
-0.364991
-0.36291
-0.363095
-0.364972
-0.36777
-0.370808
-0.373607
-0.37592
-0.377676
-0.378878
-0.379595
-0.379884
-0.379806
-0.379423
-0.378785
-0.377967
-0.377063
-0.376147
-0.37529
-0.374575
-0.374044
-0.373762
-0.3737
-0.373843
-0.374162
-0.374556
-0.374973
-0.375324
-0.375585
-0.375699
-0.375654
-0.375434
-0.375071
-0.374602
-0.374052
-0.373471
-0.372848
-0.37218
-0.371404
-0.370392
-0.368944
-0.366812
-0.363676
-0.359213
-0.353242
-0.345882
-0.337754
-0.330084
-0.324377
-0.321819
-0.322619
-0.325933
-0.330385
-0.334832
-0.338761
-0.342189
-0.345503
-0.349061
-0.353049
-0.357439
-0.362007
-0.36649
-0.370598
-0.374076
-0.376768
-0.37857
-0.379415
-0.379294
-0.378205
-0.376212
-0.3734
-0.369922
-0.366025
-0.362044
-0.358365
-0.355362
-0.353342
-0.35242
-0.352535
-0.353479
-0.354951
-0.356661
-0.358383
-0.359971
-0.36138
-0.362626
-0.363734
-0.364752
-0.365694
-0.366568
-0.36737
-0.368104
-0.368752
-0.369327
-0.369838
-0.370328
-0.370812
-0.3713
-0.371783
-0.372214
-0.372539
-0.372701
-0.372668
-0.372401
-0.371913
-0.371249
-0.370486
-0.369706
-0.368966
-0.368281
-0.367605
-0.36681
-0.365739
-0.364237
-0.362202
-0.359614
-0.356546
-0.353211
-0.349898
-0.347003
-0.344901
-0.343931
-0.344333
-0.346186
-0.349327
-0.35346
-0.358176
-0.363052
-0.367715
-0.371879
-0.375388
-0.378152
-0.380178
-0.381531
-0.382314
-0.38264
-0.382623
-0.382389
-0.382004
-0.381567
-0.381122
-0.380666
-0.380222
-0.379747
-0.37922
-0.378623
-0.377919
-0.377088
-0.376137
-0.375091
-0.374006
-0.372953
-0.372013
-0.371305
-0.370914
-0.370937
-0.371361
-0.372168
-0.373274
-0.374558
-0.375866
-0.377063
-0.378021
-0.378648
-0.378872
-0.378665
-0.378002
-0.376911
-0.37542
-0.373584
-0.371498
-0.369276
-0.367087
-0.365133
-0.363628
-0.362772
-0.362744
-0.363672
-0.36557
-0.368407
-0.372038
-0.376278
-0.380903
-0.385696
-0.390431
-0.394951
-0.399095
-0.402747
-0.405788
-0.408136
-0.409703
-0.410428
-0.410291
-0.40932
-0.40764
-0.405412
-0.402872
-0.400261
-0.397794
-0.395564
-0.393561
-0.391707
-0.389931
-0.38824
-0.386779
-0.385766
-0.385448
-0.385944
-0.387134
-0.38869
-0.390116
-0.390989
-0.391106
-0.390695
-0.390351
-0.390907
-0.392984
-0.396685
-0.401527
-0.406672
-0.41129
-0.414767
-0.416834
-0.417493
-0.416967
-0.415612
-0.413853
-0.41211
-0.410736
-0.409948
-0.409781
-0.410123
-0.4108
-0.411734
-0.412971
-0.414714
-0.41721
-0.420548
-0.424606
-0.429032
-0.433398
-0.437303
-0.440462
-0.442754
-0.444173
-0.444816
-0.444808
-0.444294
-0.443424
-0.442316
-0.44114
-0.440056
-0.439287
-0.439039
-0.439495
-0.440744
-0.442779
-0.445436
-0.448441
-0.451524
-0.454382
-0.456789
-0.45861
-0.45976
-0.46023
-0.460052
-0.459318
-0.458128
-0.456676
-0.455175
-0.453881
-0.453073
-0.452996
-0.453772
-0.455409
-0.457714
-0.460316
-0.462696
-0.464291
-0.464503
-0.462867
-0.459096
-0.453252
-0.44585
-0.437947
-0.43105
-0.426737
-0.426176
-0.429663
-0.436493
-0.44534
-0.454738
-0.463518
-0.470979
-0.476864
-0.481134
-0.483938
-0.485451
-0.485874
-0.485408
-0.484257
-0.48269
-0.481036
-0.479632
-0.478823
-0.478871
-0.479929
-0.482014
-0.484977
-0.488565
-0.492393
-0.496116
-0.499421
-0.50207
-0.503944
-0.504994
-0.505277
-0.50491
-0.504033
-0.502779
-0.501242
-0.499462
-0.497408
-0.495058
-0.492356
-0.489308
-0.485922
-0.482162
-0.478014
-0.473476
-0.468785
-0.464548
-0.461768
-0.461546
-0.464544
-0.470588
-0.4786
-0.487183
-0.495126
-0.501636
-0.50639
-0.50943
-0.510945
-0.511197
-0.51047
-0.509019
-0.507088
-0.50489
-0.502613
-0.500447
-0.498573
-0.497134
-0.496278
-0.496074
-0.496593
-0.497807
-0.49963
-0.50189
-0.504328
-0.506677
-0.508604
-0.509797
-0.509967
-0.508903
-0.506475
-0.50277
-0.498059
-0.492852
-0.487894
-0.484003
-0.481936
-0.4821
-0.484454
-0.488519
-0.493609
-0.499018
-0.504192
-0.508736
-0.512411
-0.515088
-0.516768
-0.517528
-0.517506
-0.516896
-0.515827
-0.514292
-0.512118
-0.508968
-0.504535
-0.498789
-0.492164
-0.48567
-0.480755
-0.478827
-0.480709
-0.486263
-0.494495
-0.503961
-0.513346
-0.521725
-0.528593
-0.533805
-0.537411
-0.539571
-0.540481
-0.540365
-0.539401
-0.537742
-0.535476
-0.532684
-0.529429
-0.525814
-0.522031
-0.518437
-0.51551
-0.513735
-0.513509
-0.514986
-0.517959
-0.521927
-0.526192
-0.530012
-0.532755
-0.533938
-0.533306
-0.530814
-0.526608
-0.521059
-0.514652
-0.507953
-0.501505
-0.495742
-0.49098
-0.487376
-0.484953
-0.483726
-0.483665
-0.484756
-0.486968
-0.490115
-0.493899
-0.49788
-0.501552
-0.504471
-0.506383
-0.507187
-0.507027
-0.506166
-0.504929
-0.50372
-0.502862
-0.502592
-0.502988
-0.504015
-0.505499
-0.507196
-0.508889
-0.510365
-0.511471
-0.512104
-0.512224
-0.511834
-0.510931
-0.50953
-0.507626
-0.505235
-0.50238
-0.499052
-0.495255
-0.490998
-0.486292
-0.481179
-0.475712
-0.470036
-0.464392
-0.459168
-0.454886
-0.452114
-0.451307
-0.452709
-0.456156
-0.461224
-0.467231
-0.473564
-0.479631
-0.485042
-0.489541
-0.492989
-0.495363
-0.496684
-0.497034
-0.496513
-0.495247
-0.49339
-0.491079
-0.488435
-0.485559
-0.482477
-0.479218
-0.475742
-0.472011
-0.468002
-0.46373
-0.459228
-0.454497
-0.449522
-0.444239
-0.438618
-0.432848
-0.427436
-0.423231
-0.421127
-0.42157
-0.424302
-0.428411
-0.432718
-0.436259
-0.438464
-0.439236
-0.438798
-0.437563
-0.43595
-0.434265
-0.432641
-0.431084
-0.429591
-0.428377
-0.427874
-0.428708
-0.431304
-0.435586
-0.44091
-0.446202
-0.450334
-0.452353
-0.451518
-0.447351
-0.439569
-0.42826
-0.41407
-0.398555
-0.384173
-0.373663
-0.368778
-0.369299
-0.3733
-0.378388
-0.382837
-0.386042
-0.388306
-0.390296
-0.392546
-0.395191
-0.397975
-0.40047
-0.402377
-0.403653
-0.404493
-0.405138
-0.405827
-0.40663
-0.407545
-0.408487
-0.409363
-0.41008
-0.410577
-0.410801
-0.410704
-0.410278
-0.409473
-0.408306
-0.406798
-0.405007
-0.403089
-0.401214
-0.399613
-0.398499
-0.398051
-0.398333
-0.399301
-0.400776
-0.402519
-0.404275
-0.405819
-0.40699
-0.407687
-0.407855
-0.407537
-0.406748
-0.405543
-0.404001
-0.402199
-0.400205
-0.398084
-0.395876
-0.393671
-0.391496
-0.389372
-0.38731
-0.385318
-0.383389
-0.381495
-0.379614
-0.377726
-0.375824
-0.373893
-0.371945
-0.369996
-0.368083
-0.366261
-0.364593
-0.363135
-0.361979
-0.361164
-0.360725
-0.360684
-0.36104
-0.361746
-0.362777
-0.364081
-0.365585
-0.367244
-0.368992
-0.370769
-0.372522
-0.374193
-0.375751
-0.377159
-0.378386
-0.379425
-0.380271
-0.380921
-0.381415
-0.381761
-0.381989
-0.382119
-0.38218
-0.382187
-0.382143
-0.382064
-0.381931
-0.381741
-0.381516
-0.381265
-0.381024
-0.380794
-0.380596
-0.380422
-0.380262
-0.380111
-0.379977
-0.379885
-0.379864
-0.379929
-0.380083
-0.380301
-0.380533
-0.380704
-0.380765
-0.380703
-0.380519
-0.380272
-0.380055
-0.379951
-0.380081
-0.380533
-0.381344
-0.382525
-0.384058
-0.385861
-0.387804
-0.389744
-0.391524
-0.392977
-0.393967
-0.394365
-0.394112
-0.393199
-0.391683
-0.389718
-0.387475
-0.385158
-0.382973
-0.381059
-0.379465
-0.378135
-0.37693
-0.37562
-0.373955
-0.371661
-0.368529
-0.364576
-0.360124
-0.355932
-0.353071
-0.352621
-0.355182
-0.360557
-0.367884
-0.376017
-0.383962
-0.391111
-0.397204
-0.402214
-0.406259
-0.409504
-0.412087
-0.414111
-0.415651
-0.41674
-0.417398
-0.417591
-0.417256
-0.416319
-0.41469
-0.412273
-0.409025
-0.404974
-0.400277
-0.395211
-0.39014
-0.385442
-0.381357
-0.377914
-0.374985
-0.37233
-0.369889
-0.3678
-0.366422
-0.366138
-0.36717
-0.369427
-0.372545
-0.376056
-0.379522
-0.38263
-0.385253
-0.387439
-0.389324
-0.39108
-0.392869
-0.394804
-0.396918
-0.399165
-0.401456
-0.403658
-0.405608
-0.407173
-0.40822
-0.408648
-0.408368
-0.407345
-0.405557
-0.403067
-0.400005
-0.396571
-0.393029
-0.389632
-0.386622
-0.384107
-0.382053
-0.380278
-0.378524
-0.37658
-0.374313
-0.37171
-0.36885
-0.365937
-0.363169
-0.36077
-0.358891
-0.357611
-0.356949
-0.35688
-0.357333
-0.358264
-0.359563
-0.361161
-0.362932
-0.364732
-0.366412
-0.367811
-0.368776
-0.369172
-0.368927
-0.367983
-0.366331
-0.364019
-0.36115
-0.357841
-0.354302
-0.350752
-0.347391
-0.344466
-0.342111
-0.3404
-0.339324
-0.338794
-0.338674
-0.338793
-0.339009
-0.339228
-0.339351
-0.339351
-0.339193
-0.338882
-0.338443
-0.337892
-0.337257
-0.336555
-0.335805
-0.335042
-0.334274
-0.333513
-0.332788
-0.332082
-0.331422
-0.330821
-0.330281
-0.329821
-0.329442
-0.329152
-0.328966
-0.328864
-0.328879
-0.328993
-0.329229
-0.329567
-0.33003
-0.330593
-0.331272
-0.332065
-0.332936
-0.333882
-0.334876
-0.335887
-0.336875
-0.33777
-0.338472
-0.338856
-0.33874
-0.337872
-0.335929
-0.332504
-0.327143
-0.319454
-0.309312
-0.29728
-0.285034
-0.275371
-0.271326
-0.27456
-0.284256
-0.297741
-0.312092
-0.32526
-0.336309
-0.345128
-0.351995
-0.357272
-0.361326
-0.364451
-0.366879
-0.368727
-0.370095
-0.37103
-0.371522
-0.371568
-0.371104
-0.370114
-0.368602
-0.366577
-0.364118
-0.36135
-0.358437
-0.355593
-0.353013
-0.350828
-0.349072
-0.347701
-0.346581
-0.345558
-0.344537
-0.343499
-0.342556
-0.341975
-0.342057
-0.343087
-0.3452
-0.348363
-0.352378
-0.356937
-0.361696
-0.366366
-0.370699
-0.374572
-0.377929
-0.380864
-0.383501
-0.386012
-0.388558
-0.39123
-0.394024
-0.396813
-0.399418
-0.401633
-0.403248
-0.40414
-0.404167
-0.403328
-0.401633
-0.39915
-0.396052
-0.392573
-0.389015
-0.385707
-0.38299
-0.381143
-0.380353
-0.380613
-0.381815
-0.383715
-0.38602
-0.388443
-0.390752
-0.392767
-0.394397
-0.395591
-0.396365
-0.396733
-0.39673
-0.396386
-0.395708
-0.394685
-0.393296
-0.391479
-0.389203
-0.386393
-0.383047
-0.379195
-0.374951
-0.370542
-0.366351
-0.362838
-0.360483
-0.35967
-0.360545
-0.362973
-0.366564
-0.370752
-0.374999
-0.378837
-0.381932
-0.384108
-0.385305
-0.385571
-0.384999
-0.383735
-0.381937
-0.379819
-0.377574
-0.37542
-0.373512
-0.372031
-0.371082
-0.370715
-0.370915
-0.371609
-0.372701
-0.37407
-0.375568
-0.377058
-0.378428
-0.379569
-0.380398
-0.380851
-0.380878
-0.380425
-0.379453
-0.377933
-0.375839
-0.373155
-0.369943
-0.366335
-0.362585
-0.359015
-0.356034
-0.354009
-0.353141
-0.353394
-0.354509
-0.356039
-0.357521
-0.358577
-0.358919
-0.358426
-0.357067
-0.35492
-0.3521
-0.348785
-0.345177
-0.341516
-0.338077
-0.335119
-0.332863
-0.331504
-0.331123
-0.33171
-0.333135
-0.335215
-0.337718
-0.340416
-0.343123
-0.345648
-0.347898
-0.349811
-0.351371
-0.352565
-0.353431
-0.354017
-0.354371
-0.354555
-0.35463
-0.354643
-0.354635
-0.354649
-0.354696
-0.354802
-0.354973
-0.355199
-0.355489
-0.355824
-0.356185
-0.35657
-0.35696
-0.357335
-0.357672
-0.357909
-0.358011
-0.357871
-0.357415
-0.356517
-0.355103
-0.353094
-0.350489
-0.347384
-0.34401
-0.340748
-0.338075
-0.336506
-0.336408
-0.337951
-0.340994
-0.345166
-0.349916
-0.354703
-0.359053
-0.362655
-0.365396
-0.367331
-0.368709
-0.369893
-0.371308
-0.373298
-0.376081
-0.379662
-0.383878
-0.388462
-0.39308
-0.397462
-0.40141
-0.404791
-0.407536
-0.409574
-0.410865
-0.411377
-0.411049
-0.409854
-0.407813
-0.405023
-0.401739
-0.39836
-0.395405
-0.393372
-0.392581
-0.393054
-0.394473
-0.396327
-0.39811
-0.399484
-0.40037
-0.400936
-0.401483
-0.402329
-0.403661
-0.405472
-0.407555
-0.409535
-0.411027
-0.411634
-0.411064
-0.409143
-0.405778
-0.401044
-0.395153
-0.38848
-0.381536
-0.374937
-0.36936
-0.365613
-0.364561
-0.366969
-0.373178
-0.382686
-0.39422
-0.406167
-0.417193
-0.42644
-0.433563
-0.43853
-0.44144
-0.442476
-0.441906
-0.440097
-0.437514
-0.434713
-0.432146
-0.4301
-0.428516
-0.427057
-0.425235
-0.42269
-0.419468
-0.416167
-0.413887
-0.413732
-0.416229
-0.421014
-0.426997
-0.432895
-0.437755
-0.441079
-0.442736
-0.442851
-0.441654
-0.439364
-0.436122
-0.432046
-0.427188
-0.421619
-0.415415
-0.408739
-0.401849
-0.395176
-0.38919
-0.384473
-0.38146
-0.380423
-0.381331
-0.383878
-0.38759
-0.391966
-0.396575
-0.401154
-0.4056
-0.409891
-0.414037
-0.418048
-0.421874
-0.425439
-0.428689
-0.431531
-0.433933
-0.435856
-0.437311
-0.43831
-0.43887
-0.438974
-0.438606
-0.437729
-0.436281
-0.434175
-0.431295
-0.427502
-0.422693
-0.41683
-0.410013
-0.402531
-0.394947
-0.388062
-0.382896
-0.380412
-0.381269
-0.385475
-0.392374
-0.400819
-0.409555
-0.417534
-0.424107
-0.42897
-0.432069
-0.433513
-0.433497
-0.432247
-0.430066
-0.42726
-0.424216
-0.421311
-0.418948
-0.417474
-0.417126
-0.417979
-0.419913
-0.422658
-0.425825
-0.429047
-0.431981
-0.434408
-0.436218
-0.437412
-0.438085
-0.438361
-0.438428
-0.43841
-0.438412
-0.438408
-0.438335
-0.438084
-0.437544
-0.436601
-0.435224
-0.433426
-0.431316
-0.429066
-0.426874
-0.424986
-0.423555
-0.422648
-0.42221
-0.422045
-0.42197
-0.421802
-0.421422
-0.420858
-0.420221
-0.419662
-0.419337
-0.41935
-0.419721
-0.420417
-0.4213
-0.422212
-0.423027
-0.423635
-0.424005
-0.42413
-0.424064
-0.423869
-0.423586
-0.423224
-0.422777
-0.42221
-0.421519
-0.420733
-0.419936
-0.419259
-0.418886
-0.418939
-0.419493
-0.420543
-0.421936
-0.423538
-0.425132
-0.42656
-0.427672
-0.42838
-0.42861
-0.428327
-0.427504
-0.426101
-0.424086
-0.421423
-0.418082
-0.414047
-0.409355
-0.404103
-0.398504
-0.392854
-0.387542
-0.383026
-0.379736
-0.378036
-0.378127
-0.379971
-0.383336
-0.387794
-0.392815
-0.397854
-0.402444
-0.406316
-0.409412
-0.411859
-0.41401
-0.416303
-0.419116
-0.422696
-0.427022
-0.431889
-0.436934
-0.441776
-0.446104
-0.449726
-0.452515
-0.454433
-0.455495
-0.455718
-0.455152
-0.453808
-0.45172
-0.448962
-0.445597
-0.441794
-0.437752
-0.433729
-0.430018
-0.426907
-0.424611
-0.423206
-0.422609
-0.42261
-0.422896
-0.423118
-0.422931
-0.422094
-0.420496
-0.418191
-0.415502
-0.412952
-0.411175
-0.410768
-0.412004
-0.414746
-0.418462
-0.422389
-0.425773
-0.428123
-0.429253
-0.42935
-0.428926
-0.428668
-0.429212
-0.430929
-0.433792
-0.437423
-0.441308
-0.444958
-0.448009
-0.450294
-0.451784
-0.452521
-0.452614
-0.452173
-0.451285
-0.450036
-0.448498
-0.446723
-0.444816
-0.442832
-0.440877
-0.439061
-0.437416
-0.435955
-0.43457
-0.433063
-0.431147
-0.428516
-0.424961
-0.420507
-0.415423
-0.410304
-0.405911
-0.403099
-0.402682
-0.405237
-0.410882
-0.419049
-0.428569
-0.438085
-0.446429
-0.452872
-0.457164
-0.459422
-0.459949
-0.459168
-0.457531
-0.455473
-0.453401
-0.451602
-0.450281
-0.449527
-0.449315
-0.449592
-0.450237
-0.451148
-0.452175
-0.453179
-0.454019
-0.454517
-0.454492
-0.453852
-0.452548
-0.450695
-0.448535
-0.446461
-0.444861
-0.444123
-0.44436
-0.445456
-0.447057
-0.448704
-0.449951
-0.450414
-0.449898
-0.448285
-0.445534
-0.441681
-0.436869
-0.431353
-0.425523
-0.4199
-0.415046
-0.411519
-0.409694
-0.409706
-0.411353
-0.414257
-0.417885
-0.42174
-0.425417
-0.428669
-0.431493
-0.434
-0.436341
-0.43857
-0.440624
-0.442277
-0.443324
-0.443665
-0.443431
-0.443002
-0.442827
-0.443287
-0.444498
-0.446305
-0.448377
-0.450345
-0.451888
-0.452889
-0.453336
-0.453346
-0.453056
-0.452606
-0.452113
-0.451614
-0.451143
-0.45067
-0.450125
-0.44944
-0.448536
-0.447337
-0.445788
-0.443862
-0.441543
-0.438835
-0.435791
-0.432495
-0.429111
-0.425849
-0.422939
-0.420598
-0.419015
-0.418225
-0.418146
-0.418583
-0.419243
-0.419831
-0.420083
-0.41987
-0.419135
-0.417912
-0.4163
-0.414456
-0.412492
-0.410499
-0.408514
-0.406554
-0.404622
-0.402727
-0.400931
-0.399309
-0.397927
-0.396814
-0.39597
-0.39536
-0.394862
-0.394452
-0.394097
-0.393823
-0.393716
-0.393859
-0.394321
-0.395145
-0.396318
-0.397765
-0.399368
-0.401018
-0.402573
-0.403948
-0.405047
-0.405806
-0.406171
-0.406085
-0.405497
-0.404362
-0.402669
-0.400409
-0.397646
-0.394541
-0.391305
-0.388282
-0.385874
-0.384488
-0.384464
-0.385989
-0.389031
-0.393343
-0.39849
-0.403981
-0.40932
-0.414118
-0.41809
-0.421055
-0.422948
-0.42374
-0.423485
-0.422234
-0.420116
-0.417282
-0.413938
-0.410317
-0.406719
-0.403399
-0.400634
-0.398634
-0.397516
-0.397304
-0.397944
-0.399301
-0.401199
-0.403454
-0.405861
-0.408274
-0.410563
-0.412667
-0.414555
-0.416226
-0.417685
-0.418937
-0.419936
-0.420583
-0.420719
-0.420087
-0.418369
-0.415221
-0.410395
-0.403966
-0.396527
-0.389402
-0.384373
-0.382905
-0.385359
-0.390655
-0.396904
-0.402348
-0.405923
-0.407395
-0.407163
-0.405983
-0.404729
-0.404169
-0.40475
-0.406573
-0.409441
-0.412941
-0.416687
-0.420383
-0.423897
-0.42714
-0.430094
-0.432787
-0.435202
-0.437352
-0.439249
-0.440948
-0.442484
-0.443943
-0.445363
-0.446776
-0.448146
-0.449363
-0.450305
-0.450796
-0.450685
-0.449854
-0.448238
-0.445918
-0.443106
-0.44016
-0.437584
-0.43592
-0.435678
-0.437205
-0.44056
-0.445471
-0.451373
-0.457535
-0.463179
-0.467575
-0.470139
-0.470523
-0.468498
-0.464032
-0.45716
-0.447918
-0.436295
-0.422263
-0.406065
-0.388564
-0.371364
-0.35663
-0.346403
-0.342006
-0.343839
-0.351633
-0.364625
-0.381563
-0.400769
-0.420409
-0.438829
-0.454729
-0.467283
-0.476089
-0.481163
-0.482791
-0.481597
-0.478413
-0.474194
-0.469919
-0.466372
-0.464001
-0.462855
-0.462622
-0.46288
-0.463227
-0.463412
-0.463384
-0.463143
-0.462614
-0.46158
-0.45975
-0.456834
-0.452726
-0.447561
-0.441801
-0.436155
-0.431419
-0.428297
-0.427194
-0.428131
-0.43076
-0.43446
-0.438537
-0.442381
-0.445564
-0.447839
-0.449169
-0.44969
-0.449633
-0.449311
-0.449035
-0.44908
-0.449625
-0.450696
-0.452167
-0.453743
-0.455054
-0.45566
-0.455116
-0.453101
-0.44948
-0.444394
-0.438363
-0.432212
-0.427068
-0.423987
-0.423763
-0.426593
-0.432095
-0.439418
-0.447504
-0.455352
-0.462247
-0.46779
-0.471828
-0.474441
-0.475778
-0.476012
-0.475325
-0.47386
-0.471708
-0.468932
-0.465565
-0.461645
-0.457227
-0.452466
-0.447599
-0.442944
-0.438853
-0.435617
-0.43334
-0.431961
-0.431242
-0.430859
-0.430529
-0.430044
-0.429295
-0.428325
-0.427222
-0.426114
-0.425171
-0.424502
-0.424223
-0.424377
-0.424952
-0.425854
-0.426935
-0.428005
-0.428932
-0.429516
-0.42968
-0.429352
-0.428523
-0.42722
-0.425478
-0.423373
-0.420989
-0.418446
-0.415877
-0.413444
-0.411247
-0.409281
-0.407403
-0.40536
-0.402838
-0.399563
-0.395405
-0.390454
-0.385122
-0.379993
-0.375773
-0.372966
-0.371766
-0.37188
-0.372785
-0.373922
-0.374888
-0.375545
-0.375996
-0.376441
-0.377088
-0.378044
-0.379297
-0.380743
-0.382239
-0.383609
-0.384708
-0.385423
-0.385727
-0.385645
-0.385197
-0.384436
-0.383426
-0.382266
-0.381021
-0.37974
-0.378495
-0.377355
-0.376337
-0.375497
-0.374866
-0.374466
-0.374306
-0.374372
-0.374652
-0.375102
-0.375667
-0.376308
-0.376966
-0.37758
-0.378125
-0.37854
-0.378788
-0.378815
-0.378553
-0.377932
-0.376929
-0.375506
-0.3737
-0.371598
-0.369344
-0.367133
-0.365165
-0.363639
-0.362741
-0.362606
-0.363359
-0.365083
-0.367849
-0.371605
-0.376246
-0.381545
-0.387225
-0.392968
-0.398476
-0.403502
-0.407849
-0.411401
-0.414092
-0.415925
-0.416952
-0.417242
-0.417
-0.416439
-0.415838
-0.415509
-0.415689
-0.41649
-0.41786
-0.419501
-0.420964
-0.421646
-0.420955
-0.418336
-0.413401
-0.406026
-0.39642
-0.385139
-0.372981
-0.360682
-0.348822
-0.338102
-0.329709
-0.325524
-0.327313
-0.335689
-0.349436
-0.366062
-0.382945
-0.398172
-0.410818
-0.42072
-0.428153
-0.433534
-0.437336
-0.439923
-0.441572
-0.442456
-0.442664
-0.442235
-0.441076
-0.439126
-0.436214
-0.432165
-0.426805
-0.419983
-0.411642
-0.401924
-0.391271
-0.380495
-0.370641
-0.362747
-0.357473
-0.354852
-0.354398
-0.355416
-0.357322
-0.359744
-0.362568
-0.365785
-0.369402
-0.373377
-0.377594
-0.381922
-0.386183
-0.390223
-0.39389
-0.397079
-0.399692
-0.401669
-0.40298
-0.403589
-0.403482
-0.402645
-0.401084
-0.398799
-0.395838
-0.392279
-0.388203
-0.383734
-0.37903
-0.374217
-0.369396
-0.364639
-0.359959
-0.355387
-0.35101
-0.347063
-0.344002
-0.342438
-0.342902
-0.345566
-0.350086
-0.355661
-0.361289
-0.366088
-0.369467
-0.371153
-0.371134
-0.369614
-0.366864
-0.363294
-0.359348
-0.355513
-0.352287
-0.350057
-0.349096
-0.349454
-0.350987
-0.353392
-0.35627
-0.359215
-0.36191
-0.364126
-0.365702
-0.366629
-0.366964
-0.366836
-0.366445
-0.365997
-0.365713
-0.365786
-0.366329
-0.367404
-0.368962
-0.370932
-0.373178
-0.375558
-0.377963
-0.380291
-0.382488
-0.38452
-0.38634
-0.387939
-0.389307
-0.390402
-0.391166
-0.391478
-0.391183
-0.390017
-0.38757
-0.3833
-0.376559
-0.366749
-0.353859
-0.339118
-0.325676
-0.317866
-0.318825
-0.328071
-0.341912
-0.356122
-0.368009
-0.37665
-0.382234
-0.385331
-0.38651
-0.386235
-0.384865
-0.382653
-0.379847
-0.376694
-0.373468
-0.370458
-0.367904
-0.366016
-0.364898
-0.364547
-0.364938
-0.365986
-0.36768
-0.369992
-0.372898
-0.376287
-0.379993
-0.383772
-0.387361
-0.390469
-0.392868
-0.394387
-0.394897
-0.394327
-0.392618
-0.389787
-0.385877
-0.381037
-0.375507
-0.369713
-0.364219
-0.359671
-0.356621
-0.355398
-0.355967
-0.357894
-0.360494
-0.362918
-0.364319
-0.363962
-0.361307
-0.356156
-0.348976
-0.341062
-0.334275
-0.330338
-0.329811
-0.331794
-0.334604
-0.33685
-0.338116
-0.338896
-0.340128
-0.342632
-0.346725
-0.352217
-0.358521
-0.364949
-0.370933
-0.376072
-0.380226
-0.383383
-0.385654
-0.387147
-0.38806
-0.388534
-0.388692
-0.388624
-0.388426
-0.388144
-0.387807
-0.38743
-0.387026
-0.386565
-0.386054
-0.38548
-0.384848
-0.384166
-0.383457
-0.382747
-0.38207
-0.381446
-0.380911
-0.380471
-0.380127
-0.379875
-0.379707
-0.379639
-0.379694
-0.3799
-0.380274
-0.380841
-0.381554
-0.382348
-0.383138
-0.383772
-0.384063
-0.383872
-0.383065
-0.381568
-0.379398
-0.376674
-0.373626
-0.370585
-0.367934
-0.366037
-0.36516
-0.365442
-0.366796
-0.36892
-0.371441
-0.373967
-0.376198
-0.377994
-0.379389
-0.380514
-0.381559
-0.382703
-0.384056
-0.385663
-0.387503
-0.389497
-0.391539
-0.39352
-0.395358
-0.396973
-0.398296
-0.399321
-0.40005
-0.400494
-0.400696
-0.400712
-0.400588
-0.400389
-0.400146
-0.399881
-0.399631
-0.399382
-0.399105
-0.398782
-0.398362
-0.397838
-0.39715
-0.396278
-0.39519
-0.393877
-0.392343
-0.390613
-0.388754
-0.386798
-0.384775
-0.382715
-0.380636
-0.378525
-0.376325
-0.373953
-0.371347
-0.368419
-0.365121
-0.361459
-0.357526
-0.353505
-0.349693
-0.346465
-0.344223
-0.343281
-0.343806
-0.345773
-0.348932
-0.352946
-0.3574
-0.361956
-0.366352
-0.37038
-0.373936
-0.376946
-0.379348
-0.381106
-0.382176
-0.382521
-0.382107
-0.38091
-0.378965
-0.376393
-0.373368
-0.370187
-0.367176
-0.364692
-0.36299
-0.362212
-0.362368
-0.363321
-0.364894
-0.366869
-0.368993
-0.371008
-0.372612
-0.373519
-0.373458
-0.372241
-0.369802
-0.366209
-0.361687
-0.356687
-0.351789
-0.347618
-0.344815
-0.343814
-0.344859
-0.347978
-0.352976
-0.3595
-0.366944
-0.374625
-0.381855
-0.388043
-0.392843
-0.396084
-0.397803
-0.398178
-0.397482
-0.396053
-0.394293
-0.392626
-0.391479
-0.391192
-0.392045
-0.394151
-0.397436
-0.40171
-0.406668
-0.411972
-0.417257
-0.422212
-0.426596
-0.430187
-0.432818
-0.434353
-0.434704
-0.433828
-0.431736
-0.428555
-0.424509
-0.419894
-0.415068
-0.410317
-0.405797
-0.401471
-0.397202
-0.392792
-0.388205
-0.383682
-0.379707
-0.37698
-0.376226
-0.377944
-0.382292
-0.389008
-0.39736
-0.406427
-0.415194
-0.422779
-0.428678
-0.432852
-0.435772
-0.438242
-0.44108
-0.444819
-0.449519
-0.454793
-0.460043
-0.464594
-0.46782
-0.46917
-0.468186
-0.464584
-0.458487
-0.450662
-0.44268
-0.436692
-0.434652
-0.437334
-0.443973
-0.452788
-0.461974
-0.470351
-0.477328
-0.482831
-0.486944
-0.489835
-0.491637
-0.492452
-0.492372
-0.491467
-0.48982
-0.487464
-0.484462
-0.480876
-0.476698
-0.471882
-0.466328
-0.459872
-0.452333
-0.443601
-0.433752
-0.423189
-0.412793
-0.403977
-0.398481
-0.397849
-0.40263
-0.411988
-0.42406
-0.436713
-0.448233
-0.457625
-0.464475
-0.468749
-0.470589
-0.470167
-0.467742
-0.463666
-0.458483
-0.452977
-0.448076
-0.444611
-0.442988
-0.442946
-0.443668
-0.444074
-0.443226
-0.440616
-0.43625
-0.430607
-0.424528
-0.419037
-0.415003
-0.412931
-0.412839
-0.4143
-0.416628
-0.419065
-0.421028
-0.4221
-0.422118
-0.421088
-0.41912
-0.416414
-0.413179
-0.40966
-0.406043
-0.402508
-0.399224
-0.396276
-0.393721
-0.391557
-0.389698
-0.388034
-0.386403
-0.38468
-0.382764
-0.380599
-0.378241
-0.375777
-0.373384
-0.37125
-0.369564
-0.368458
-0.367956
-0.368027
-0.368516
-0.369253
-0.370031
-0.370676
-0.37103
-0.370954
-0.370317
-0.369004
-0.366853
-0.36372
-0.359485
-0.354151
-0.34795
-0.341435
-0.335523
-0.331338
-0.329755
-0.331049
-0.334721
-0.339733
-0.344945
-0.349483
-0.352827
-0.354815
-0.355489
-0.355003
-0.353558
-0.351374
-0.348682
-0.345728
-0.342767
-0.340061
-0.337833
-0.336277
-0.335468
-0.335418
-0.336021
-0.33711
-0.338481
-0.339909
-0.341234
-0.342313
-0.343064
-0.343438
-0.343463
-0.34313
-0.342499
-0.341633
-0.3406
-0.339508
-0.338433
-0.337494
-0.336823
-0.336506
-0.336636
-0.33725
-0.338357
-0.339914
-0.341812
-0.343919
-0.346065
-0.348098
-0.349849
-0.351188
-0.352005
-0.352239
-0.351865
-0.350938
-0.349551
-0.347865
-0.346091
-0.344466
-0.343226
-0.34257
-0.342642
-0.343507
-0.345197
-0.347643
-0.350722
-0.354273
-0.358075
-0.361899
-0.365503
-0.368716
-0.371415
-0.373501
-0.37496
-0.375809
-0.376101
-0.375906
-0.375284
-0.37438
-0.373336
-0.372362
-0.371688
-0.371555
-0.372179
-0.373651
-0.375884
-0.378691
-0.381771
-0.384859
-0.387759
-0.390418
-0.392903
-0.395374
-0.397963
-0.400688
-0.403431
-0.405896
-0.407701
-0.408483
-0.40787
-0.405563
-0.401396
-0.395308
-0.387403
-0.378035
-0.367857
-0.357881
-0.349335
-0.343467
-0.341275
-0.343174
-0.348889
-0.357633
-0.368346
-0.379999
-0.391759
-0.403026
-0.413382
-0.422567
-0.430401
-0.436789
-0.441671
-0.445051
-0.446934
-0.447389
-0.446457
-0.444263
-0.440937
-0.436721
-0.431881
-0.426721
-0.421507
-0.416401
-0.411448
-0.406526
-0.40139
-0.395734
-0.389289
-0.381991
-0.374174
-0.366689
-0.360758
-0.357501
-0.35747
-0.360346
-0.365058
-0.370148
-0.374204
-0.376286
-0.376079
-0.373886
-0.370564
-0.367287
-0.36526
-0.365436
-0.368206
-0.373311
-0.379997
-0.387274
-0.394284
-0.400389
-0.405249
-0.408777
-0.411017
-0.412123
-0.412247
-0.411536
-0.410136
-0.40812
-0.405552
-0.402447
-0.398836
-0.39474
-0.390246
-0.385494
-0.380698
-0.376164
-0.372258
-0.36935
-0.367705
-0.367479
-0.368594
-0.37081
-0.373759
-0.377033
-0.38026
-0.383166
-0.38556
-0.387336
-0.388504
-0.389059
-0.389077
-0.388641
-0.387807
-0.386648
-0.385237
-0.383623
-0.381882
-0.380089
-0.378291
-0.376574
-0.375002
-0.373648
-0.372554
-0.371712
-0.371092
-0.370603
-0.37011
-0.369508
-0.368674
-0.367512
-0.366017
-0.364253
-0.362363
-0.360483
-0.358715
-0.357083
-0.355484
-0.353748
-0.351736
-0.349372
-0.346742
-0.344041
-0.341551
-0.339547
-0.338222
-0.337715
-0.338125
-0.339493
-0.341832
-0.345059
-0.348983
-0.353243
-0.357392
-0.360904
-0.363231
-0.363872
-0.362386
-0.358486
-0.352112
-0.343543
-0.333514
-0.323295
-0.3145
-0.308803
-0.307358
-0.310326
-0.316828
-0.325417
-0.334671
-0.343587
-0.351608
-0.358428
-0.363877
-0.367897
-0.370504
-0.371782
-0.371919
-0.37116
-0.369825
-0.368232
-0.366691
-0.365411
-0.364484
-0.36379
-0.363021
-0.361788
-0.359599
-0.356057
-0.35097
-0.344567
-0.337702
-0.331788
-0.328404
-0.328566
-0.332145
-0.337938
-0.344339
-0.349969
-0.354061
-0.356392
-0.357095
-0.356427
-0.354718
-0.352191
-0.349015
-0.345275
-0.341067
-0.336597
-0.332338
-0.329052
-0.327649
-0.328799
-0.332649
-0.338631
-0.345717
-0.35284
-0.359149
-0.364155
-0.367691
-0.369817
-0.370705
-0.370633
-0.369917
-0.368945
-0.368127
-0.367819
-0.368265
-0.369564
-0.371574
-0.373999
-0.376441
-0.378503
-0.379873
-0.38032
-0.37976
-0.378206
-0.375841
-0.372941
-0.369902
-0.367205
-0.365284
-0.364495
-0.364984
-0.366705
-0.369445
-0.372895
-0.37674
-0.380686
-0.384544
-0.388167
-0.391484
-0.394462
-0.397079
-0.399327
-0.401236
-0.402804
-0.404036
-0.404957
-0.405563
-0.405891
-0.405939
-0.405719
-0.405265
-0.40457
-0.403652
-0.402562
-0.401331
-0.400031
-0.39873
-0.397504
-0.396499
-0.395851
-0.395707
-0.396184
-0.397385
-0.399322
-0.401986
-0.405294
-0.4091
-0.413322
-0.417859
-0.422614
-0.427533
-0.432524
-0.4375
-0.442349
-0.446924
-0.451065
-0.454637
-0.457523
-0.45966
-0.461075
-0.461852
-0.46218
-0.462256
-0.46228
-0.462364
-0.462444
-0.462294
-0.461598
-0.459965
-0.457064
-0.452693
-0.446874
-0.439839
-0.432052
-0.424025
-0.416146
-0.408491
-0.400857
-0.393123
-0.38566
-0.379452
-0.375735
-0.375452
-0.378952
-0.386069
-0.396159
-0.40822
-0.420935
-0.432931
-0.443171
-0.451107
-0.456658
-0.460064
-0.461739
-0.46217
-0.461835
-0.46114
-0.460404
-0.459859
-0.45961
-0.459679
-0.460007
-0.460486
-0.461
-0.461426
-0.461672
-0.461723
-0.461578
-0.461304
-0.460956
-0.460558
-0.46014
-0.459668
-0.459102
-0.458349
-0.457312
-0.455928
-0.454133
-0.451882
-0.449166
-0.446001
-0.442459
-0.438647
-0.434719
-0.430839
-0.427154
-0.423761
-0.420666
-0.417788
-0.41499
-0.412158
-0.409228
-0.406264
-0.40345
-0.401097
-0.399524
-0.399005
-0.399686
-0.401488
-0.404143
-0.407234
-0.410318
-0.412999
-0.414949
-0.415925
-0.415787
-0.414424
-0.411789
-0.407887
-0.402865
-0.397032
-0.390954
-0.385422
-0.381367
-0.379499
-0.380091
-0.382871
-0.387098
-0.391931
-0.396636
-0.400716
-0.403913
-0.406173
-0.407567
-0.408195
-0.408214
-0.407793
-0.407079
-0.40621
-0.405336
-0.404532
-0.40391
-0.403505
-0.403356
-0.403453
-0.403774
-0.40429
-0.404963
-0.405715
-0.406517
-0.40733
-0.408138
-0.408932
-0.409702
-0.410479
-0.411282
-0.412114
-0.412982
-0.413872
-0.414715
-0.415442
-0.415915
-0.415953
-0.415354
-0.413917
-0.411466
-0.407951
-0.403567
-0.39882
-0.394552
-0.391824
-0.391459
-0.393753
-0.398323
-0.404264
-0.410587
-0.416496
-0.421506
-0.425422
-0.428193
-0.429832
-0.430318
-0.429605
-0.42763
-0.424272
-0.419483
-0.413299
-0.405932
-0.397838
-0.389711
-0.382493
-0.377203
-0.374746
-0.375664
-0.379965
-0.38708
-0.395934
-0.405237
-0.413732
-0.420378
-0.424504
-0.425782
-0.424387
-0.421128
-0.41744
-0.415213
-0.416018
-0.420254
-0.426966
-0.434368
-0.440679
-0.444697
-0.445927
-0.444415
-0.440569
-0.435018
-0.428535
-0.421932
-0.415961
-0.411184
-0.407861
-0.405891
-0.404984
-0.40474
-0.404874
-0.405213
-0.405743
-0.406505
-0.407556
-0.408896
-0.410543
-0.412503
-0.414814
-0.417441
-0.420287
-0.423112
-0.425551
-0.427205
-0.427703
-0.426787
-0.424364
-0.420592
-0.415882
-0.410863
-0.406346
-0.403038
-0.401397
-0.40143
-0.402832
-0.405107
-0.407839
-0.410773
-0.413812
-0.416937
-0.420156
-0.423424
-0.426654
-0.429693
-0.432407
-0.43466
-0.43631
-0.437313
-0.437609
-0.437166
-0.436002
-0.434136
-0.431611
-0.428492
-0.424874
-0.420868
-0.416572
-0.412078
-0.407488
-0.402848
-0.398141
-0.393368
-0.388539
-0.383749
-0.379226
-0.37534
-0.372604
-0.371448
-0.372163
-0.374692
-0.378687
-0.383594
-0.388851
-0.39394
-0.398491
-0.402273
-0.405126
-0.406929
-0.407526
-0.406702
-0.404173
-0.399658
-0.393048
-0.38462
-0.375349
-0.366834
-0.360949
-0.358949
-0.360853
-0.365569
-0.371598
-0.37774
-0.383303
-0.38805
-0.391909
-0.394909
-0.39706
-0.398372
-0.39886
-0.398559
-0.397474
-0.39564
-0.393109
-0.389947
-0.386314
-0.382477
-0.378754
-0.375506
-0.373053
-0.371535
-0.370877
-0.370806
-0.370913
-0.370811
-0.370279
-0.369251
-0.367855
-0.366261
-0.364594
-0.362839
-0.360756
-0.358044
-0.354474
-0.350232
-0.346061
-0.343189
-0.342897
-0.345804
-0.351482
-0.358681
-0.365928
-0.372077
-0.376523
-0.379134
-0.380096
-0.379768
-0.378544
-0.376776
-0.374747
-0.372604
-0.37032
-0.36776
-0.364694
-0.360971
-0.356606
-0.351887
-0.347477
-0.344216
-0.342897
-0.343925
-0.347202
-0.352148
-0.357999
-0.364029
-0.369665
-0.374499
-0.37828
-0.38089
-0.382369
-0.382909
-0.382867
-0.382797
-0.383289
-0.3849
-0.388006
-0.392704
-0.398751
-0.405661
-0.412816
-0.419663
-0.425737
-0.430753
-0.434556
-0.437134
-0.43849
-0.438704
-0.437847
-0.436024
-0.433336
-0.429878
-0.42581
-0.421256
-0.416387
-0.411356
-0.406333
-0.401527
-0.397162
-0.393498
-0.390856
-0.389548
-0.389812
-0.391709
-0.395074
-0.399535
-0.404572
-0.409671
-0.414471
-0.418778
-0.422464
-0.425418
-0.427401
-0.428032
-0.426865
-0.423529
-0.417973
-0.410674
-0.40269
-0.395685
-0.39152
-0.391679
-0.396644
-0.405667
-0.417118
-0.429148
-0.440283
-0.449662
-0.456937
-0.462097
-0.465318
-0.466791
-0.466717
-0.465268
-0.4626
-0.458894
-0.454385
-0.449398
-0.444353
-0.439706
-0.435867
-0.433116
-0.431499
-0.430843
-0.430777
-0.430906
-0.43087
-0.430478
-0.429758
-0.428834
-0.427896
-0.427019
-0.426119
-0.424954
-0.423276
-0.420942
-0.418032
-0.414946
-0.412292
-0.41077
-0.41097
-0.413237
-0.417531
-0.423449
-0.43031
-0.43741
-0.444099
-0.449932
-0.454654
-0.458212
-0.460689
-0.462184
-0.462781
-0.462516
-0.461341
-0.459165
-0.455894
-0.451583
-0.446436
-0.440985
-0.436038
-0.432525
-0.431135
-0.432067
-0.43498
-0.439131
-0.443747
-0.448242
-0.452279
-0.455796
-0.458834
-0.461459
-0.463647
-0.465289
-0.466168
-0.465968
-0.464388
-0.461183
-0.456247
-0.449745
-0.442211
-0.434545
-0.42793
-0.423439
-0.421764
-0.42296
-0.426464
-0.43142
-0.436924
-0.442257
-0.446833
-0.450325
-0.452491
-0.453249
-0.452578
-0.450582
-0.447462
-0.443582
-0.439404
-0.435483
-0.432331
-0.430309
-0.429466
-0.429583
-0.43027
-0.431075
-0.431659
-0.431885
-0.431753
-0.431426
-0.431135
-0.431076
-0.431396
-0.432096
-0.433016
-0.433912
-0.434469
-0.434396
-0.433549
-0.431997
-0.430014
-0.428072
-0.426669
-0.426181
-0.42676
-0.428294
-0.430486
-0.432952
-0.435386
-0.437574
-0.43943
-0.440967
-0.4422
-0.443215
-0.444058
-0.444739
-0.445269
-0.445583
-0.445559
-0.445058
-0.443871
-0.441757
-0.438497
-0.433957
-0.428185
-0.421479
-0.414391
-0.407633
-0.401864
-0.397551
-0.394924
-0.394035
-0.394762
-0.396843
-0.399726
-0.402708
-0.405097
-0.406396
-0.406418
-0.405258
-0.403272
-0.400887
-0.398532
-0.396451
-0.394661
-0.393015
-0.391285
-0.389356
-0.387322
-0.385487
-0.384228
-0.383827
-0.384371
-0.385783
-0.387863
-0.39046
-0.393482
-0.396915
-0.400774
-0.404985
-0.409422
-0.413859
-0.41802
-0.421688
-0.424689
-0.426934
-0.428417
-0.429178
-0.42928
-0.428812
-0.427823
-0.426416
-0.424651
-0.422609
-0.420355
-0.417967
-0.41554
-0.413138
-0.410869
-0.408772
-0.406883
-0.40519
-0.403677
-0.402303
-0.401035
-0.39984
-0.398768
-0.39788
-0.397251
-0.396934
-0.396961
-0.397257
-0.397715
-0.398208
-0.398644
-0.39903
-0.39948
-0.40018
-0.401361
-0.403192
-0.405695
-0.408758
-0.41215
-0.415597
-0.418837
-0.421666
-0.423958
-0.425648
-0.426715
-0.427206
-0.427154
-0.426626
-0.425712
-0.424532
-0.423226
-0.421923
-0.420781
-0.419859
-0.419171
-0.41867
-0.418246
-0.417811
-0.417327
-0.416855
-0.416586
-0.416734
-0.417453
-0.418702
-0.420211
-0.421584
-0.422395
-0.422442
-0.421817
-0.420902
-0.420273
-0.420524
-0.42206
-0.42504
-0.429296
-0.434436
-0.439971
-0.445422
-0.450425
-0.454742
-0.458269
-0.460969
-0.462906
-0.464178
-0.464921
-0.465254
-0.465352
-0.465327
-0.465288
-0.465307
-0.465438
-0.465639
-0.465834
-0.465895
-0.46562
-0.464782
-0.463192
-0.460716
-0.45746
-0.453818
-0.450503
-0.448349
-0.447938
-0.44921
-0.451453
-0.453536
-0.454517
-0.453852
-0.451599
-0.448239
-0.444443
-0.440882
-0.438058
-0.436222
-0.435468
-0.435779
-0.437159
-0.439737
-0.44383
-0.449786
-0.457619
-0.466773
-0.476191
-0.484672
-0.491315
-0.495692
-0.497827
-0.498026
-0.496777
-0.494649
-0.492169
-0.489784
-0.487851
-0.486598
-0.48614
-0.486468
-0.487513
-0.489126
-0.491145
-0.493382
-0.495639
-0.497688
-0.499328
-0.500374
-0.500659
-0.500044
-0.498461
-0.495891
-0.492395
-0.488118
-0.483295
-0.478266
-0.473435
-0.469237
-0.466097
-0.464353
-0.464192
-0.465636
-0.468555
-0.472642
-0.477506
-0.482694
-0.487734
-0.492155
-0.495542
-0.497532
-0.497861
-0.496388
-0.493165
-0.488481
-0.48287
-0.477031
-0.471598
-0.466897
-0.462786
-0.45881
-0.454438
-0.449323
-0.443524
-0.437618
-0.432792
-0.430755
-0.433154
-0.440533
-0.451767
-0.46462
-0.476851
-0.487049
-0.49473
-0.500051
-0.503468
-0.505499
-0.50662
-0.507162
-0.507363
-0.507343
-0.507115
-0.506589
-0.505598
-0.503879
-0.501088
-0.496835
-0.490753
-0.482698
-0.473004
-0.462698
-0.453493
-0.447303
-0.445251
-0.447083
-0.451302
-0.4561
-0.460115
-0.462657
-0.463635
-0.463267
-0.461868
-0.459748
-0.457193
-0.454461
-0.451749
-0.449283
-0.447239
-0.445863
-0.445351
-0.445889
-0.447523
-0.450155
-0.453569
-0.457386
-0.461251
-0.464831
-0.467913
-0.470386
-0.472251
-0.473565
-0.47442
-0.474928
-0.475171
-0.475168
-0.474931
-0.474405
-0.473539
-0.472259
-0.470479
-0.468131
-0.465202
-0.461731
-0.457826
-0.453651
-0.449449
-0.445492
-0.442022
-0.439205
-0.437094
-0.435633
-0.434706
-0.434169
-0.433873
-0.433684
-0.433539
-0.433354
-0.433099
-0.432773
-0.432381
-0.431986
-0.431669
-0.431519
-0.431644
-0.432088
-0.432874
-0.433972
-0.435292
-0.436706
-0.438078
-0.439261
-0.44014
-0.440608
-0.440612
-0.440109
-0.439063
-0.437517
-0.435509
-0.433086
-0.430346
-0.427374
-0.424293
-0.421219
-0.418266
-0.415584
-0.413337
-0.411698
-0.41083
-0.41082
-0.411703
-0.4134
-0.415709
-0.418395
-0.421201
-0.423887
-0.426294
-0.428285
-0.429818
-0.430869
-0.431453
-0.431614
-0.431432
-0.431036
-0.430562
-0.430182
-0.430044
-0.430267
-0.430889
-0.431888
-0.433163
-0.434564
-0.435927
-0.437106
-0.438012
-0.438575
-0.43886
-0.438932
-0.438975
-0.439175
-0.439752
-0.440843
-0.442497
-0.444626
-0.447083
-0.449684
-0.452217
-0.454526
-0.456504
-0.458035
-0.459025
-0.459385
-0.459025
-0.457798
-0.455619
-0.452425
-0.448156
-0.442785
-0.436221
-0.428227
-0.418437
-0.406526
-0.393032
-0.380426
-0.373447
-0.376918
-0.391708
-0.413638
-0.436644
-0.45643
-0.471437
-0.481863
-0.488579
-0.492484
-0.494236
-0.494336
-0.493045
-0.490568
-0.486982
-0.482376
-0.47683
-0.47047
-0.463449
-0.456027
-0.448567
-0.44161
-0.435778
-0.431757
-0.430009
-0.430616
-0.433253
-0.437333
-0.442167
-0.447183
-0.451989
-0.456331
-0.460065
-0.463082
-0.465285
-0.466586
-0.466967
-0.466504
-0.465366
-0.463892
-0.462526
-0.46173
-0.461892
-0.463176
-0.465512
-0.468578
-0.471964
-0.475193
-0.477838
-0.47962
-0.480358
-0.479993
-0.478573
-0.476232
-0.47322
-0.469833
-0.466474
-0.463562
-0.461485
-0.460549
-0.460904
-0.462483
-0.465018
-0.468128
-0.471398
-0.474448
-0.47703
-0.47897
-0.480233
-0.480832
-0.48087
-0.480445
-0.479686
-0.47866
-0.477448
-0.476085
-0.474613
-0.473035
-0.471363
-0.469618
-0.467805
-0.465909
-0.463874
-0.461604
-0.458943
-0.455671
-0.451545
-0.446285
-0.439607
-0.431372
-0.421704
-0.411202
-0.401174
-0.393578
-0.390418
-0.392851
-0.400451
-0.411382
-0.42329
-0.434183
-0.442873
-0.44887
-0.45223
-0.453289
-0.452524
-0.450502
-0.447763
-0.444783
-0.441953
-0.439508
-0.437561
-0.436119
-0.435094
-0.434366
-0.433834
-0.433395
-0.433072
-0.432959
-0.433191
-0.433914
-0.435131
-0.436767
-0.438603
-0.440262
-0.441328
-0.441343
-0.439952
-0.437004
-0.432688
-0.42766
-0.423009
-0.419951
-0.419343
-0.421286
-0.425064
-0.429582
-0.43379
-0.436972
-0.438842
-0.439414
-0.438875
-0.437453
-0.435423
-0.433049
-0.430541
-0.42809
-0.425883
-0.424049
-0.422686
-0.421864
-0.421591
-0.421861
-0.422547
-0.42351
-0.424529
-0.425353
-0.425622
-0.424923
-0.422729
-0.418481
-0.411651
-0.40205
-0.390259
-0.378028
-0.368141
-0.363297
-0.364408
-0.370035
-0.377404
-0.384055
-0.388669
-0.391011
-0.391451
-0.390594
-0.389113
-0.387724
-0.387183
-0.388127
-0.390966
-0.395732
-0.402034
-0.409186
-0.416466
-0.423265
-0.429202
-0.434109
-0.437981
-0.440915
-0.443062
-0.444537
-0.445503
-0.446057
-0.446282
-0.446242
-0.445953
-0.445457
-0.444733
-0.443776
-0.442541
-0.440989
-0.439058
-0.436665
-0.433696
-0.429995
-0.425395
-0.419721
-0.412854
-0.404823
-0.395987
-0.38707
-0.379173
-0.373384
-0.37036
-0.370089
-0.372065
-0.375663
-0.380451
-0.386172
-0.392552
-0.399233
-0.40588
-0.412287
-0.418398
-0.424204
-0.429609
-0.434424
-0.438405
-0.441358
-0.443201
-0.444087
-0.444341
-0.444401
-0.444739
-0.445702
-0.447489
-0.450034
-0.453088
-0.456277
-0.459197
-0.461444
-0.462738
-0.462868
-0.461743
-0.459354
-0.455813
-0.45134
-0.446299
-0.441135
-0.436375
-0.432553
-0.430093
-0.429202
-0.429887
-0.431881
-0.434804
-0.438184
-0.441579
-0.444663
-0.447136
-0.448847
-0.4497
-0.449686
-0.448849
-0.447279
-0.4451
-0.442459
-0.439523
-0.436446
-0.433348
-0.430333
-0.427457
-0.424725
-0.422126
-0.419647
-0.417325
-0.415348
-0.413991
-0.413641
-0.41467
-0.417287
-0.421415
-0.426636
-0.432317
-0.437738
-0.442272
-0.445482
-0.447136
-0.447189
-0.445764
-0.443145
-0.439791
-0.436302
-0.433292
-0.431351
-0.430893
-0.432096
-0.434851
-0.438816
-0.443468
-0.448289
-0.452797
-0.456651
-0.459661
-0.461744
-0.462857
-0.463033
-0.462298
-0.460669
-0.458179
-0.45488
-0.450874
-0.446353
-0.441612
-0.437044
-0.433114
-0.430199
-0.428593
-0.428373
-0.429387
-0.431317
-0.433768
-0.436405
-0.438944
-0.441197
-0.443063
-0.444498
-0.445486
-0.446044
-0.446194
-0.445981
-0.445397
-0.444461
-0.443193
-0.441603
-0.439714
-0.437632
-0.435506
-0.433566
-0.432084
-0.431314
-0.431409
-0.43234
-0.433885
-0.435661
-0.437221
-0.438182
-0.438297
-0.437545
-0.436048
-0.434063
-0.431819
-0.429385
-0.426653
-0.42342
-0.419613
-0.415436
-0.411442
-0.408334
-0.406702
-0.406706
-0.408117
-0.410528
-0.413542
-0.416907
-0.420477
-0.424066
-0.427493
-0.43055
-0.433078
-0.434999
-0.436347
-0.437202
-0.437691
-0.437935
-0.438038
-0.43808
-0.438077
-0.438058
-0.438011
-0.437915
-0.437765
-0.437563
-0.437311
-0.437014
-0.436721
-0.436466
-0.436263
-0.436135
-0.436099
-0.436147
-0.436287
-0.436492
-0.436734
-0.436956
-0.437135
-0.437231
-0.437198
-0.437018
-0.43666
-0.436122
-0.435376
-0.434421
-0.433268
-0.431942
-0.430458
-0.428865
-0.427224
-0.4256
-0.42407
-0.422703
-0.421556
-0.420689
-0.42012
-0.419828
-0.419819
-0.420032
-0.420434
-0.420971
-0.4216
-0.422293
-0.423046
-0.423835
-0.424658
-0.425507
-0.426377
-0.427265
-0.42814
-0.428981
-0.429762
-0.430437
-0.430977
-0.431339
-0.431473
-0.431326
-0.430847
-0.42996
-0.428578
-0.426589
-0.423858
-0.420238
-0.415513
-0.409522
-0.402097
-0.393133
-0.382608
-0.370688
-0.357786
-0.344709
-0.332909
-0.324471
-0.32163
-0.325678
-0.33609
-0.350649
-0.366602
-0.381783
-0.394967
-0.405783
-0.414327
-0.420885
-0.425811
-0.429413
-0.431942
-0.433546
-0.434338
-0.434319
-0.433485
-0.431727
-0.428951
-0.425072
-0.420125
-0.414352
-0.408311
-0.402871
-0.399087
-0.397752
-0.399114
-0.402676
-0.407438
-0.41224
-0.416082
-0.418271
-0.418341
-0.416007
-0.411041
-0.403337
-0.392972
-0.380349
-0.366408
-0.35263
-0.340849
-0.33274
-0.329205
-0.33007
-0.334283
-0.340379
-0.347046
-0.353391
-0.359011
-0.363906
-0.368296
-0.372459
-0.376625
-0.380905
-0.385261
-0.389559
-0.393577
-0.397166
-0.400151
-0.402445
-0.404021
-0.404908
-0.405126
-0.404743
-0.403798
-0.402322
-0.400344
-0.397828
-0.394717
-0.390927
-0.386429
-0.381262
-0.375658
-0.370055
-0.365068
-0.361375
-0.359459
-0.359402
-0.360842
-0.363084
-0.365289
-0.366726
-0.366828
-0.365207
-0.361649
-0.356095
-0.348826
-0.340607
-0.332822
-0.327336
-0.32585
-0.329019
-0.336079
-0.345264
-0.354712
-0.36309
-0.369774
-0.37466
-0.377921
-0.379834
-0.380681
-0.380712
-0.380095
-0.378961
-0.377405
-0.375501
-0.373314
-0.37089
-0.368278
-0.365557
-0.362802
-0.360135
-0.357667
-0.355537
-0.353866
-0.352753
-0.352275
-0.352434
-0.353177
-0.354399
-0.355965
-0.357726
-0.359529
-0.361239
-0.362742
-0.363934
-0.364711
-0.364979
-0.364636
-0.363571
-0.361678
-0.358869
-0.355167
-0.350727
-0.345861
-0.341014
-0.33659
-0.332738
-0.329175
-0.32528
-0.32051
-0.315016
-0.310089
-0.307899
-0.31034
-0.317716
-0.328424
-0.339991
-0.350261
-0.35805
-0.362981
-0.365065
-0.364451
-0.361225
-0.35547
-0.347384
-0.33759
-0.327371
-0.31864
-0.313323
-0.312468
-0.315626
-0.321204
-0.32742
-0.332994
-0.337376
-0.340537
-0.342681
-0.344116
-0.345071
-0.345742
-0.346277
-0.34681
-0.347447
-0.348276
-0.349368
-0.350751
-0.352426
-0.354361
-0.356467
-0.358681
-0.360906
-0.363069
-0.365093
-0.366942
-0.368568
-0.369971
-0.371149
-0.372103
-0.37285
-0.373405
-0.373769
-0.373955
-0.373985
-0.373846
-0.373532
-0.373047
-0.372373
-0.371508
-0.370435
-0.369182
-0.367782
-0.366201
-0.364406
-0.362313
-0.359683
-0.356193
-0.351527
-0.345516
-0.338464
-0.331321
-0.325676
-0.323141
-0.324555
-0.329487
-0.336542
-0.34422
-0.351474
-0.357904
-0.363528
-0.368498
-0.372933
-0.376897
-0.380403
-0.383456
-0.386073
-0.388301
-0.390195
-0.391814
-0.393251
-0.394565
-0.395794
-0.396975
-0.398139
-0.399307
-0.400489
-0.401694
-0.40293
-0.404195
-0.405493
-0.406803
-0.408131
-0.409457
-0.410752
-0.411996
-0.413153
-0.414212
-0.415116
-0.415836
-0.416335
-0.416598
-0.416581
-0.416302
-0.415784
-0.415091
-0.414309
-0.413593
-0.413073
-0.412881
-0.413113
-0.413772
-0.414797
-0.416058
-0.417368
-0.418547
-0.419449
-0.419983
-0.420075
-0.41974
-0.419039
-0.418124
-0.417165
-0.416502
-0.416538
-0.417715
-0.420357
-0.42454
-0.42997
-0.436053
-0.442022
-0.447135
-0.450869
-0.452919
-0.453268
-0.452089
-0.449678
-0.44636
-0.442482
-0.438272
-0.433922
-0.429594
-0.425471
-0.421742
-0.418554
-0.415979
-0.413965
-0.41234
-0.410861
-0.409273
-0.40738
-0.40504
-0.402223
-0.39897
-0.395501
-0.39224
-0.389882
-0.389311
-0.391366
-0.396484
-0.404436
-0.414334
-0.424957
-0.435166
-0.444135
-0.451455
-0.457009
-0.460883
-0.463247
-0.464328
-0.464337
-0.463512
-0.462035
-0.460113
-0.457944
-0.455751
-0.453717
-0.452015
-0.450749
-0.449995
-0.449746
-0.44992
-0.450405
-0.451052
-0.451708
-0.452252
-0.452595
-0.452688
-0.452532
-0.4521
-0.451414
-0.45049
-0.449287
-0.447789
-0.445926
-0.443603
-0.44074
-0.437232
-0.433002
-0.42804
-0.422401
-0.41622
-0.409727
-0.403172
-0.396871
-0.391065
-0.386075
-0.382243
-0.379911
-0.379394
-0.3808
-0.38396
-0.388424
-0.3936
-0.398883
-0.40381
-0.408072
-0.411559
-0.414288
-0.416337
-0.417823
-0.418797
-0.419281
-0.41921
-0.418418
-0.416698
-0.413791
-0.409448
-0.403594
-0.396455
-0.388744
-0.381714
-0.376882
-0.37543
-0.377556
-0.382437
-0.388647
-0.394829
-0.400076
-0.40405
-0.406752
-0.408402
-0.409266
-0.409566
-0.409508
-0.409215
-0.408764
-0.408201
-0.407531
-0.406752
-0.405823
-0.404733
-0.403461
-0.401986
-0.400322
-0.398474
-0.396492
-0.394427
-0.392391
-0.390483
-0.38883
-0.387583
-0.386846
-0.386713
-0.387219
-0.388332
-0.389967
-0.391994
-0.394253
-0.396561
-0.398733
-0.400633
-0.402139
-0.403143
-0.403608
-0.403465
-0.402733
-0.401422
-0.399563
-0.397241
-0.394529
-0.391545
-0.388443
-0.385415
-0.382664
-0.380429
-0.378905
-0.378243
-0.378522
-0.379722
-0.381676
-0.38418
-0.386963
-0.389778
-0.392419
-0.394778
-0.39678
-0.398444
-0.399809
-0.400961
-0.401981
-0.402962
-0.403968
-0.405039
-0.406186
-0.407395
-0.408654
-0.409926
-0.411137
-0.412224
-0.413144
-0.413834
-0.414215
-0.414237
-0.413867
-0.413088
-0.411929
-0.410464
-0.408853
-0.407287
-0.405991
-0.40518
-0.405019
-0.405568
-0.406762
-0.408448
-0.410397
-0.412406
-0.414282
-0.415924
-0.417231
-0.418175
-0.418794
-0.419101
-0.419173
-0.419067
-0.418865
-0.418679
-0.418592
-0.418706
-0.419111
-0.419854
-0.420935
-0.422302
-0.423854
-0.425449
-0.426886
-0.427959
-0.428433
-0.428125
-0.426873
-0.424638
-0.421509
-0.417881
-0.414417
-0.411986
-0.411403
-0.413067
-0.41675
-0.421678
-0.426792
-0.431146
-0.434115
-0.435447
-0.435321
-0.434222
-0.432876
-0.432044
-0.432368
-0.434083
-0.437071
-0.440835
-0.444828
-0.448524
-0.451554
-0.453697
-0.454915
-0.455202
-0.454607
-0.453313
-0.451456
-0.449234
-0.44688
-0.444658
-0.442798
-0.441531
-0.441061
-0.441508
-0.442943
-0.445336
-0.44858
-0.452487
-0.456795
-0.461236
-0.465564
-0.46955
-0.473034
-0.475921
-0.478189
-0.479879
-0.481017
-0.481687
-0.481937
-0.481818
-0.481391
-0.480731
-0.48001
-0.479497
-0.479528
-0.480467
-0.482633
-0.486164
-0.49091
-0.496463
-0.502234
-0.507493
-0.511515
-0.513588
-0.513053
-0.509278
-0.501736
-0.490152
-0.474838
-0.457144
-0.439599
-0.42552
-0.417805
-0.417636
-0.423977
-0.434232
-0.445445
-0.455266
-0.462341
-0.466192
-0.466974
-0.465158
-0.461346
-0.456203
-0.450412
-0.444598
-0.439386
-0.435256
-0.432587
-0.431631
-0.432501
-0.43515
-0.439383
-0.444789
-0.450789
-0.456714
-0.461934
-0.466002
-0.468734
-0.470211
-0.470747
-0.470763
-0.470706
-0.470933
-0.471665
-0.472965
-0.474748
-0.476872
-0.479131
-0.481375
-0.483484
-0.485379
-0.487008
-0.488385
-0.489515
-0.490415
-0.491128
-0.491673
-0.492082
-0.492357
-0.492532
-0.492596
-0.492568
-0.492406
-0.492122
-0.491651
-0.490914
-0.489829
-0.488264
-0.486064
-0.48309
-0.479206
-0.474294
-0.468311
-0.461358
-0.453633
-0.445475
-0.437355
-0.429828
-0.423524
-0.419041
-0.416843
-0.417127
-0.419778
-0.424378
-0.430382
-0.437172
-0.444179
-0.450957
-0.457143
-0.46252
-0.466959
-0.470454
-0.473048
-0.474794
-0.475767
-0.47603
-0.475674
-0.474774
-0.473428
-0.471798
-0.470026
-0.468266
-0.466644
-0.465234
-0.464059
-0.463066
-0.462184
-0.461357
-0.460482
-0.45946
-0.458194
-0.456596
-0.454674
-0.452595
-0.450653
-0.449158
-0.448388
-0.448464
-0.449234
-0.450408
-0.451616
-0.452504
-0.452843
-0.452569
-0.451756
-0.450542
-0.449131
-0.447689
-0.446306
-0.444968
-0.443565
-0.441977
-0.440084
-0.437843
-0.435287
-0.432554
-0.429814
-0.427265
-0.425067
-0.423325
-0.42209
-0.421346
-0.420976
-0.420909
-0.421016
-0.42119
-0.421369
-0.421532
-0.421681
-0.421855
-0.422086
-0.422344
-0.422614
-0.422746
-0.422597
-0.421912
-0.420442
-0.417907
-0.414107
-0.408956
-0.402664
-0.39581
-0.389386
-0.384604
-0.382453
-0.383301
-0.386629
-0.391387
-0.396417
