1.2033
1.20332
1.20328
1.20325
1.20326
1.20332
1.20348
1.20374
1.20412
1.20465
1.20533
1.20615
1.20711
1.20817
1.20931
1.21045
1.21156
1.21257
1.21343
1.21409
1.21454
1.21477
1.21481
1.2147
1.21449
1.21426
1.21408
1.21401
1.21411
1.2144
1.21487
1.21551
1.21625
1.21704
1.21783
1.21855
1.21913
1.21952
1.21966
1.21949
1.21895
1.21801
1.21667
1.21496
1.21298
1.2109
1.20895
1.2074
1.2065
1.20641
1.20719
1.20874
1.21089
1.21339
1.216
1.21851
1.2208
1.22279
1.22443
1.22572
1.22663
1.22718
1.22739
1.22734
1.22711
1.22685
1.22671
1.22678
1.22715
1.2278
1.22867
1.22966
1.23062
1.23142
1.23196
1.23216
1.23204
1.23166
1.23111
1.23046
1.22966
1.22855
1.2269
1.22456
1.22159
1.21827
1.21512
1.21265
1.21115
1.21059
1.21063
1.21079
1.21074
1.21038
1.20992
1.20977
1.21036
1.21198
1.21465
1.21812
1.22196
1.22576
1.22917
1.23197
1.23408
1.23549
1.23626
1.23647
1.23621
1.23554
1.23453
1.23323
1.23166
1.22986
1.22785
1.22568
1.2234
1.22109
1.21885
1.21677
1.21491
1.21328
1.21184
1.21052
1.20919
1.20777
1.20618
1.20444
1.20262
1.20086
1.19933
1.19821
1.19762
1.19757
1.19802
1.19881
1.19978
1.20073
1.20152
1.20203
1.20218
1.20194
1.2013
1.20029
1.19895
1.19735
1.19557
1.19368
1.1918
1.19001
1.1884
1.18703
1.18596
1.18519
1.18472
1.1845
1.18448
1.1846
1.18478
1.18496
1.18509
1.18512
1.18504
1.18481
1.18445
1.18395
1.18332
1.18259
1.18178
1.18091
1.18001
1.17912
1.17826
1.17747
1.17677
1.17618
1.17571
1.17536
1.17512
1.175
1.17497
1.17505
1.17521
1.17547
1.17582
1.17628
1.17684
1.17749
1.17822
1.179
1.1798
1.1806
1.18137
1.1821
1.1828
1.18348
1.18417
1.1849
1.18571
1.1866
1.18758
1.18858
1.18952
1.19022
1.19043
1.18982
1.18801
1.18456
1.17912
1.17167
1.16284
1.15403
1.14714
1.14358
1.14348
1.14591
1.14982
1.15473
1.16062
1.16743
1.17481
1.1822
1.18911
1.19523
1.2004
1.20462
1.20787
1.2102
1.21163
1.21225
1.21215
1.21146
1.21036
1.20898
1.20738
1.20555
1.20338
1.20073
1.19759
1.19415
1.19089
1.18843
1.18725
1.18745
1.18871
1.19043
1.19203
1.19316
1.19374
1.19385
1.19372
1.19357
1.19357
1.19384
1.1944
1.19521
1.19615
1.19712
1.19801
1.19883
1.19966
1.20071
1.20223
1.20442
1.20736
1.21093
1.21486
1.21881
1.22248
1.22563
1.22816
1.23
1.23114
1.23159
1.23134
1.23037
1.22863
1.22607
1.22266
1.21843
1.21356
1.2084
1.20354
1.19964
1.19731
1.19681
1.198
1.20037
1.2033
1.20627
1.20891
1.21105
1.21265
1.21374
1.2144
1.21473
1.21481
1.21476
1.21465
1.21456
1.21456
1.21468
1.21492
1.21526
1.21569
1.21615
1.2166
1.21698
1.21723
1.21724
1.21694
1.2162
1.21494
1.2131
1.21071
1.20791
1.20497
1.20229
1.20029
1.19934
1.19962
1.20108
1.20351
1.20658
1.20994
1.21327
1.2163
1.21881
1.22059
1.22147
1.22133
1.22004
1.21757
1.21393
1.20927
1.20384
1.1981
1.19261
1.1881
1.1853
1.18484
1.18702
1.1917
1.19822
1.20568
1.21319
1.22007
1.22596
1.23075
1.2345
1.2373
1.23926
1.24045
1.24091
1.24072
1.24003
1.23911
1.23831
1.23805
1.23865
1.24022
1.24264
1.24556
1.24857
1.25132
1.25356
1.25517
1.25615
1.25655
1.25646
1.25597
1.25516
1.25409
1.25278
1.25122
1.24942
1.24736
1.24508
1.24265
1.24018
1.23783
1.23579
1.2342
1.23317
1.23274
1.23289
1.23353
1.23456
1.23589
1.23743
1.23916
1.24109
1.24331
1.24594
1.24907
1.25274
1.25687
1.26125
1.26563
1.26975
1.27344
1.27659
1.27917
1.28116
1.28253
1.28317
1.28286
1.28134
1.27827
1.27338
1.26655
1.25801
1.24847
1.23913
1.2314
1.22637
1.22427
1.22439
1.22544
1.2262
1.22597
1.22467
1.22271
1.22082
1.21968
1.21977
1.22126
1.22412
1.22833
1.23383
1.24035
1.24736
1.25413
1.26005
1.26481
1.26849
1.27139
1.27381
1.27594
1.27781
1.27937
1.28052
1.28124
1.28159
1.28166
1.28157
1.28146
1.28145
1.28162
1.28205
1.28274
1.28367
1.28477
1.28594
1.28704
1.28796
1.28858
1.28877
1.28845
1.28753
1.28591
1.2835
1.28022
1.27599
1.27073
1.26442
1.25709
1.24887
1.24005
1.23107
1.22252
1.21506
1.20929
1.20565
1.20431
1.20517
1.20789
1.21199
1.21685
1.22184
1.22636
1.22992
1.23216
1.2329
1.23219
1.23026
1.22758
1.22474
1.22232
1.22075
1.22016
1.22043
1.22128
1.22242
1.22362
1.22477
1.22583
1.2268
1.22771
1.22858
1.22941
1.2302
1.2309
1.23146
1.2318
1.23182
1.23141
1.23048
1.22894
1.22672
1.22381
1.22023
1.21608
1.21154
1.20686
1.20235
1.1983
1.19495
1.19243
1.19071
1.18966
1.18905
1.18857
1.18783
1.18638
1.18379
1.17985
1.17485
1.16981
1.16635
1.16597
1.16917
1.1751
1.18214
1.18884
1.19435
1.19843
1.20122
1.20299
1.20402
1.20454
1.20472
1.20467
1.20448
1.20418
1.20378
1.2033
1.20271
1.20199
1.20111
1.20001
1.19863
1.1969
1.19472
1.19203
1.18876
1.1849
1.18052
1.17579
1.17101
1.16659
1.16296
1.16052
1.1595
1.15988
1.1614
1.16365
1.16616
1.16855
1.17052
1.17191
1.17269
1.17288
1.17258
1.17193
1.17111
1.17034
1.16988
1.16998
1.17086
1.17261
1.1752
1.17845
1.18209
1.18583
1.18943
1.19268
1.19549
1.1978
1.19962
1.20098
1.2019
1.20242
1.20259
1.20242
1.20195
1.20117
1.20011
1.19876
1.19711
1.19515
1.19285
1.19019
1.18718
1.18387
1.1804
1.17699
1.17398
1.17167
1.1703
1.16995
1.1705
1.17168
1.17321
1.17482
1.17633
1.17765
1.17876
1.17967
1.18042
1.18106
1.18161
1.18212
1.18262
1.18313
1.18369
1.1843
1.18494
1.18557
1.18614
1.18657
1.18677
1.18669
1.18628
1.18554
1.18451
1.18326
1.18189
1.18053
1.1793
1.17832
1.17764
1.17728
1.17718
1.17728
1.17745
1.17763
1.17776
1.17782
1.17781
1.17777
1.17773
1.17773
1.17778
1.1779
1.17809
1.17836
1.17868
1.17906
1.17949
1.17997
1.18048
1.18101
1.18156
1.18209
1.18259
1.18301
1.18332
1.18347
1.18342
1.18313
1.18257
1.18172
1.18058
1.17913
1.17742
1.17545
1.17328
1.17092
1.1684
1.16572
1.16285
1.15978
1.15655
1.15326
1.15017
1.14763
1.14605
1.14572
1.14671
1.14881
1.15162
1.15469
1.15762
1.16015
1.16213
1.16352
1.16433
1.16465
1.16458
1.16428
1.16389
1.16358
1.16348
1.16365
1.16412
1.16482
1.16565
1.1665
1.16728
1.16792
1.16842
1.16879
1.1691
1.1694
1.16976
1.17021
1.17077
1.17141
1.17208
1.17272
1.17326
1.17363
1.17378
1.17365
1.17321
1.17241
1.17123
1.16962
1.16755
1.16501
1.16203
1.1587
1.15521
1.15185
1.14897
1.14698
1.1462
1.14679
1.14873
1.15178
1.15558
1.15971
1.16382
1.16763
1.17098
1.1738
1.17608
1.17787
1.17925
1.18028
1.18102
1.18152
1.18179
1.18183
1.18158
1.18097
1.17989
1.17822
1.17586
1.17276
1.16906
1.16506
1.16132
1.15852
1.15721
1.15757
1.15932
1.16183
1.16437
1.16634
1.16734
1.16719
1.16588
1.16356
1.16059
1.15755
1.15522
1.15441
1.15562
1.15892
1.16384
1.16971
1.17581
1.18162
1.18681
1.19121
1.19474
1.1974
1.19923
1.2003
1.20069
1.20048
1.19975
1.19856
1.19695
1.19491
1.19243
1.18943
1.18589
1.18182
1.17735
1.17283
1.16874
1.16573
1.16433
1.16484
1.16716
1.17084
1.17527
1.17984
1.1841
1.18777
1.19073
1.19297
1.19454
1.19555
1.19608
1.19621
1.196
1.19547
1.19463
1.1935
1.19215
1.19066
1.18918
1.18788
1.18693
1.18648
1.18661
1.18735
1.18865
1.19039
1.19243
1.19459
1.1967
1.19863
1.20025
1.20148
1.20228
1.20262
1.20252
1.20201
1.20115
1.2
1.19865
1.19716
1.19559
1.19398
1.19236
1.19077
1.18924
1.18785
1.18673
1.18599
1.18572
1.18596
1.18668
1.18778
1.18912
1.19052
1.1918
1.19284
1.19354
1.19388
1.19391
1.19377
1.19363
1.19369
1.19411
1.19498
1.19629
1.19792
1.19967
1.20133
1.20269
1.20359
1.20394
1.2037
1.20289
1.20161
1.19998
1.19815
1.19628
1.19451
1.19292
1.19154
1.19032
1.18922
1.18819
1.18722
1.18635
1.18566
1.18525
1.18521
1.1856
1.18643
1.18768
1.18931
1.19125
1.19347
1.19592
1.19853
1.20126
1.20404
1.20681
1.20952
1.21212
1.21461
1.21695
1.21917
1.22125
1.2232
1.22502
1.22669
1.22817
1.22939
1.23028
1.23071
1.23051
1.22947
1.22732
1.22379
1.21864
1.21181
1.20363
1.19499
1.18733
1.18213
1.18018
1.18111
1.18369
1.18657
1.18884
1.1902
1.19081
1.19114
1.19175
1.19311
1.19555
1.19905
1.20331
1.20782
1.21201
1.2154
1.21772
1.21891
1.21916
1.21879
1.21822
1.21782
1.21782
1.21831
1.21923
1.22045
1.22184
1.22331
1.22486
1.22648
1.2282
1.23003
1.23194
1.23388
1.23581
1.23764
1.23934
1.24086
1.24218
1.24327
1.24412
1.24469
1.24493
1.24479
1.24415
1.24291
1.24089
1.23792
1.23379
1.22834
1.22147
1.21325
1.20403
1.19448
1.18558
1.17847
1.17415
1.17315
1.17537
1.18012
1.18637
1.19305
1.19934
1.20469
1.20889
1.21195
1.21405
1.21547
1.21655
1.21762
1.21894
1.22066
1.22281
1.22531
1.22799
1.23068
1.23323
1.23551
1.23741
1.23885
1.23972
1.2399
1.23926
1.23765
1.23496
1.23111
1.22615
1.2203
1.214
1.20791
1.20286
1.19967
1.1989
1.20065
1.20459
1.21001
1.21607
1.22193
1.22692
1.23055
1.23254
1.23285
1.23161
1.22914
1.22596
1.22272
1.22013
1.21879
1.21898
1.22067
1.22347
1.22688
1.2304
1.23366
1.23645
1.23867
1.24033
1.24152
1.24233
1.2429
1.24334
1.24375
1.24421
1.24477
1.24545
1.24628
1.24724
1.24833
1.24954
1.25085
1.25225
1.25368
1.25506
1.25628
1.25718
1.2576
1.25735
1.25627
1.25423
1.25121
1.2473
1.24275
1.23804
1.23372
1.23033
1.22822
1.22741
1.22767
1.22861
1.22992
1.23139
1.23294
1.23459
1.23637
1.23829
1.24033
1.24242
1.24446
1.24635
1.24799
1.2493
1.25022
1.25069
1.25068
1.25019
1.24924
1.24791
1.2463
1.24456
1.24283
1.24123
1.2398
1.2385
1.2372
1.23571
1.23382
1.23128
1.22792
1.22369
1.21882
1.21386
1.20968
1.20713
1.2067
1.2083
1.21136
1.21515
1.21909
1.22278
1.226
1.22864
1.23064
1.23204
1.23292
1.23336
1.23346
1.23332
1.23298
1.23246
1.23178
1.23093
1.22991
1.22871
1.22734
1.22581
1.22411
1.22227
1.2203
1.2182
1.21601
1.21374
1.21143
1.20914
1.20695
1.20495
1.20327
1.20205
1.20138
1.20135
1.20195
1.20311
1.2047
1.20656
1.20855
1.21055
1.21246
1.21423
1.21581
1.21718
1.21828
1.2191
1.21956
1.21964
1.2193
1.21853
1.21736
1.21587
1.21417
1.21243
1.21081
1.20948
1.2085
1.20789
1.20757
1.20746
1.20744
1.20745
1.20745
1.20746
1.20752
1.20768
1.20797
1.2084
1.20898
1.20966
1.21043
1.21125
1.21213
1.21313
1.21432
1.21581
1.21769
1.22001
1.22273
1.22575
1.22889
1.23196
1.23474
1.23705
1.23873
1.23964
1.23965
1.2387
1.23672
1.23374
1.22987
1.22533
1.2205
1.21586
1.21194
1.20918
1.2078
1.20776
1.20879
1.2105
1.21253
1.21462
1.21664
1.21847
1.22
1.22105
1.22141
1.22093
1.21957
1.21746
1.21488
1.21223
1.20995
1.20841
1.20781
1.20813
1.20918
1.21067
1.21232
1.21393
1.21544
1.21687
1.21831
1.21987
1.22161
1.22352
1.22552
1.22749
1.22932
1.23088
1.23211
1.233
1.23359
1.23391
1.23404
1.23402
1.23387
1.23357
1.23309
1.23238
1.23142
1.23019
1.22868
1.22695
1.22507
1.22312
1.2212
1.21941
1.21781
1.21642
1.21521
1.2141
1.21297
1.21169
1.21013
1.20818
1.20581
1.2031
1.20027
1.19772
1.19593
1.19534
1.19614
1.19822
1.20118
1.2045
1.2077
1.21042
1.21249
1.21384
1.21448
1.21446
1.21383
1.21264
1.21097
1.20891
1.20657
1.20416
1.20188
1.19995
1.19849
1.19751
1.19689
1.19643
1.1959
1.19509
1.19381
1.1919
1.18921
1.18559
1.18099
1.17548
1.16937
1.16316
1.15757
1.15329
1.15083
1.15033
1.15157
1.15408
1.15732
1.16082
1.16429
1.16755
1.17053
1.17319
1.1755
1.17743
1.17897
1.18009
1.18079
1.18108
1.18096
1.18048
1.17967
1.1786
1.17733
1.17594
1.17451
1.17312
1.17185
1.17072
1.16975
1.16888
1.16805
1.16715
1.1661
1.1648
1.16326
1.16152
1.15972
1.15804
1.15672
1.15593
1.15579
1.15629
1.15736
1.15886
1.16066
1.16264
1.16472
1.16682
1.16888
1.17082
1.17259
1.17411
1.17529
1.17609
1.17645
1.17632
1.1757
1.1746
1.17305
1.17115
1.16902
1.16681
1.16466
1.16269
1.16096
1.1595
1.15831
1.15741
1.15687
1.15679
1.15727
1.15837
1.16006
1.16221
1.16459
1.16697
1.16911
1.17087
1.17218
1.17308
1.17365
1.17402
1.17429
1.17455
1.17482
1.17509
1.17534
1.17552
1.1756
1.17558
1.17546
1.17526
1.17503
1.17483
1.1747
1.17469
1.17482
1.17506
1.17539
1.17574
1.17605
1.1763
1.17645
1.1765
1.17645
1.17631
1.17612
1.1759
1.17573
1.17567
1.17579
1.17612
1.17665
1.17728
1.17784
1.17808
1.17771
1.17649
1.1743
1.17124
1.16773
1.16452
1.1625
1.16237
1.16431
1.16791
1.17239
1.17695
1.18104
1.18437
1.18687
1.18862
1.18972
1.19028
1.1904
1.19015
1.18956
1.18866
1.18744
1.18588
1.18397
1.18169
1.17904
1.17606
1.17285
1.16957
1.16645
1.16374
1.16167
1.16034
1.1597
1.1595
1.15937
1.15897
1.15808
1.15673
1.15526
1.15426
1.15436
1.15604
1.1594
1.16417
1.16978
1.17556
1.18097
1.18564
1.18937
1.19213
1.194
1.19507
1.19549
1.19537
1.19482
1.19396
1.19286
1.1916
1.19024
1.18882
1.18738
1.18595
1.18453
1.18314
1.18178
1.18046
1.17918
1.178
1.17694
1.17606
1.1754
1.17502
1.17495
1.17519
1.17575
1.1766
1.17772
1.17904
1.18052
1.18209
1.18368
1.18523
1.18667
1.18795
1.18905
1.18996
1.19069
1.19125
1.1917
1.19204
1.19232
1.19255
1.19271
1.1928
1.19278
1.1926
1.19218
1.19145
1.19034
1.18878
1.18671
1.18411
1.18097
1.17733
1.17322
1.16869
1.16387
1.15901
1.1546
1.15134
1.14993
1.15072
1.15345
1.15731
1.16133
1.16476
1.16726
1.16893
1.17013
1.17131
1.17281
1.17474
1.17705
1.17957
1.18212
1.18455
1.18677
1.18872
1.19037
1.19167
1.19261
1.19316
1.19331
1.19307
1.19247
1.19152
1.19029
1.18881
1.18716
1.18541
1.18363
1.18193
1.18042
1.17919
1.17835
1.17797
1.17809
1.17867
1.17964
1.18084
1.18211
1.18332
1.18433
1.18507
1.18553
1.18573
1.18575
1.18567
1.18561
1.18563
1.1858
1.18616
1.18668
1.18733
1.18807
1.18884
1.18958
1.19023
1.19077
1.19114
1.19133
1.19131
1.19109
1.1907
1.1902
1.18966
1.18922
1.189
1.18911
1.18963
1.19057
1.19191
1.19356
1.19542
1.19738
1.19936
1.20129
1.20311
1.20481
1.20633
1.20765
1.20872
1.20951
1.20994
1.20996
1.2095
1.20855
1.20708
1.20514
1.20283
1.20028
1.19766
1.1951
1.19271
1.19055
1.18866
1.18709
1.18588
1.1851
1.1848
1.18502
1.18572
1.18684
1.18827
1.18985
1.19143
1.19287
1.19408
1.19499
1.1956
1.19596
1.19613
1.19621
1.19629
1.19646
1.19679
1.19733
1.1981
1.19909
1.20024
1.20149
1.20274
1.20391
1.20493
1.20572
1.20625
1.20651
1.20651
1.20629
1.20589
1.20538
1.20485
1.20437
1.20402
1.20385
1.20389
1.20411
1.20448
1.20492
1.20536
1.20572
1.20595
1.20603
1.20594
1.2057
1.20536
1.20494
1.20451
1.20412
1.20381
1.2036
1.20353
1.20359
1.20375
1.20397
1.20418
1.20428
1.20411
1.2035
1.20223
1.20004
1.19668
1.192
1.18614
1.17976
1.17412
1.17081
1.17103
1.17482
1.18104
1.18808
1.19458
1.1998
1.20352
1.20583
1.20695
1.20713
1.20658
1.2055
1.20409
1.20251
1.20096
1.1996
1.19859
1.19804
1.19802
1.19854
1.19954
1.20095
1.20266
1.20456
1.20655
1.20856
1.2105
1.21231
1.21394
1.21532
1.21641
1.21715
1.2175
1.21741
1.21683
1.21573
1.2141
1.2119
1.20916
1.20587
1.20211
1.19798
1.1937
1.18956
1.18598
1.18334
1.18191
1.18172
1.18256
1.18408
1.1859
1.18777
1.18953
1.19112
1.19252
1.1937
1.19468
1.1955
1.19623
1.19697
1.19783
1.19889
1.2002
1.20174
1.20344
1.20518
1.20683
1.20826
1.20935
1.21004
1.21032
1.21024
1.2099
1.2094
1.20886
1.20837
1.20798
1.20769
1.2075
1.20736
1.20726
1.20716
1.20707
1.20698
1.20691
1.20684
1.20677
1.20671
1.20664
1.20656
1.20645
1.2063
1.20608
1.20578
1.20535
1.20472
1.20381
1.20251
1.2007
1.1982
1.1949
1.1907
1.1857
1.18024
1.17499
1.17084
1.16864
1.16879
1.171
1.17445
1.17818
1.18141
1.18375
1.18517
1.18588
1.18622
1.18652
1.18704
1.18791
1.18912
1.19059
1.19222
1.19388
1.19551
1.19705
1.19845
1.19966
1.20062
1.20123
1.20137
1.20094
1.19985
1.1981
1.19583
1.19332
1.19104
1.18946
1.18894
1.18951
1.19083
1.1923
1.19324
1.19305
1.19132
1.18787
1.18274
1.17632
1.16943
1.16335
1.15953
1.15904
1.16196
1.16724
1.17335
1.17891
1.18313
1.1858
1.18707
1.18731
1.18691
1.18627
1.18569
1.18541
1.18553
1.18607
1.18699
1.18819
1.18956
1.19102
1.19249
1.19394
1.19535
1.19673
1.19807
1.19936
1.20058
1.20167
1.20256
1.20319
1.2035
1.20351
1.20329
1.203
1.20285
1.20309
1.2039
1.20536
1.20741
1.20989
1.21255
1.21515
1.21747
1.21932
1.22056
1.22104
1.22062
1.21914
1.21651
1.2127
1.20789
1.20254
1.1974
1.1933
1.19087
1.19024
1.19101
1.19253
1.19423
1.19581
1.19721
1.19855
1.19994
1.20147
1.20314
1.20489
1.20662
1.20827
1.20976
1.21107
1.21218
1.21311
1.21382
1.21433
1.21459
1.21457
1.21426
1.21361
1.21265
1.21139
1.20988
1.20819
1.2064
1.2046
1.20286
1.2012
1.19959
1.19794
1.1961
1.19384
1.1909
1.18703
1.182
1.17573
1.16836
1.16037
1.1526
1.14619
1.14222
1.14137
1.1437
1.14864
1.1553
1.16272
1.17005
1.17668
1.18225
1.18658
1.18967
1.19161
1.19249
1.19243
1.19151
1.18975
1.18715
1.18369
1.17937
1.17436
1.16905
1.16419
1.16077
1.15964
1.16109
1.16468
1.16941
1.17423
1.17835
1.18138
1.18325
1.18403
1.18389
1.18301
1.18151
1.17953
1.17717
1.1745
1.17161
1.16862
1.16562
1.16274
1.16009
1.15775
1.15575
1.15408
1.15268
1.15149
1.15044
1.14953
1.14878
1.14827
1.14811
1.14841
1.14924
1.1506
1.15246
1.15469
1.15714
1.1596
1.1619
1.16386
1.16537
1.16636
1.16681
1.16677
1.1663
1.16546
1.16427
1.16273
1.16072
1.15809
1.15472
1.15065
1.14626
1.14239
1.14012
1.14034
1.14324
1.14816
1.15393
1.15948
1.16414
1.1677
1.17022
1.17191
1.17299
1.17365
1.17399
1.17409
1.17397
1.17363
1.17308
1.17232
1.17138
1.1703
1.16912
1.1679
1.16669
1.16554
1.16449
1.16357
1.16281
1.1622
1.16169
1.16122
1.1607
1.16004
1.15914
1.15801
1.15671
1.1554
1.15435
1.15383
1.15409
1.15523
1.15723
1.1599
1.16297
1.16615
1.16925
1.17216
1.17491
1.17761
1.18041
1.18344
1.1868
1.19049
1.1944
1.19836
1.20212
1.20545
1.2081
1.20985
1.21049
1.20984
1.20772
1.20399
1.19859
1.19161
1.18338
1.17444
1.16546
1.15704
1.14945
1.14271
1.13684
1.13211
1.12905
1.12816
1.12959
1.13306
1.13787
1.1432
1.14835
1.15294
1.15693
1.16046
1.16372
1.16682
1.16975
1.17245
1.17483
1.17681
1.17835
1.17944
1.18009
1.18036
1.18028
1.17991
1.17932
1.17857
1.17771
1.17681
1.1759
1.17501
1.17412
1.17319
1.17217
1.17095
1.16944
1.16751
1.16507
1.1621
1.15867
1.15504
1.15165
1.14906
1.14783
1.14823
1.15015
1.15314
1.15658
1.15994
1.16283
1.16509
1.16669
1.1677
1.16822
1.16838
1.16827
1.16799
1.1676
1.16716
1.16673
1.16636
1.16608
1.16594
1.16597
1.1662
1.16665
1.16732
1.16821
1.16929
1.17053
1.17187
1.17327
1.17467
1.17601
1.17725
1.17832
1.17918
1.17979
1.18009
1.18006
1.17965
1.17885
1.17766
1.17608
1.17416
1.17193
1.16948
1.16688
1.16425
1.16173
1.1595
1.15778
1.15676
1.15661
1.15734
1.15882
1.16077
1.16281
1.16461
1.16592
1.16665
1.16682
1.16652
1.16593
1.16519
1.16438
1.16357
1.16275
1.16189
1.16097
1.16
1.15904
1.15819
1.15757
1.15733
1.15753
1.1582
1.15929
1.16068
1.16224
1.16385
1.16539
1.16675
1.16786
1.16868
1.16919
1.16938
1.16928
1.16891
1.16831
1.16752
1.16659
1.16556
1.16446
1.16333
1.16218
1.16105
1.15992
1.1588
1.15768
1.15655
1.1554
1.1542
1.15297
1.1517
1.15042
1.14916
1.14797
1.14691
1.14604
1.14542
1.14507
1.14497
1.14509
1.14534
1.14563
1.14582
1.14579
1.1454
1.14454
1.14311
1.14106
1.13844
1.13538
1.1322
1.1293
1.12713
1.12602
1.12609
1.12713
1.12878
1.1306
1.13223
1.13348
1.13429
1.13472
1.13487
1.13488
1.13488
1.13498
1.13528
1.13582
1.13661
1.13763
1.13883
1.14013
1.14148
1.14281
1.14407
1.1452
1.14616
1.14691
1.14741
1.14766
1.14769
1.14759
1.14749
1.14758
1.14799
1.14884
1.15013
1.15174
1.15348
1.15511
1.15639
1.15708
1.15701
1.15606
1.15424
1.15168
1.14872
1.14578
1.14332
1.1416
1.14059
1.14
1.13949
1.13891
1.13836
1.13818
1.13865
1.13985
1.14157
1.14335
1.1447
1.14519
1.14451
1.14252
1.13915
1.13446
1.12861
1.12196
1.11502
1.10851
1.1032
1.09979
1.09873
1.10007
1.10348
1.10837
1.11404
1.11982
1.12523
1.12993
1.13376
1.13668
1.1387
1.13986
1.14022
1.13987
1.13895
1.13764
1.13623
1.13503
1.13438
1.13451
1.13548
1.13717
1.13931
1.14159
1.14373
1.14551
1.14682
1.14762
1.14793
1.14779
1.1473
1.14656
1.14566
1.14472
1.14384
1.14308
1.14247
1.14199
1.14159
1.14119
1.14075
1.1402
1.13953
1.13872
1.13774
1.13653
1.13497
1.13288
1.13014
1.1267
1.1227
1.11854
1.11481
1.11218
1.11119
1.112
1.11431
1.11741
1.12033
1.12207
1.1218
1.11909
1.11406
1.10739
1.10018
1.09354
1.08813
1.08417
1.08181
1.08148
1.08366
1.08842
1.09523
1.10311
1.1111
1.11853
1.12505
1.13052
1.13492
1.13829
1.14066
1.14206
1.1425
1.14197
1.14042
1.13783
1.13426
1.12989
1.12518
1.12082
1.11759
1.11612
1.11655
1.11851
1.12127
1.12407
1.12635
1.12784
1.12846
1.12829
1.12745
1.12612
1.12447
1.1227
1.12099
1.11951
1.11841
1.11777
1.11759
1.11782
1.11834
1.11902
1.11971
1.12031
1.12072
1.12092
1.1209
1.12066
1.12027
1.11979
1.11928
1.11883
1.11853
1.11845
1.11863
1.11912
1.1199
1.12097
1.12228
1.12376
1.12535
1.12699
1.12863
1.13023
1.13176
1.1332
1.13453
1.13573
1.13677
1.13761
1.1382
1.13848
1.13838
1.13786
1.13689
1.13551
1.13386
1.13214
1.13065
1.12967
1.12947
1.13016
1.13172
1.13401
1.13678
1.13976
1.14271
1.1454
1.14771
1.14961
1.1512
1.1527
1.15442
1.15665
1.15954
1.16308
1.16708
1.17123
1.17522
1.17879
1.18176
1.18399
1.18542
1.186
1.18567
1.18443
1.18227
1.17926
1.17551
1.17121
1.16659
1.16188
1.1573
1.15298
1.14902
1.14551
1.14251
1.14005
1.13813
1.13669
1.13567
1.13516
1.13542
1.13691
1.14009
1.14518
1.15197
1.15991
1.16822
1.17619
1.18329
1.18917
1.19361
1.1965
1.19775
1.19725
1.19496
1.19085
1.18506
1.17804
1.17062
1.16409
1.15986
1.15899
1.16164
1.167
1.17374
1.18058
1.18663
1.1914
1.19476
1.1967
1.19734
1.19681
1.19528
1.19299
1.19027
1.1875
1.18513
1.18355
1.18301
1.18353
1.18493
1.18683
1.18877
1.1903
1.19101
1.19059
1.18884
1.18568
1.18118
1.17564
1.16961
1.16384
1.15912
1.15608
1.15491
1.15543
1.15717
1.15958
1.16223
1.16485
1.16737
1.16986
1.17246
1.17532
1.17851
1.18203
1.18579
1.18967
1.19352
1.19719
1.20055
1.20346
1.20585
1.20768
1.20893
1.20964
1.20986
1.20965
1.2091
1.20828
1.20724
1.20602
1.20463
1.20301
1.2011
1.19877
1.19593
1.19248
1.18843
1.18396
1.1794
1.17528
1.17207
1.17005
1.16906
1.16862
1.16811
1.16714
1.16576
1.1645
1.16418
1.16548
1.16859
1.17317
1.17852
1.184
1.18915
1.19379
1.1979
1.20149
1.20458
1.20711
1.209
1.21015
1.21044
1.20977
1.20806
1.20532
1.20165
1.19735
1.19292
1.18905
1.18636
1.18524
1.18561
1.187
1.18877
1.19037
1.19151
1.19213
1.19236
1.19239
1.19238
1.19247
1.19269
1.19304
1.19351
1.19407
1.1947
1.19536
1.19601
1.19657
1.19692
1.19702
1.19682
1.19637
1.19577
1.19519
1.19485
1.1949
1.19549
1.19664
1.1983
1.20033
1.20258
1.20486
1.20703
1.209
1.21071
1.21212
1.21324
1.21409
1.21471
1.21511
1.21534
1.21541
1.21535
1.21517
1.21489
1.21451
1.21405
1.21352
1.21293
1.21233
1.21174
1.21119
1.21073
1.21037
1.21013
1.20999
1.20991
1.20986
1.20976
1.20956
1.2092
1.20861
1.20776
1.20666
1.20532
1.20384
1.20233
1.20096
1.19992
1.19935
1.19936
1.19991
1.20087
1.20196
1.20289
1.20341
1.20336
1.20276
1.20181
1.20082
1.20018
1.20021
1.20111
1.20289
1.20542
1.2085
1.21186
1.21526
1.21851
1.22146
1.22398
1.22603
1.22755
1.22854
1.229
1.22891
1.22827
1.22703
1.22513
1.22249
1.21906
1.21491
1.21039
1.20618
1.20324
1.20238
1.20387
1.2072
1.21133
1.21514
1.21781
1.21893
1.2184
1.21636
1.21308
1.20893
1.20438
1.19992
1.19603
1.19308
1.19128
1.19061
1.19089
1.19185
1.1932
1.19468
1.19614
1.19748
1.19868
1.19972
1.2006
1.20133
1.20188
1.20224
1.2024
1.20235
1.20208
1.20159
1.2009
1.20006
1.19911
1.19813
1.19717
1.19624
1.19531
1.19428
1.19301
1.19137
1.18928
1.18677
1.18395
1.18109
1.17851
1.17656
1.17552
1.17554
1.17656
1.17836
1.18062
1.18299
1.18518
1.187
1.18835
1.1892
1.18959
1.18959
1.18926
1.18867
1.18788
1.18694
1.18591
1.1848
1.18365
1.18246
1.18125
1.18002
1.17876
1.17746
1.17609
1.17462
1.173
1.17119
1.16912
1.16677
1.16412
1.1612
1.15816
1.15523
1.15272
1.15099
1.15029
1.15069
1.15205
1.15406
1.15633
1.15849
1.16028
1.16155
1.16222
1.16228
1.16175
1.16065
1.15902
1.15693
1.15447
1.15176
1.14901
1.14648
1.14447
1.14324
1.14293
1.14349
1.14471
1.14624
1.1477
1.14873
1.14909
1.14861
1.14729
1.14529
1.14293
1.14074
1.13934
1.13924
1.14067
1.1435
1.14725
1.15136
1.15533
1.15884
1.16174
1.16404
1.16583
1.16723
1.16838
1.16941
1.17045
1.17156
1.1728
1.17417
1.17565
1.17718
1.17868
1.18009
1.18132
1.18232
1.18305
1.18351
1.18372
1.18371
1.18353
1.18324
1.18287
1.18238
1.18172
1.18077
1.17939
1.17746
1.17492
1.17179
1.16818
1.16429
1.16037
1.15671
1.15351
1.15089
1.14883
1.14722
1.14604
1.14545
1.14586
1.14772
1.15121
1.15613
1.16193
1.16799
1.17375
1.17883
1.18301
1.18617
1.18826
1.18927
1.18925
1.18829
1.18655
1.18428
1.18175
1.17925
1.17703
1.1753
1.1742
1.17376
1.17399
1.17483
1.17614
1.1778
1.17962
1.18145
1.18313
1.18458
1.18574
1.18662
1.18725
1.18767
1.18793
1.18804
1.188
1.18776
1.18727
1.18648
1.18534
1.18386
1.18208
1.18009
1.17805
1.17609
1.17432
1.17277
1.17139
1.17006
1.16866
1.1671
1.16533
1.16343
1.16154
1.15988
1.15868
1.15816
1.15841
1.15944
1.16112
1.16324
1.16556
1.16786
1.16994
1.17167
1.17293
1.17363
1.17369
1.17305
1.17161
1.16932
1.16613
1.16201
1.15702
1.15134
1.14522
1.13904
1.13324
1.1282
1.1242
1.12139
1.11975
1.11917
1.11943
1.12026
1.12137
1.12245
1.12327
1.12374
1.12393
1.1241
1.12467
1.12603
1.12847
1.13197
1.13627
1.14092
1.14547
1.1496
1.15311
1.15596
1.1582
1.15993
1.16125
1.16229
1.16311
1.16378
1.16436
1.16488
1.16535
1.16581
1.16626
1.16672
1.16719
1.16768
1.1682
1.16874
1.1693
1.16987
1.17042
1.17093
1.17136
1.17166
1.17177
1.17159
1.17103
1.16997
1.16826
1.16581
1.16255
1.15857
1.15414
1.14975
1.14594
1.14318
1.14162
1.14102
1.14098
1.1412
1.1417
1.14279
1.14493
1.14843
1.15328
1.15914
1.16543
1.17159
1.17716
1.18188
1.18568
1.18862
1.19082
1.19243
1.19358
1.1944
1.19497
1.19536
1.19563
1.19582
1.19599
1.19619
1.19646
1.19685
1.19738
1.19806
1.19887
1.19981
1.20085
1.20199
1.20323
1.20456
1.20595
1.20737
1.20875
1.20997
1.21093
1.21147
1.21148
1.21081
1.20941
1.20727
1.20445
1.20119
1.19779
1.19464
1.19203
1.19009
1.18873
1.18771
1.18677
1.18587
1.18515
1.18489
1.18537
1.1867
1.18884
1.19161
1.19478
1.19816
1.20153
1.20469
1.20741
1.20947
1.21064
1.21077
1.20973
1.20748
1.20411
1.19988
1.19522
1.1908
1.18732
1.18545
1.18553
1.18754
1.19103
1.19534
1.19982
1.20395
1.20743
1.21014
1.21211
1.21342
1.21417
1.21446
1.21436
1.21391
1.21314
1.21204
1.21059
1.20875
1.20648
1.20378
1.20069
1.19736
1.19407
1.19124
1.18931
1.18865
1.18938
1.19135
1.19418
1.19741
1.20062
1.20354
1.20601
1.20799
1.2095
1.2106
1.21133
1.21176
1.21192
1.21186
1.21159
1.21112
1.21047
1.20964
1.2086
1.20733
1.20582
1.20405
1.20206
1.19998
1.19805
1.19663
1.19607
1.19667
1.19845
1.20116
1.20432
1.2074
1.20994
1.21168
1.21256
1.21268
1.2122
1.21133
1.21021
1.20891
1.20741
1.20565
1.20357
1.20121
1.19876
1.19657
1.19515
1.19498
1.1963
1.19899
1.20258
1.20651
1.21032
1.21371
1.21658
1.21895
1.2209
1.22251
1.2239
1.22516
1.22639
1.22768
1.2291
1.23065
1.23232
1.23404
1.23574
1.23733
1.23873
1.2399
1.24083
1.2415
1.24195
1.24219
1.24224
1.24213
1.24189
1.24152
1.24106
1.24051
1.23992
1.23933
1.23879
1.23835
1.23808
1.23798
1.23799
1.23802
1.23787
1.23736
1.2363
1.23454
1.23204
1.22881
1.22493
1.22058
1.21604
1.21169
1.20794
1.20526
1.20402
1.20445
1.20657
1.2102
1.21498
1.22049
1.22636
1.23227
1.23797
1.24323
1.2478
1.25145
1.25402
1.25539
1.25555
1.25453
1.25245
1.24944
1.24567
1.24135
1.23668
1.23193
1.22734
1.22318
1.21963
1.21686
1.21489
1.21368
1.21312
1.21305
1.21331
1.21381
1.21445
1.21521
1.21605
1.21696
1.21794
1.21896
1.22
1.22103
1.22202
1.22293
1.22375
1.22445
1.22503
1.22547
1.22579
1.22598
1.22607
1.22606
1.22596
1.2258
1.22558
1.2253
1.22496
1.22456
1.22408
1.2235
1.22279
1.2219
1.22078
1.21938
1.21763
1.21548
1.21292
1.21
1.20684
1.20368
1.20087
1.1988
1.19786
1.19829
1.20009
1.20298
1.20654
1.21028
1.21381
1.21687
1.21933
1.22117
1.22244
1.22323
1.22363
1.22375
1.22369
1.22354
1.22338
1.22324
1.22317
1.22316
1.22318
1.22317
1.22306
1.22277
1.22222
1.22133
1.22003
1.21825
1.21598
1.21319
1.2099
1.20617
1.20214
1.19804
1.19422
1.19115
1.18936
1.18929
1.1911
1.19468
1.19958
1.20527
1.2112
1.21695
1.22225
1.22694
1.23092
1.23415
1.23659
1.2382
1.23895
1.23876
1.23759
1.23544
1.23237
1.22863
1.22461
1.22092
1.21817
1.21683
1.21703
1.21849
1.22067
1.22302
1.2251
1.22666
1.22764
1.2281
1.22815
1.22795
1.22762
1.2273
1.22707
1.22699
1.22705
1.22725
1.22754
1.22787
1.22818
1.22842
1.22855
1.22853
1.22835
1.22799
1.22746
1.22677
1.22593
1.22501
1.22403
1.22308
1.22222
1.22152
1.22103
1.22081
1.22088
1.22124
1.22187
1.22274
1.22381
1.22503
1.22636
1.22774
1.22913
1.23051
1.23184
1.23311
1.23429
1.23537
1.23635
1.23722
1.23797
1.23861
1.23912
1.2395
1.23972
1.23977
1.23962
1.23923
1.23856
1.23758
1.23627
1.23463
1.23269
1.23051
1.2282
1.22591
1.2238
1.22205
1.22084
1.22032
1.22058
1.22162
1.22337
1.22566
1.22825
1.23085
1.23318
1.23501
1.23616
1.23658
1.23634
1.23561
1.23465
1.23372
1.233
1.23251
1.2321
1.23153
1.23051
1.22884
1.22652
1.22377
1.22104
1.21887
1.2177
1.21767
1.21857
1.21991
1.2211
1.22166
1.2213
1.21998
1.21793
1.21563
1.21372
1.21284
1.21337
1.21534
1.2184
1.22199
1.22555
1.22868
1.23113
1.23282
1.23372
1.23388
1.23333
1.23212
1.23028
1.22786
1.2249
1.2215
1.21781
1.21401
1.21039
1.2072
1.2047
1.20301
1.20216
1.20202
1.20241
1.20315
1.20407
1.20505
1.20603
1.20698
1.20789
1.20874
1.20952
1.2102
1.21073
1.21105
1.21109
1.21076
1.20996
1.20857
1.20647
1.20355
1.19974
1.19505
1.18964
1.18391
1.17846
1.17403
1.17127
1.17043
1.17127
1.17315
1.17532
1.17712
1.17818
1.17845
1.17814
1.17767
1.1775
1.178
1.1793
1.18126
1.18358
1.18591
1.18795
1.18955
1.19062
1.19113
1.19104
1.19029
1.18875
1.18626
1.18267
1.17785
1.17187
1.16502
1.15797
1.15166
1.1471
1.14498
1.14542
1.14791
1.15162
1.1557
1.15953
1.16276
1.16528
1.16708
1.16827
1.16896
1.16933
1.1695
1.16961
1.16971
1.16978
1.16977
1.16956
1.16905
1.16818
1.16692
1.1653
1.16335
1.16114
1.15875
1.15625
1.15369
1.15116
1.14877
1.14663
1.14492
1.14377
1.14333
1.14363
1.14464
1.14623
1.14821
1.15036
1.15248
1.1544
1.15598
1.15714
1.15782
1.15796
1.1575
1.15637
1.15444
1.1516
1.14769
1.14257
1.13623
1.12886
1.12109
1.11411
1.10957
1.10891
1.1125
1.11931
1.12744
1.13506
1.14102
1.14485
1.14663
1.14672
1.14571
1.14423
1.14296
1.14239
1.14275
1.14392
1.14558
1.14729
1.14871
1.14966
1.15012
1.1502
1.15009
1.14997
1.14998
1.15012
1.15029
1.1503
1.1499
1.14886
1.14701
1.1443
1.14085
1.13694
1.133
1.12955
1.12708
1.12593
1.12626
1.12803
1.13106
1.13512
1.13991
1.14507
1.15021
1.15494
1.15897
1.16212
1.16433
1.16567
1.16626
1.1663
1.16596
1.1654
1.16473
1.16399
1.16319
1.1623
1.16135
1.16041
1.15959
1.15906
1.15892
1.15924
1.15997
1.161
1.16219
1.16343
1.1646
1.16566
1.16654
1.16723
1.16769
1.16789
1.16782
1.16745
1.16678
1.16582
1.16462
1.16321
1.1617
1.1602
1.15887
1.15788
1.15743
1.15765
1.15859
1.16025
1.16251
1.16518
1.16807
1.17099
1.17378
1.17635
1.17863
1.1806
1.18227
1.18366
1.1848
1.18572
1.18645
1.18701
1.18742
1.1877
1.18787
1.18794
1.18793
1.18786
1.18775
1.18764
1.18755
1.18748
1.18745
1.18744
1.18741
1.18732
1.18711
1.18674
1.18622
1.18556
1.18483
1.18408
1.18331
1.18245
1.18134
1.17979
1.17771
1.17527
1.17298
1.1717
1.17228
1.17516
1.18011
1.18638
1.19303
1.19932
1.20479
1.20929
1.21281
1.21539
1.2171
1.218
1.21811
1.21747
1.2161
1.21402
1.21125
1.2078
1.20372
1.19908
1.19411
1.18932
1.1855
1.18359
1.18422
1.18733
1.19207
1.19721
1.20164
1.20468
1.2061
1.20603
1.20479
1.20282
1.20056
1.19847
1.19687
1.19602
1.19597
1.19669
1.19802
1.19978
1.2018
1.20392
1.20602
1.20802
1.20982
1.21136
1.21258
1.21343
1.2139
1.21399
1.21374
1.2132
1.21244
1.21153
1.21056
1.20963
1.2088
1.20815
1.20772
1.20753
1.20758
1.20781
1.20819
1.20863
1.20906
1.20941
1.20962
1.20964
1.20941
1.20892
1.20813
1.20703
1.20558
1.20377
1.20155
1.19888
1.19569
1.19199
1.18783
1.18343
1.17921
1.17579
1.1738
1.17362
1.17521
1.1781
1.18158
1.18501
1.18792
1.19014
1.19166
1.19255
1.19297
1.19303
1.19284
1.19246
1.19193
1.19126
1.19044
1.18946
1.18829
1.18693
1.18539
1.18369
1.18188
1.18005
1.17832
1.17681
1.17566
1.17495
1.17472
1.17496
1.17559
1.1765
1.17756
1.17866
1.17971
1.18063
1.1814
1.182
1.18247
1.18281
1.18307
1.18326
1.18338
1.18342
1.18333
1.18311
1.18274
1.18225
1.18171
1.18119
1.18079
1.18056
1.18049
1.18052
1.18052
1.18032
1.17973
1.1786
1.1768
1.17429
1.17114
1.16761
1.16413
1.16131
1.1597
1.15964
1.16098
1.16315
1.16536
1.16692
1.16741
1.16683
1.16547
1.16385
1.16245
1.16153
1.16109
1.16092
1.16075
1.16046
1.16004
1.15963
1.1594
1.15952
1.1601
1.16115
1.16266
1.16454
1.16662
1.16875
1.17074
1.17243
1.17371
1.17452
1.17484
1.17467
1.17407
1.17306
1.17173
1.17011
1.16827
1.16627
1.16415
1.16199
1.15984
1.15781
1.15598
1.15446
1.15337
1.1528
1.15281
1.15341
1.15454
1.15609
1.15793
1.1599
1.16186
1.16368
1.16529
1.16661
1.16763
1.16832
1.16868
1.16871
1.16838
1.16767
1.16653
1.16487
1.16255
1.15939
1.15515
1.14958
1.14258
1.13436
1.12581
1.1185
1.1143
1.11431
1.11817
1.12417
1.13039
1.13543
1.13872
1.14023
1.14026
1.13922
1.1375
1.13551
1.13358
1.13199
1.13097
1.13063
1.13103
1.13214
1.13385
1.13603
1.1385
1.14112
1.14373
1.14623
1.14854
1.15061
1.15242
1.15397
1.15528
1.15636
1.15724
1.15795
1.15851
1.15894
1.15927
1.1595
1.15966
1.15976
1.15981
1.15983
1.15982
1.15982
1.15984
1.15991
1.16005
1.16029
1.16064
1.16113
1.16174
1.16245
1.16324
1.16405
1.16484
1.16554
1.16612
1.16654
1.16678
1.16686
1.16681
1.16669
1.16657
1.16649
1.16642
1.16625
1.16576
1.16463
1.16251
1.15912
1.15444
1.14885
1.14322
1.13878
1.1367
1.13765
1.14148
1.14732
1.15392
1.16004
1.16477
1.16761
1.16851
1.16776
1.16589
1.1636
1.16159
1.16044
1.16044
1.1616
1.16363
1.16612
1.16863
1.17084
1.17258
1.1738
1.17459
1.17508
1.17542
1.1757
1.176
1.17634
1.17676
1.17729
1.17798
1.17887
1.17997
1.18124
1.18259
1.18392
1.1852
1.18643
1.18767
1.18903
1.19058
1.19236
1.1943
1.19631
1.19823
1.19991
1.2012
1.20199
1.2022
1.20175
1.20059
1.19868
1.19602
1.19268
1.18881
1.18473
1.18086
1.17773
1.17587
1.17561
1.17704
1.17997
1.18395
1.18846
1.19298
1.19709
1.20054
1.20323
1.20518
1.2065
1.20732
1.20779
1.20798
1.20791
1.20754
1.20678
1.20553
1.20369
1.20124
1.19826
1.19496
1.19168
1.18882
1.18676
1.18571
1.18568
1.18651
1.18788
1.18935
1.19035
1.19022
1.18841
1.18473
1.1796
1.17419
1.17024
1.16954
1.17303
1.18023
1.18946
1.19875
1.20664
1.21247
1.21625
1.21839
1.21952
1.22023
1.22108
1.22245
1.22455
1.22738
1.23081
1.23461
1.23854
1.24238
1.246
1.2493
1.25226
1.25489
1.25721
1.25925
1.26105
1.26262
1.26396
1.26506
1.26589
1.2664
1.26658
1.26642
1.26596
1.26532
1.26466
1.26422
1.26421
1.26481
1.2661
1.26802
1.27042
1.27306
1.27564
1.27788
1.27951
1.28029
1.28002
1.27854
1.27574
1.27155
1.26592
1.25878
1.25007
1.2397
1.22767
1.21421
1.20015
1.18714
1.17751
1.17349
1.17615
1.18486
1.19766
1.2122
1.22645
1.23904
1.24922
1.25666
1.26133
1.26338
1.26313
1.26102
1.25767
1.25378
1.25012
1.24735
1.24591
1.2459
1.24706
1.24894
1.251
1.2528
1.25404
1.25459
1.25444
1.25366
1.25235
1.25062
1.24858
1.24629
1.24384
1.24126
1.23862
1.23596
1.23337
1.23092
1.22872
1.22688
1.22547
1.22453
1.22405
1.22395
1.22413
1.22446
1.22483
1.2252
1.22553
1.22587
1.22627
1.2268
1.22747
1.22827
1.22913
1.22993
1.23053
1.23077
1.23054
1.22975
1.22836
1.22641
1.22394
1.22103
1.21776
1.21421
1.2105
1.20681
1.2034
1.20055
1.19851
1.19729
1.19673
1.19653
1.19644
1.19637
1.19643
1.19684
1.1978
1.19936
1.20143
1.2038
1.20623
1.20854
1.21063
1.21248
1.21417
1.21582
1.21753
1.21939
1.22142
1.22358
1.2258
1.22798
1.23003
1.23188
1.23346
1.23472
1.23564
1.23616
1.23626
1.2359
1.23506
1.23373
1.23191
1.22967
1.22713
1.22442
1.22172
1.21918
1.21693
1.21502
1.21351
1.21247
1.21201
1.21222
1.21316
1.21474
1.21673
1.21881
1.22059
1.22177
1.22215
1.22164
1.22028
1.2182
1.21565
1.21291
1.21032
1.20818
1.20679
1.20632
1.20685
1.2083
1.21048
1.21312
1.21592
1.21861
1.22103
1.22306
1.22467
1.22586
1.22664
1.22702
1.22701
1.22661
1.22583
1.22469
1.22325
1.22159
1.2198
1.21801
1.21629
1.21473
1.21336
1.21218
1.21115
1.21022
1.20934
1.20846
1.20758
1.20676
1.20609
1.20569
1.20567
1.2061
1.20698
1.20829
1.20994
1.21183
1.21385
1.2159
1.21787
1.21963
1.2211
1.22216
1.22274
1.22276
1.22218
1.221
1.21925
1.21701
1.21443
1.21174
1.20922
1.20718
1.20587
1.20546
1.20598
1.20731
1.20923
1.21147
1.21375
1.21581
1.21745
1.21855
1.21909
1.21913
1.21878
1.21817
1.2174
1.21653
1.21561
1.21465
1.21372
1.21292
1.21238
1.21219
1.21238
1.21291
1.21364
1.21443
1.21514
1.21566
1.21594
1.21597
1.21577
1.21539
1.21488
1.21434
1.21382
1.21339
1.21306
1.21274
1.21229
1.21148
1.21008
1.20788
1.20478
1.20084
1.19632
1.19165
1.18743
1.18424
1.18254
1.18247
1.18386
1.18631
1.18933
1.19251
1.19555
1.19829
1.20066
1.20257
1.204
1.20496
1.20556
1.206
1.20647
1.2071
1.20791
1.2088
1.20965
1.2104
1.21112
1.21194
1.21302
1.21445
1.2162
1.21812
1.21998
1.22155
1.22264
1.22312
1.22291
1.22197
1.2203
1.21793
1.21492
1.21137
1.20745
1.20337
1.19933
1.19551
1.19205
1.18904
1.18662
1.1849
1.18397
1.18383
1.18438
1.18545
1.18688
1.18859
1.19066
1.19327
1.19659
1.20067
1.20536
1.21034
1.21523
1.21971
1.22357
1.22671
1.2291
1.23079
1.23181
1.23223
1.23207
1.23137
1.23014
1.2284
1.22618
1.22351
1.22049
1.21721
1.21381
1.21045
1.20726
1.20438
1.20185
1.19967
1.19779
1.1961
1.19454
1.19305
1.19166
1.19043
1.18944
1.18875
1.18837
1.18828
1.18848
1.18894
1.18971
1.19076
1.19205
1.19341
1.19465
1.19554
1.19592
1.19577
1.19515
1.19426
1.19335
1.19271
1.19252
1.19288
1.19375
1.195
1.19644
1.1979
1.19925
1.20038
1.20124
1.2018
1.20204
1.20195
1.20149
1.2006
1.1992
1.19722
1.19456
1.19122
1.18734
1.18325
1.17955
1.17697
1.17608
1.17707
1.17958
1.18289
1.18621
1.18894
1.19081
1.19182
1.19219
1.1922
1.19216
1.19227
1.19257
1.19299
1.19337
1.19351
1.19325
1.19247
1.19115
1.18935
1.18721
1.18491
1.18265
1.18058
1.17879
1.17728
1.176
1.17486
1.17383
1.17294
1.17229
1.17205
1.17237
1.17336
1.17505
1.1774
1.1803
1.18359
1.18709
1.19064
1.19407
1.19725
1.2001
1.20255
1.20459
1.20623
1.20751
1.20846
1.20915
1.20963
1.20996
1.21017
1.2103
1.21037
1.21038
1.21032
1.21015
1.20985
1.20936
1.20868
1.20778
1.20669
1.20547
1.20421
1.20304
1.20212
1.20159
1.20155
1.20203
1.20299
1.20433
1.20589
1.20756
1.2092
1.21076
1.21218
1.21345
1.21457
1.21556
1.21642
1.21719
1.21785
1.21844
1.21894
1.21938
1.21974
1.22001
1.22017
1.22018
1.21999
1.21955
1.21877
1.2176
1.21597
1.21385
1.21127
1.20827
1.20501
1.20166
1.19847
1.19571
1.19357
1.19222
1.19168
1.19186
1.19257
1.19354
1.19453
1.19531
1.19571
1.19566
1.19514
1.1942
1.19294
1.19148
1.18999
1.18867
1.18771
1.18728
1.18749
1.18838
1.18989
1.19186
1.19412
1.19646
1.19868
1.20064
1.20223
1.20338
1.20406
1.20428
1.20409
1.20354
1.2027
1.20164
1.20043
1.19912
1.19777
1.19642
1.19515
1.19406
1.19328
1.19294
1.19317
1.19403
1.19546
1.19732
1.19939
1.2014
1.20308
1.20411
1.20418
1.20291
1.19987
1.19466
1.18714
1.17782
1.16829
1.16113
1.1587
1.16158
1.16813
1.17579
1.1826
1.18775
1.19123
1.1934
1.19462
1.19515
1.19514
1.19465
1.19371
1.19238
1.19077
1.18904
1.18738
1.18601
1.18514
1.18493
1.18543
1.18663
1.18841
1.1906
1.19303
1.19554
1.19801
1.20034
1.20249
1.20443
1.20613
1.2076
1.20882
1.2098
1.21055
1.21108
1.21142
1.2116
1.21165
1.21162
1.21152
1.2114
1.21127
1.21116
1.21111
1.21115
1.21133
1.21173
1.21239
1.21338
1.21472
1.2164
1.21837
1.22053
1.22274
1.22483
1.22661
1.22788
1.22844
1.22814
1.22688
1.22464
1.22156
1.2179
1.21404
1.21041
1.20732
1.20483
1.2028
1.20093
1.19895
1.1968
1.19465
1.19283
1.19176
1.19176
1.193
1.19542
1.19875
1.20257
1.20642
1.20991
1.2128
1.21503
1.21675
1.21819
1.21961
1.22123
1.22307
1.22506
1.22698
1.2286
1.22974
1.23035
1.23045
1.23016
1.2296
1.22887
1.22801
1.22698
1.22572
1.22414
1.22222
1.22
1.21761
1.21527
1.2132
1.21161
1.21062
1.21024
1.21034
1.21074
1.21122
1.21159
1.21175
1.21161
1.21121
1.21057
1.20981
1.20899
1.20822
1.20755
1.20703
1.20667
1.20646
1.20639
1.2064
1.20647
1.20655
1.20662
1.20667
1.20668
1.20666
1.2066
1.20653
1.20645
1.20638
1.20631
1.20624
1.20618
1.20611
1.206
1.20585
1.20561
1.20526
1.20476
1.20409
1.20323
1.20218
1.20094
1.19955
1.19805
1.19646
1.1948
1.19303
1.19109
1.18894
1.18662
1.18433
1.18244
1.18139
1.18145
1.18261
1.18446
1.18643
1.18798
1.18879
1.18882
1.1883
1.18752
1.18681
1.18633
1.18611
1.18606
1.18601
1.18586
1.18558
1.18527
1.18507
1.1852
1.18583
1.18708
1.18901
1.19152
1.19441
1.19743
1.20027
1.20268
1.20447
1.20551
1.2058
1.20535
1.20427
1.20265
1.20065
1.19837
1.19597
1.19355
1.19122
1.18904
1.18713
1.1856
1.1846
1.18432
1.18492
1.1865
1.18897
1.19215
1.19571
1.19934
1.20273
1.20567
1.20802
1.20966
1.21053
1.21058
1.20975
1.20807
1.20561
1.20261
1.19944
1.19665
1.19481
1.19442
1.19566
1.19836
1.20208
1.20624
1.2103
1.21388
1.21676
1.21885
1.22017
1.22076
1.22072
1.22015
1.21915
1.21782
1.21626
1.21456
1.2128
1.21104
1.20932
1.20772
1.20628
1.20506
1.20415
1.20362
1.20351
1.20383
1.20457
1.20564
1.20693
1.20828
1.20955
1.2106
1.21133
1.21165
1.21154
1.211
1.21007
1.20884
1.20742
1.20593
1.2045
1.20324
1.20225
1.20156
1.20119
1.2011
1.20124
1.20158
1.20207
1.2027
1.20348
1.20442
1.20552
1.20679
1.20819
1.20967
1.21113
1.21249
1.21365
1.21453
1.21511
1.21545
1.21568
1.21597
1.21652
1.21748
1.21892
1.22079
1.22296
1.22525
1.22748
1.22949
1.23118
1.23248
1.23333
1.23369
1.23353
1.23278
1.23138
1.22927
1.22642
1.22285
1.21868
1.21419
1.20987
1.20632
1.20418
1.20386
1.20533
1.20807
1.21129
1.21419
1.21615
1.21685
1.21626
1.21456
1.21206
1.20916
1.20621
1.20351
1.20128
1.19966
1.19873
1.19854
1.19909
1.20038
1.20238
1.20501
1.2082
1.21178
1.21559
1.2194
1.22298
1.2261
1.22852
1.23003
1.23043
1.22956
1.22738
1.22405
1.22002
1.21614
1.21345
1.21284
1.21462
1.21835
1.22312
1.22794
1.23207
1.23512
1.23696
1.23763
1.23726
1.23594
1.23381
1.23096
1.22749
1.22353
1.21925
1.21486
1.21061
1.20678
1.2036
1.20123
1.19973
1.19902
1.19894
1.19929
1.19988
1.20057
1.20125
1.20185
1.20234
1.20272
1.20302
1.2033
1.20361
1.20403
1.20458
1.20528
1.2061
1.207
1.20794
1.20884
1.20965
1.21028
1.21067
1.21075
1.2105
1.20993
1.2091
1.20815
1.20727
1.20669
1.20657
1.20701
1.20796
1.20931
1.21084
1.21236
1.21367
1.21465
1.21525
1.21544
1.21521
1.21457
1.21351
1.21199
1.20993
1.20724
1.20386
1.19975
1.19501
1.18993
1.18498
1.18076
1.1778
1.17641
1.17653
1.17777
1.17964
1.18167
1.18353
1.18507
1.18624
1.18705
1.18753
1.18772
1.18767
1.18741
1.18699
1.18645
1.18584
1.18522
1.18465
1.18417
1.18383
1.18364
1.1836
1.1837
1.1839
1.18416
1.18444
1.18469
1.18486
1.18494
1.1849
1.18476
1.18452
1.1842
1.18383
1.18344
1.18303
1.18258
1.18206
1.18138
1.18042
1.179
1.1769
1.17393
1.16995
1.16504
1.15962
1.15451
1.1507
1.14899
1.14953
1.15173
1.1547
1.15766
1.16028
1.16257
1.16478
1.16715
1.1698
1.17273
1.17578
1.17877
1.18151
1.18383
1.18563
1.18683
1.1874
1.18731
1.18659
1.18526
1.18338
1.18107
1.17847
1.17581
1.17336
1.17136
1.17001
1.1694
1.16948
1.17011
1.17109
1.17223
1.17337
1.17443
1.17537
1.1762
1.17693
1.17761
1.17824
1.17882
1.17936
1.17984
1.18027
1.18064
1.18099
1.18131
1.18164
1.18196
1.18228
1.18256
1.18278
1.18289
1.18286
1.18268
1.18236
1.18192
1.18141
1.18089
1.1804
1.17995
1.1795
1.17897
1.17826
1.17726
1.1759
1.17417
1.17212
1.1699
1.16769
1.16576
1.16435
1.16371
1.16398
1.1652
1.16729
1.17005
1.17319
1.17644
1.17955
1.18233
1.18466
1.1865
1.18785
1.18875
1.18928
1.18949
1.18949
1.18933
1.18908
1.18878
1.18848
1.18818
1.18789
1.18758
1.18723
1.18683
1.18636
1.18581
1.18518
1.18448
1.18376
1.18305
1.18242
1.18195
1.18169
1.1817
1.18198
1.18252
1.18326
1.18411
1.18499
1.18578
1.18642
1.18683
1.18698
1.18684
1.18641
1.18568
1.18468
1.18346
1.18207
1.18059
1.17913
1.17783
1.17682
1.17625
1.17623
1.17685
1.17812
1.18001
1.18243
1.18526
1.18834
1.19153
1.19469
1.1977
1.20046
1.20289
1.20493
1.20649
1.20753
1.20802
1.20792
1.20728
1.20615
1.20467
1.20297
1.20124
1.19959
1.1981
1.19676
1.19552
1.19434
1.19321
1.19223
1.19156
1.19135
1.19168
1.19247
1.19351
1.19446
1.19504
1.19511
1.19483
1.19461
1.19499
1.19637
1.19884
1.20206
1.2055
1.20857
1.21089
1.21226
1.2127
1.21235
1.21145
1.21027
1.20911
1.20819
1.20767
1.20755
1.20778
1.20823
1.20884
1.20967
1.21084
1.2125
1.21473
1.21743
1.22039
1.2233
1.2259
1.228
1.22952
1.23047
1.2309
1.23089
1.23056
1.22997
1.22924
1.22846
1.22774
1.22722
1.22706
1.22736
1.2282
1.22955
1.23131
1.23332
1.23537
1.23727
1.23888
1.2401
1.24086
1.24117
1.24105
1.24056
1.23977
1.23881
1.23781
1.23695
1.23642
1.23636
1.23688
1.23798
1.23951
1.24125
1.24284
1.24391
1.24405
1.24296
1.24045
1.23654
1.23161
1.22634
1.22173
1.21886
1.21848
1.22081
1.22536
1.23126
1.23753
1.24338
1.24837
1.25229
1.25514
1.25701
1.25803
1.25831
1.25799
1.25722
1.25619
1.25509
1.25416
1.25362
1.25365
1.25435
1.25574
1.25772
1.2601
1.26266
1.26514
1.26735
1.26912
1.27037
1.27107
1.27126
1.27101
1.27043
1.26959
1.26857
1.26738
1.26601
1.26444
1.26264
1.26061
1.25835
1.25585
1.25308
1.25005
1.24692
1.2441
1.24225
1.2421
1.2441
1.24811
1.25345
1.25918
1.26448
1.26882
1.27199
1.27401
1.27502
1.27519
1.27471
1.27374
1.27246
1.27099
1.26947
1.26803
1.26678
1.26582
1.26524
1.26512
1.26547
1.26628
1.26749
1.26899
1.27062
1.27219
1.27348
1.27428
1.27439
1.27367
1.27206
1.26959
1.26644
1.26297
1.25967
1.25708
1.2557
1.25581
1.25738
1.26009
1.26349
1.26709
1.27054
1.27356
1.27601
1.2778
1.27892
1.27941
1.2794
1.27899
1.27827
1.27726
1.2758
1.2737
1.27075
1.26691
1.2625
1.25817
1.25489
1.25361
1.25487
1.25857
1.26405
1.27037
1.27663
1.28222
1.28681
1.29028
1.29268
1.29412
1.29473
1.29465
1.29401
1.2929
1.2914
1.28954
1.28737
1.28495
1.28244
1.28004
1.27809
1.2769
1.27676
1.27774
1.27973
1.28237
1.28521
1.28776
1.28958
1.29038
1.28996
1.28829
1.2855
1.2818
1.27752
1.27306
1.26875
1.26491
1.26174
1.25933
1.25771
1.25689
1.25685
1.25759
1.25906
1.26116
1.26368
1.26633
1.26878
1.27073
1.272
1.27254
1.27243
1.27184
1.27102
1.27021
1.26964
1.26946
1.26972
1.27041
1.27139
1.27253
1.27366
1.27464
1.27537
1.2758
1.27589
1.27563
1.27502
1.27409
1.27282
1.27123
1.26932
1.2671
1.26457
1.26173
1.2586
1.25519
1.25155
1.24777
1.24401
1.24053
1.23768
1.23583
1.23529
1.23622
1.23852
1.2419
1.24591
1.25013
1.25418
1.25778
1.26078
1.26308
1.26466
1.26554
1.26577
1.26542
1.26457
1.26333
1.26179
1.26003
1.25811
1.25606
1.25388
1.25157
1.24908
1.24641
1.24356
1.24056
1.2374
1.23409
1.23057
1.22682
1.22297
1.21936
1.21656
1.21516
1.21545
1.21727
1.22001
1.22289
1.22525
1.22672
1.22724
1.22695
1.22612
1.22505
1.22392
1.22284
1.2218
1.22081
1.21999
1.21966
1.22022
1.22195
1.2248
1.22835
1.23188
1.23464
1.23599
1.23543
1.23265
1.22747
1.21993
1.21047
1.20013
1.19055
1.18354
1.18028
1.18063
1.1833
1.18669
1.18966
1.1918
1.19331
1.19464
1.19614
1.19791
1.19977
1.20143
1.2027
1.20355
1.20411
1.20454
1.20499
1.20553
1.20614
1.20676
1.20734
1.20782
1.20815
1.2083
1.20824
1.20795
1.20741
1.20663
1.20562
1.20443
1.20315
1.2019
1.20083
1.20009
1.19978
1.19997
1.20061
1.2016
1.20276
1.20393
1.20496
1.20574
1.2062
1.20632
1.2061
1.20557
1.20477
1.20375
1.20254
1.20121
1.19979
1.19833
1.19686
1.19541
1.19399
1.19262
1.19129
1.19
1.18874
1.18749
1.18624
1.18497
1.18369
1.18239
1.18109
1.17981
1.1786
1.17749
1.17652
1.17575
1.1752
1.17491
1.17488
1.17512
1.17559
1.17629
1.17716
1.17817
1.17928
1.18044
1.18162
1.18279
1.1839
1.18494
1.18588
1.1867
1.18739
1.18795
1.18839
1.18872
1.18895
1.1891
1.18919
1.18924
1.18925
1.18922
1.18916
1.18907
1.18894
1.18879
1.18863
1.18847
1.18832
1.18819
1.18807
1.18796
1.18786
1.18777
1.18771
1.1877
1.18775
1.18785
1.188
1.18815
1.18827
1.18831
1.18827
1.18815
1.18798
1.18783
1.18777
1.18785
1.18815
1.18869
1.18949
1.19051
1.19171
1.19301
1.19431
1.19549
1.19647
1.19712
1.19739
1.19722
1.19661
1.1956
1.19429
1.19279
1.19125
1.18979
1.18851
1.18745
1.18656
1.18575
1.18488
1.18377
1.18223
1.18015
1.17751
1.17455
1.17175
1.16984
1.16954
1.17125
1.17483
1.17971
1.18513
1.19043
1.19519
1.19925
1.20259
1.20529
1.20746
1.20917
1.21052
1.21155
1.21228
1.21272
1.21285
1.21263
1.21201
1.21092
1.20931
1.20715
1.20445
1.20132
1.19794
1.19457
1.19144
1.18872
1.18643
1.18447
1.18271
1.18107
1.17968
1.17876
1.17856
1.17924
1.18074
1.18283
1.18517
1.18748
1.18954
1.19129
1.19275
1.19401
1.19518
1.19637
1.19766
1.19907
1.20057
1.2021
1.20356
1.20487
1.20591
1.20662
1.2069
1.20672
1.20604
1.20486
1.2032
1.20116
1.19887
1.1965
1.19424
1.19224
1.19056
1.18919
1.188
1.18683
1.18554
1.18403
1.18229
1.18039
1.17844
1.1766
1.175
1.17375
1.17289
1.17245
1.1724
1.17271
1.17332
1.17419
1.17525
1.17643
1.17763
1.17875
1.17968
1.18033
1.18059
1.18043
1.1798
1.1787
1.17716
1.17524
1.17304
1.17068
1.1683
1.16607
1.16411
1.16254
1.1614
1.16068
1.16033
1.16024
1.16032
1.16047
1.16061
1.16069
1.16069
1.16058
1.16037
1.16008
1.15971
1.15929
1.15882
1.15833
1.15782
1.15731
1.1568
1.15631
1.15584
1.15541
1.15501
1.15465
1.15434
1.15409
1.15389
1.15376
1.1537
1.1537
1.15378
1.15393
1.15416
1.15446
1.15484
1.15529
1.15581
1.15639
1.15702
1.15769
1.15837
1.15903
1.15963
1.1601
1.16035
1.16027
1.15969
1.1584
1.15612
1.15255
1.14742
1.14066
1.13264
1.12448
1.11803
1.11534
1.11749
1.12395
1.13295
1.14252
1.15129
1.15866
1.16454
1.16911
1.17263
1.17533
1.17742
1.17903
1.18027
1.18118
1.18181
1.18214
1.18216
1.18185
1.1812
1.18019
1.17883
1.17719
1.17534
1.1734
1.17151
1.16979
1.16834
1.16717
1.16626
1.16551
1.16484
1.16415
1.16346
1.16283
1.16245
1.1625
1.16319
1.1646
1.16671
1.16938
1.17242
1.1756
1.17871
1.1816
1.18418
1.18643
1.18838
1.19014
1.19182
1.19352
1.1953
1.19716
1.19902
1.20075
1.20223
1.20331
1.2039
1.20392
1.20336
1.20222
1.20056
1.1985
1.19617
1.19379
1.19158
1.18977
1.18854
1.18801
1.18819
1.18898
1.19025
1.19179
1.19341
1.19494
1.19629
1.19737
1.19817
1.19869
1.19893
1.19893
1.1987
1.19825
1.19757
1.19664
1.19543
1.19391
1.19204
1.1898
1.18723
1.18439
1.18146
1.17866
1.17632
1.17475
1.17421
1.17479
1.17641
1.17881
1.18161
1.18444
1.187
1.18906
1.19052
1.19132
1.1915
1.19113
1.19028
1.18909
1.18768
1.18618
1.18474
1.18347
1.18249
1.18185
1.1816
1.18173
1.18219
1.18292
1.18383
1.18483
1.18582
1.18673
1.18749
1.18804
1.18835
1.18836
1.18806
1.18741
1.1864
1.185
1.18321
1.18107
1.17867
1.17617
1.17379
1.1718
1.17045
1.16987
1.17004
1.17078
1.1718
1.17279
1.17349
1.17372
1.17339
1.17249
1.17106
1.16917
1.16696
1.16455
1.16211
1.15981
1.15784
1.15634
1.15544
1.1552
1.15559
1.15654
1.15792
1.15959
1.16139
1.16319
1.16488
1.16638
1.16766
1.16869
1.16949
1.17007
1.17046
1.1707
1.17082
1.17087
1.17088
1.17087
1.17088
1.17091
1.17098
1.1711
1.17125
1.17144
1.17166
1.17191
1.17216
1.17243
1.17268
1.1729
1.17307
1.17313
1.17304
1.17273
1.17213
1.17119
1.16985
1.16812
1.16605
1.1638
1.16163
1.15985
1.1588
1.15874
1.15977
1.1618
1.16458
1.16774
1.17093
1.17383
1.17624
1.17806
1.17935
1.18028
1.18107
1.182
1.18333
1.18517
1.18756
1.19037
1.19342
1.1965
1.19942
1.20206
1.20431
1.20613
1.20749
1.20836
1.2087
1.20848
1.20769
1.20633
1.20447
1.20228
1.20002
1.19805
1.19668
1.19616
1.19647
1.19741
1.19865
1.19984
1.20075
1.20135
1.20173
1.20209
1.20266
1.20354
1.20475
1.20613
1.20745
1.20844
1.20885
1.20847
1.20719
1.20495
1.20179
1.19786
1.19342
1.18879
1.18439
1.18068
1.17818
1.17748
1.17909
1.18323
1.18956
1.19725
1.20521
1.21256
1.21873
1.22348
1.22679
1.22873
1.22942
1.22904
1.22782
1.22611
1.22424
1.22253
1.22117
1.22012
1.21915
1.21793
1.21624
1.21408
1.21188
1.21036
1.21026
1.21193
1.21511
1.21909
1.22303
1.22627
1.22848
1.22958
1.22967
1.22887
1.22733
1.22517
1.22245
1.21922
1.21551
1.21138
1.20692
1.20233
1.19787
1.1939
1.19075
1.18875
1.18806
1.18866
1.19036
1.19283
1.19575
1.19882
1.20187
1.20484
1.2077
1.21046
1.21313
1.21569
1.21807
1.22024
1.22213
1.22373
1.22501
1.22599
1.22665
1.22701
1.22708
1.22683
1.22625
1.22529
1.22389
1.22196
1.21943
1.21623
1.21232
1.20777
1.20278
1.19772
1.19313
1.18969
1.18804
1.1886
1.19141
1.19601
1.20164
1.20746
1.21278
1.21716
1.2204
1.22247
1.22343
1.22342
1.22259
1.22113
1.21926
1.21723
1.21529
1.21371
1.21273
1.2125
1.21307
1.21436
1.21618
1.21829
1.22044
1.22239
1.22401
1.22521
1.22601
1.22645
1.22664
1.22669
1.22668
1.22668
1.22668
1.22663
1.22647
1.2261
1.22548
1.22456
1.22336
1.22196
1.22045
1.219
1.21774
1.21678
1.21618
1.21588
1.21577
1.21572
1.21561
1.21536
1.21498
1.21455
1.21418
1.21396
1.21396
1.21422
1.21468
1.21526
1.21587
1.21641
1.21681
1.21705
1.21714
1.21709
1.21697
1.21678
1.21654
1.21624
1.21587
1.2154
1.21488
1.21434
1.2139
1.21365
1.21369
1.21406
1.21475
1.21569
1.21675
1.21781
1.21876
1.2195
1.21997
1.22013
1.21994
1.21939
1.21845
1.21711
1.21533
1.2131
1.21041
1.20729
1.20379
1.20006
1.19629
1.19275
1.18974
1.18755
1.18642
1.18647
1.1877
1.18994
1.19292
1.19626
1.19962
1.20269
1.20527
1.20733
1.20896
1.2104
1.21193
1.21381
1.2162
1.21909
1.22233
1.22569
1.22892
1.23181
1.23422
1.23607
1.23736
1.23807
1.23822
1.23784
1.23694
1.23555
1.23371
1.23147
1.22893
1.22623
1.22354
1.22106
1.21899
1.21745
1.21651
1.21611
1.2161
1.21629
1.21643
1.2163
1.21574
1.21467
1.21314
1.21135
1.20965
1.20847
1.20819
1.20901
1.21085
1.21332
1.21594
1.2182
1.21976
1.22051
1.22057
1.22029
1.22012
1.22048
1.22163
1.22353
1.22595
1.22854
1.23097
1.23301
1.23453
1.23552
1.23602
1.23608
1.23578
1.23519
1.23436
1.23334
1.23216
1.23088
1.22956
1.22825
1.22704
1.22594
1.22497
1.22405
1.22305
1.22176
1.22001
1.21764
1.21467
1.21129
1.20788
1.20495
1.20307
1.2028
1.20451
1.20827
1.21371
1.22006
1.22641
1.23197
1.23626
1.23913
1.24063
1.24098
1.24045
1.23936
1.23799
1.23661
1.23541
1.23453
1.23403
1.23389
1.23408
1.23451
1.23511
1.2358
1.23647
1.23703
1.23736
1.23734
1.23692
1.23606
1.23482
1.23338
1.23199
1.23093
1.23043
1.23059
1.23132
1.23239
1.23349
1.23432
1.23463
1.23429
1.23321
1.23137
1.22881
1.2256
1.22193
1.21804
1.21429
1.21105
1.2087
1.20749
1.20749
1.20859
1.21052
1.21295
1.21551
1.21795
1.22013
1.22201
1.22369
1.22525
1.22674
1.2281
1.2292
1.2299
1.23013
1.22997
1.22969
1.22957
1.22987
1.23068
1.23189
1.23327
1.23457
1.2356
1.23627
1.23657
1.23657
1.23638
1.23608
1.23575
1.23543
1.23512
1.2348
1.23444
1.23398
1.23338
1.23258
1.23155
1.23026
1.22871
1.22691
1.22487
1.22268
1.22042
1.21824
1.2163
1.21474
1.21368
1.21316
1.21311
1.2134
1.21384
1.21423
1.2144
1.21425
1.21376
1.21294
1.21187
1.21064
1.20933
1.208
1.20669
1.20538
1.20409
1.20283
1.20164
1.20055
1.19963
1.19889
1.19833
1.19791
1.19758
1.1973
1.19706
1.19688
1.19681
1.1969
1.19721
1.19776
1.19853
1.19949
1.20056
1.20166
1.2027
1.20362
1.20436
1.20487
1.20511
1.20505
1.20466
1.2039
1.20277
1.20126
1.19942
1.19735
1.19519
1.19318
1.19157
1.19065
1.19063
1.19165
1.19368
1.19655
1.19999
1.20365
1.20721
1.21041
1.21305
1.21503
1.21629
1.21682
1.21665
1.21582
1.21441
1.21252
1.21029
1.20788
1.20548
1.20327
1.20143
1.2001
1.19935
1.19921
1.19964
1.20055
1.20181
1.20331
1.20492
1.20653
1.20806
1.20946
1.21072
1.21184
1.21281
1.21364
1.2143
1.21473
1.21482
1.2144
1.21325
1.21115
1.20793
1.20364
1.19868
1.19393
1.19058
1.18961
1.19124
1.19477
1.19894
1.20257
1.20496
1.20594
1.20579
1.205
1.20416
1.20378
1.20417
1.20539
1.2073
1.20964
1.21214
1.21461
1.21694
1.2191
1.22108
1.22287
1.22449
1.22593
1.22719
1.22832
1.22935
1.23032
1.23127
1.23221
1.23312
1.23394
1.23457
1.2349
1.23483
1.23427
1.23319
1.23164
1.22977
1.2278
1.22608
1.22497
1.22482
1.22583
1.22807
1.23133
1.23527
1.23937
1.24313
1.24605
1.24777
1.24802
1.24667
1.24368
1.2391
1.23294
1.22519
1.21583
1.20504
1.19337
1.1819
1.17208
1.16527
1.16234
1.16356
1.16875
1.17741
1.1887
1.20151
1.21461
1.22688
1.23748
1.24585
1.25172
1.2551
1.25619
1.25539
1.25326
1.25045
1.2476
1.24523
1.24365
1.24289
1.24274
1.24291
1.24313
1.24326
1.24324
1.24307
1.24271
1.24203
1.24081
1.23887
1.23612
1.23268
1.22884
1.22507
1.22191
1.21983
1.21909
1.21972
1.22148
1.22394
1.22666
1.22923
1.23134
1.23286
1.23375
1.2341
1.23406
1.23385
1.23366
1.23369
1.23406
1.23477
1.23575
1.2368
1.23768
1.23807
1.23771
1.23636
1.23394
1.23055
1.22652
1.22243
1.219
1.21696
1.21681
1.21869
1.22236
1.22725
1.23264
1.23787
1.24247
1.24616
1.24886
1.25061
1.2515
1.25166
1.25121
1.25023
1.24879
1.24694
1.2447
1.24209
1.23915
1.23598
1.23274
1.22964
1.22692
1.22476
1.22325
1.22233
1.22185
1.2216
1.22137
1.22104
1.22054
1.2199
1.21916
1.21842
1.21779
1.21735
1.21716
1.21727
1.21765
1.21825
1.21897
1.21969
1.2203
1.2207
1.2208
1.22058
1.22002
1.21915
1.21799
1.21659
1.215
1.2133
1.21159
1.20997
1.2085
1.20718
1.20593
1.20457
1.20289
1.2007
1.19793
1.19464
1.19108
1.18767
1.18485
1.18299
1.18218
1.18226
1.18287
1.18363
1.18427
1.18472
1.18502
1.18532
1.18575
1.18639
1.18722
1.1882
1.18919
1.1901
1.19083
1.19131
1.19153
1.19147
1.19117
1.19066
1.18999
1.18921
1.18837
1.18751
1.18668
1.18591
1.18524
1.18468
1.18426
1.18399
1.18389
1.18393
1.18411
1.18441
1.18479
1.18521
1.18564
1.18605
1.18641
1.18669
1.18686
1.18687
1.18669
1.18628
1.18561
1.18466
1.18346
1.18206
1.18056
1.17908
1.17777
1.17675
1.17615
1.17606
1.17656
1.17771
1.17955
1.18205
1.18515
1.18869
1.19248
1.19631
1.19998
1.20333
1.20622
1.20859
1.21038
1.2116
1.21228
1.21248
1.21232
1.21194
1.21155
1.21132
1.21144
1.21198
1.21289
1.21399
1.21496
1.21541
1.21495
1.2132
1.20991
1.20499
1.19858
1.19107
1.18296
1.17476
1.16686
1.15971
1.15413
1.15133
1.15253
1.15811
1.16727
1.17836
1.18962
1.19977
1.20821
1.2148
1.21975
1.22334
1.22588
1.2276
1.2287
1.2293
1.22944
1.22915
1.22839
1.22708
1.22514
1.22244
1.21886
1.21431
1.20874
1.20226
1.19516
1.18797
1.1814
1.17614
1.17262
1.17087
1.17057
1.17125
1.17251
1.17412
1.176
1.17815
1.18056
1.1832
1.18602
1.1889
1.19175
1.19444
1.19688
1.199
1.20075
1.20207
1.20294
1.20335
1.20328
1.20272
1.20168
1.20015
1.19818
1.19581
1.19309
1.19011
1.18698
1.18377
1.18055
1.17738
1.17426
1.17121
1.16829
1.16566
1.16362
1.16258
1.16289
1.16466
1.16768
1.17139
1.17514
1.17834
1.18059
1.18172
1.18171
1.18069
1.17886
1.17648
1.17384
1.17129
1.16914
1.16766
1.16702
1.16727
1.16829
1.16989
1.1718
1.17377
1.17557
1.17704
1.17809
1.17871
1.17893
1.17885
1.17858
1.17828
1.17809
1.17814
1.17851
1.17923
1.18028
1.18159
1.18309
1.18467
1.18628
1.18783
1.1893
1.19065
1.19186
1.19294
1.19385
1.19459
1.1951
1.19531
1.19512
1.19434
1.19271
1.18987
1.18537
1.17884
1.17024
1.16042
1.15146
1.14625
1.14689
1.15305
1.16228
1.17176
1.17968
1.18544
1.18917
1.19123
1.19201
1.19183
1.19091
1.18944
1.18757
1.18547
1.18332
1.18131
1.17961
1.17835
1.1776
1.17736
1.17761
1.17832
1.17945
1.18099
1.18293
1.18518
1.18765
1.19017
1.19256
1.19463
1.19624
1.19725
1.19759
1.19721
1.19607
1.19418
1.19157
1.18834
1.18466
1.18079
1.17713
1.17409
1.17206
1.17125
1.17163
1.17292
1.17464
1.17625
1.17719
1.17696
1.17518
1.17175
1.16697
1.16169
1.15717
1.15454
1.15419
1.15551
1.15739
1.15889
1.15973
1.16025
1.16108
1.16275
1.16548
1.16914
1.17334
1.17763
1.18162
1.18505
1.18782
1.18993
1.19144
1.19244
1.19306
1.19337
1.19348
1.19344
1.1933
1.19311
1.19289
1.19264
1.19237
1.19207
1.19173
1.19135
1.19093
1.19048
1.19
1.18953
1.18907
1.18867
1.18831
1.18802
1.18779
1.18762
1.1875
1.18746
1.18749
1.18763
1.18788
1.18825
1.18873
1.18926
1.18978
1.1902
1.1904
1.19027
1.18974
1.18874
1.1873
1.18548
1.18345
1.18142
1.17965
1.17838
1.1778
1.17799
1.17889
1.18032
1.182
1.18368
1.18516
1.18636
1.18729
1.18804
1.18874
1.1895
1.19041
1.19148
1.19271
1.19404
1.1954
1.19673
1.19795
1.19902
1.19991
1.2006
1.20108
1.20138
1.20152
1.20153
1.20145
1.20131
1.20115
1.20098
1.20081
1.20064
1.20045
1.20024
1.19997
1.19961
1.19916
1.19857
1.19784
1.19696
1.19594
1.1948
1.19356
1.19224
1.19089
1.18952
1.18814
1.18673
1.18526
1.18369
1.18195
1.17999
1.17779
1.17535
1.17273
1.17005
1.16751
1.16536
1.16387
1.16324
1.16359
1.1649
1.16701
1.16968
1.17266
1.1757
1.17862
1.18131
1.18368
1.18569
1.18729
1.18846
1.18918
1.18941
1.18913
1.18834
1.18705
1.18533
1.18332
1.18119
1.17919
1.17753
1.1764
1.17589
1.17599
1.17662
1.17767
1.17898
1.1804
1.18174
1.18281
1.18341
1.18337
1.18256
1.18094
1.17854
1.17553
1.1722
1.16892
1.16614
1.16426
1.16359
1.16429
1.16636
1.1697
1.17404
1.17901
1.18413
1.18895
1.19308
1.19628
1.19844
1.19959
1.19984
1.19937
1.19842
1.19725
1.19614
1.19537
1.19519
1.19576
1.19715
1.19934
1.20219
1.2055
1.20903
1.21255
1.21586
1.21877
1.22117
1.22292
1.22394
1.22418
1.22359
1.2222
1.22009
1.21739
1.21431
1.21109
1.20792
1.2049
1.20202
1.19917
1.19622
1.19317
1.19015
1.1875
1.18568
1.18517
1.18632
1.18922
1.19369
1.19926
1.2053
1.21115
1.21621
1.22014
1.22293
1.22488
1.22653
1.22842
1.23092
1.23405
1.23757
1.24107
1.2441
1.24626
1.24716
1.2465
1.2441
1.24004
1.23482
1.22949
1.2255
1.22414
1.22593
1.23035
1.23623
1.24236
1.24794
1.2526
1.25627
1.25901
1.26094
1.26214
1.26268
1.26263
1.26202
1.26091
1.25934
1.25734
1.25495
1.25216
1.24895
1.24525
1.24094
1.23591
1.23009
1.22353
1.21649
1.20956
1.20368
1.20002
1.1996
1.20279
1.20903
1.21708
1.22551
1.2332
1.23946
1.24403
1.24688
1.24811
1.24782
1.24621
1.24349
1.24003
1.23636
1.23309
1.23078
1.22969
1.22966
1.23014
1.23041
1.22984
1.2281
1.22519
1.22142
1.21738
1.21371
1.21102
1.20963
1.20957
1.21055
1.2121
1.21373
1.21503
1.21575
1.21577
1.21508
1.21377
1.21197
1.20982
1.20747
1.20505
1.2027
1.2005
1.19854
1.19684
1.1954
1.19416
1.19305
1.19196
1.19081
1.18953
1.18809
1.18651
1.18487
1.18327
1.18185
1.18072
1.17998
1.17965
1.17969
1.18002
1.18051
1.18103
1.18146
1.18169
1.18164
1.18122
1.18034
1.17891
1.17682
1.174
1.17045
1.16631
1.16197
1.15803
1.15524
1.15418
1.15505
1.1575
1.16084
1.16432
1.16734
1.16958
1.17091
1.17136
1.17104
1.17008
1.16862
1.16682
1.16485
1.16288
1.16107
1.15959
1.15855
1.15801
1.15797
1.15837
1.1591
1.16001
1.16096
1.16184
1.16256
1.16306
1.16332
1.16333
1.16311
1.16269
1.16211
1.16142
1.16068
1.15996
1.15934
1.15889
1.15867
1.15876
1.15917
1.15992
1.16095
1.16222
1.16363
1.16506
1.16642
1.16759
1.16848
1.16902
1.16918
1.16893
1.16831
1.16738
1.16626
1.16507
1.16399
1.16316
1.16273
1.16278
1.16337
1.16449
1.16612
1.16817
1.17053
1.17307
1.17561
1.17802
1.18016
1.18196
1.18335
1.18432
1.18489
1.18509
1.18495
1.18454
1.18393
1.18324
1.18259
1.18214
1.18205
1.18247
1.18344
1.18493
1.18679
1.18885
1.19091
1.19284
1.19461
1.19627
1.19792
1.19965
1.20147
1.20329
1.20494
1.20615
1.20667
1.20626
1.20473
1.20195
1.1979
1.19263
1.18639
1.17961
1.17296
1.16726
1.16336
1.1619
1.16316
1.16697
1.1728
1.17994
1.18771
1.19555
1.20306
1.20997
1.21609
1.22132
1.22557
1.22883
1.23108
1.23234
1.23264
1.23202
1.23056
1.22834
1.22553
1.2223
1.21886
1.21538
1.21198
1.20868
1.2054
1.20198
1.19821
1.19392
1.18905
1.18384
1.17885
1.1749
1.17272
1.1727
1.17462
1.17776
1.18115
1.18385
1.18524
1.1851
1.18364
1.18142
1.17924
1.17789
1.17801
1.17985
1.18326
1.18771
1.19256
1.19723
1.2013
1.20455
1.2069
1.2084
1.20913
1.20921
1.20874
1.20781
1.20646
1.20475
1.20268
1.20027
1.19754
1.19454
1.19137
1.18818
1.18516
1.18256
1.18062
1.17953
1.17938
1.18012
1.1816
1.18357
1.18576
1.18792
1.18985
1.19144
1.19263
1.1934
1.19378
1.19379
1.1935
1.19294
1.19217
1.19123
1.19016
1.189
1.1878
1.18661
1.18546
1.18442
1.18352
1.18279
1.18223
1.18182
1.18149
1.18117
1.18077
1.18021
1.17944
1.17844
1.17727
1.17601
1.17475
1.17358
1.17249
1.17142
1.17027
1.16893
1.16735
1.1656
1.1638
1.16214
1.16081
1.15993
1.15959
1.15986
1.16077
1.16232
1.16447
1.16708
1.16992
1.17269
1.17503
1.17658
1.177
1.17601
1.17341
1.16917
1.16346
1.15678
1.14996
1.14409
1.14029
1.13933
1.14131
1.14564
1.15137
1.15754
1.16349
1.16884
1.17338
1.17701
1.1797
1.18143
1.18229
1.18238
1.18188
1.18099
1.17993
1.1789
1.17806
1.17743
1.17696
1.17645
1.17563
1.17417
1.17181
1.16842
1.16415
1.15957
1.15563
1.15338
1.15349
1.15587
1.15974
1.164
1.16776
1.17049
1.17205
1.17251
1.17207
1.17093
1.16925
1.16713
1.16464
1.16183
1.15885
1.15602
1.15383
1.15289
1.15366
1.15622
1.1602
1.16492
1.16967
1.17387
1.17721
1.17957
1.18099
1.18158
1.18153
1.18106
1.18042
1.17987
1.17966
1.17997
1.18083
1.18217
1.18379
1.18541
1.18679
1.1877
1.188
1.18763
1.1866
1.18503
1.1831
1.18108
1.17928
1.178
1.17747
1.17779
1.17893
1.18076
1.18306
1.18561
1.18825
1.19082
1.19323
1.19545
1.19743
1.19917
1.20067
1.20194
1.20298
1.2038
1.20441
1.20482
1.20504
1.20507
1.20493
1.20462
1.20415
1.20355
1.20283
1.20201
1.20115
1.20028
1.19947
1.1988
1.19837
1.19827
1.19859
1.19939
1.20069
1.20247
1.20466
1.2072
1.21002
1.21304
1.21621
1.21949
1.22282
1.22614
1.22937
1.23242
1.23518
1.23756
1.23948
1.24091
1.24185
1.24237
1.24259
1.24264
1.24266
1.24271
1.24276
1.24267
1.2422
1.24111
1.23917
1.23626
1.23239
1.2277
1.22251
1.21716
1.21191
1.2068
1.20171
1.19655
1.19158
1.18745
1.18497
1.18478
1.18712
1.19185
1.19858
1.20663
1.2151
1.2231
1.22993
1.23522
1.23891
1.24118
1.2423
1.24259
1.24237
1.2419
1.24141
1.24105
1.24089
1.24093
1.24115
1.24147
1.24181
1.24209
1.24226
1.24229
1.2422
1.24202
1.24179
1.24153
1.24125
1.24094
1.24055
1.24005
1.23936
1.23844
1.23724
1.23574
1.23393
1.23182
1.22946
1.22692
1.2243
1.22171
1.21926
1.21699
1.21492
1.213
1.21113
1.20924
1.20729
1.20531
1.20344
1.20186
1.20081
1.20047
1.20092
1.20212
1.20388
1.20594
1.20801
1.20979
1.21109
1.21174
1.21165
1.21074
1.20899
1.2064
1.20305
1.19915
1.1951
1.19141
1.1887
1.18746
1.18785
1.1897
1.19252
1.19575
1.19889
1.2016
1.20374
1.20525
1.20617
1.20659
1.2066
1.20632
1.20584
1.20527
1.20468
1.20415
1.20373
1.20346
1.20336
1.20343
1.20365
1.20399
1.20443
1.20494
1.20547
1.20602
1.20656
1.20708
1.2076
1.20812
1.20865
1.20921
1.20979
1.21038
1.21095
1.21143
1.21175
1.21177
1.21137
1.21041
1.20877
1.20642
1.2035
1.20033
1.1975
1.19568
1.19543
1.19697
1.20002
1.20398
1.2082
1.21214
1.21548
1.21809
1.21994
1.22103
1.22135
1.22088
1.21956
1.21733
1.21413
1.21001
1.2051
1.1997
1.19428
1.18946
1.18593
1.18429
1.1849
1.18777
1.19251
1.19841
1.20461
1.21027
1.2147
1.21745
1.2183
1.21737
1.21519
1.21274
1.21127
1.2118
1.21463
1.21911
1.22404
1.22825
1.23093
1.23175
1.23074
1.22818
1.22449
1.22017
1.21576
1.21178
1.2086
1.20637
1.20506
1.20445
1.20429
1.20438
1.2046
1.20495
1.20546
1.20615
1.20704
1.20813
1.20944
1.21097
1.21273
1.21462
1.21651
1.21813
1.21923
1.21956
1.21895
1.21733
1.21481
1.21167
1.20833
1.20532
1.20312
1.20203
1.20205
1.20298
1.20449
1.20631
1.20827
1.21029
1.21237
1.21452
1.2167
1.21885
1.22088
1.22269
1.22418
1.22529
1.22596
1.22615
1.22586
1.22508
1.22383
1.22215
1.22007
1.21766
1.21499
1.21212
1.20913
1.20607
1.20298
1.19984
1.19667
1.19345
1.19025
1.18723
1.18464
1.18281
1.18205
1.18252
1.18421
1.18687
1.19015
1.19365
1.19704
1.20008
1.2026
1.2045
1.2057
1.2061
1.20554
1.20386
1.20085
1.19643
1.19082
1.18463
1.17896
1.17504
1.1737
1.17497
1.17811
1.18213
1.18622
1.18994
1.1931
1.19567
1.19767
1.1991
1.19998
1.2003
1.2001
1.19937
1.19815
1.19646
1.19436
1.19195
1.18939
1.1869
1.18474
1.1831
1.18209
1.18166
1.18161
1.18168
1.18161
1.18126
1.18058
1.17965
1.17858
1.17747
1.1763
1.17491
1.1731
1.17073
1.1679
1.16512
1.16321
1.16302
1.16495
1.16874
1.17354
1.17837
1.18247
1.18543
1.18718
1.18782
1.1876
1.18678
1.1856
1.18426
1.18283
1.1813
1.17959
1.17755
1.17507
1.17216
1.16902
1.16609
1.16391
1.16303
1.16372
1.1659
1.1692
1.1731
1.17712
1.18088
1.18411
1.18663
1.18837
1.18935
1.18971
1.18969
1.18965
1.18997
1.19104
1.19312
1.19625
1.20027
1.20487
1.20965
1.21421
1.21825
1.2216
1.22414
1.22586
1.22676
1.2269
1.22634
1.22512
1.22332
1.22102
1.21831
1.21528
1.21203
1.20867
1.20533
1.20212
1.19921
1.19677
1.19501
1.19413
1.1943
1.19557
1.19782
1.2008
1.20415
1.20755
1.21076
1.21363
1.21609
1.21806
1.21938
1.2198
1.21901
1.21679
1.21309
1.20822
1.2029
1.19823
1.19545
1.19555
1.19886
1.20488
1.21251
1.22053
1.22795
1.23421
1.23906
1.2425
1.24465
1.24563
1.24559
1.24462
1.24284
1.24037
1.23736
1.23403
1.23067
1.22757
1.22501
1.22318
1.2221
1.22166
1.22163
1.22172
1.22169
1.22144
1.22095
1.22033
1.21971
1.21912
1.21853
1.21775
1.21663
1.21507
1.21313
1.21108
1.20931
1.2083
1.20843
1.20994
1.21281
1.21674
1.22132
1.22605
1.23051
1.2344
1.23755
1.23993
1.24158
1.24257
1.24297
1.2428
1.24201
1.24056
1.23839
1.2355
1.23207
1.22844
1.22515
1.2228
1.22187
1.22249
1.22443
1.2272
1.23027
1.23327
1.23596
1.23831
1.24033
1.24208
1.24354
1.24464
1.24522
1.2451
1.24404
1.2419
1.23861
1.23427
1.22925
1.22415
1.21974
1.21675
1.21564
1.21643
1.21876
1.22207
1.22574
1.22929
1.23235
1.23468
1.23613
1.23663
1.23619
1.23485
1.23278
1.23019
1.2274
1.22478
1.22268
1.22133
1.22078
1.22086
1.22132
1.22186
1.22225
1.2224
1.22231
1.22209
1.22189
1.22185
1.22207
1.22253
1.22315
1.22375
1.22411
1.22406
1.22349
1.22246
1.22115
1.21985
1.21892
1.21859
1.21898
1.22001
1.22146
1.22311
1.22473
1.22618
1.22743
1.22844
1.22927
1.22994
1.2305
1.23095
1.2313
1.23151
1.2315
1.23117
1.23038
1.22897
1.22679
1.22377
1.21992
1.21545
1.21072
1.20621
1.20237
1.1995
1.19775
1.19715
1.19764
1.19903
1.20095
1.20294
1.20454
1.20541
1.20542
1.20465
1.20332
1.20174
1.20017
1.19878
1.19758
1.19648
1.19533
1.19404
1.19268
1.19146
1.19062
1.19035
1.19071
1.19165
1.19303
1.19477
1.19678
1.19907
1.20164
1.20445
1.20741
1.21037
1.21314
1.21558
1.21758
1.21908
1.22007
1.22058
1.22065
1.22033
1.21968
1.21874
1.21756
1.2162
1.21469
1.2131
1.21148
1.20989
1.20838
1.20698
1.20572
1.20459
1.20359
1.20267
1.20182
1.20103
1.20032
1.19973
1.19931
1.1991
1.19912
1.19932
1.19963
1.19996
1.20026
1.20051
1.20081
1.20128
1.20207
1.20329
1.20495
1.207
1.20926
1.21155
1.21371
1.21559
1.21711
1.21824
1.21896
1.21928
1.21925
1.21889
1.21828
1.2175
1.21662
1.21576
1.21499
1.21437
1.21391
1.21357
1.21329
1.213
1.21268
1.21236
1.21219
1.21229
1.21277
1.2136
1.21461
1.21552
1.21605
1.21608
1.21566
1.21505
1.21463
1.21479
1.21582
1.2178
1.22064
1.22406
1.22774
1.23138
1.23472
1.2376
1.23995
1.24175
1.24304
1.24389
1.24438
1.24461
1.24467
1.24466
1.24463
1.24465
1.24473
1.24487
1.245
1.24504
1.24486
1.2443
1.24324
1.24159
1.23942
1.23699
1.23478
1.23334
1.23307
1.23392
1.2354
1.2368
1.23744
1.23699
1.23549
1.23324
1.23071
1.22834
1.22645
1.22522
1.22472
1.22493
1.22585
1.22756
1.23029
1.23426
1.23948
1.24558
1.25185
1.25751
1.26194
1.26486
1.26628
1.26641
1.26559
1.26417
1.26251
1.26092
1.25963
1.25879
1.25848
1.25869
1.25939
1.26046
1.26182
1.26331
1.26481
1.26618
1.26728
1.26797
1.26816
1.26775
1.2667
1.26499
1.26265
1.2598
1.25658
1.25323
1.25001
1.24722
1.24513
1.24396
1.24386
1.24483
1.24678
1.24951
1.25276
1.25622
1.25957
1.26252
1.26478
1.26611
1.26632
1.26534
1.26319
1.26006
1.25633
1.25243
1.24881
1.24567
1.24293
1.24028
1.23736
1.23396
1.23009
1.22616
1.22294
1.22159
1.22319
1.2281
1.23559
1.24416
1.25232
1.25911
1.26423
1.26777
1.27006
1.27142
1.27217
1.27253
1.27266
1.27265
1.27249
1.27215
1.27149
1.27034
1.26848
1.26564
1.26159
1.25623
1.24977
1.2429
1.23677
1.23264
1.23127
1.23249
1.2353
1.2385
1.24117
1.24287
1.24353
1.24328
1.24235
1.24094
1.23924
1.23741
1.2356
1.23395
1.23259
1.23167
1.23133
1.23169
1.23277
1.23453
1.2368
1.23935
1.24193
1.24432
1.24638
1.24803
1.24927
1.25015
1.25072
1.25107
1.25122
1.25122
1.25106
1.25071
1.25013
1.24927
1.24808
1.24652
1.24457
1.24226
1.23965
1.23686
1.23406
1.23143
1.22911
1.22723
1.22582
1.22485
1.22423
1.22387
1.22367
1.22355
1.22345
1.22333
1.22316
1.22294
1.22267
1.22241
1.2222
1.2221
1.22218
1.22248
1.223
1.22373
1.22461
1.22555
1.22646
1.22725
1.22783
1.22815
1.22815
1.22781
1.22711
1.22608
1.22473
1.22312
1.22129
1.21932
1.21726
1.21521
1.21324
1.21145
1.20996
1.20887
1.20829
1.20829
1.20888
1.21001
1.21155
1.21334
1.21521
1.217
1.2186
1.21993
1.22095
1.22165
1.22204
1.22215
1.22203
1.22176
1.22145
1.2212
1.2211
1.22125
1.22166
1.22233
1.22318
1.22411
1.22502
1.22581
1.22641
1.22679
1.22697
1.22703
1.22706
1.2272
1.22758
1.22831
1.2294
1.23082
1.23246
1.23419
1.23588
1.23742
1.23873
1.23975
1.24041
1.24065
1.2404
1.23959
1.23814
1.23601
1.23316
1.22957
1.2252
1.21987
1.21334
1.2054
1.1964
1.188
1.18335
1.18566
1.19552
1.21014
1.22548
1.23867
1.24867
1.25563
1.26011
1.26271
1.26389
1.26395
1.26309
1.26143
1.25904
1.25597
1.25228
1.24804
1.24336
1.23841
1.23344
1.22879
1.22491
1.22223
1.22105
1.22145
1.22322
1.22594
1.22916
1.23251
1.23571
1.2386
1.24109
1.24311
1.24457
1.24544
1.2457
1.24538
1.24462
1.24364
1.24273
1.24219
1.24229
1.24315
1.2447
1.24675
1.249
1.25115
1.25291
1.2541
1.25459
1.25434
1.25339
1.25184
1.24983
1.24757
1.24533
1.24339
1.242
1.24139
1.24163
1.24268
1.24437
1.24644
1.24862
1.25065
1.25237
1.25366
1.25449
1.25489
1.25492
1.25464
1.25412
1.25344
1.25263
1.25173
1.25074
1.24969
1.24857
1.24741
1.2462
1.24493
1.24358
1.24206
1.24029
1.23812
1.23537
1.23186
1.22741
1.22192
1.21547
1.20847
1.20179
1.19673
1.19462
1.19624
1.2013
1.20859
1.21653
1.22379
1.22959
1.23359
1.23583
1.23654
1.23603
1.23468
1.23286
1.23088
1.22899
1.22736
1.22606
1.2251
1.22442
1.22394
1.22357
1.22328
1.22307
1.22299
1.22316
1.22363
1.22444
1.22554
1.22676
1.22787
1.22858
1.22859
1.22767
1.2257
1.22281
1.21947
1.21637
1.21433
1.21393
1.21522
1.21774
1.22076
1.22356
1.22568
1.22693
1.22731
1.22694
1.22599
1.22465
1.22306
1.22139
1.21976
1.21828
1.21706
1.21615
1.2156
1.21543
1.2156
1.21606
1.2167
1.21738
1.21792
1.2181
1.21764
1.21618
1.21334
1.20879
1.20239
1.19453
1.18637
1.17978
1.17655
1.17729
1.18105
1.18596
1.19039
1.19347
1.19503
1.19532
1.19475
1.19376
1.19284
1.19247
1.1931
1.195
1.19817
1.20237
1.20714
1.21199
1.21653
1.22048
1.22375
1.22634
1.2283
1.22972
1.23071
1.23135
1.23172
1.23187
1.23185
1.23166
1.23133
1.23085
1.23021
1.22938
1.22835
1.22706
1.22546
1.22348
1.22102
1.21796
1.21418
1.2096
1.20425
1.19836
1.19242
1.18715
1.18329
1.18127
1.18109
1.1824
1.1848
1.18799
1.1918
1.19605
1.20051
1.20494
1.20922
1.21329
1.21715
1.22075
1.22396
1.22662
1.22858
1.22982
1.23041
1.23057
1.23061
1.23083
1.23148
1.23266
1.23436
1.23639
1.23852
1.24046
1.24196
1.24282
1.24291
1.24216
1.24057
1.23821
1.23523
1.23187
1.22842
1.22525
1.2227
1.22105
1.22046
1.22091
1.22225
1.22419
1.22645
1.22872
1.23077
1.23242
1.23356
1.23413
1.23412
1.23356
1.23251
1.23106
1.2293
1.22734
1.22529
1.22322
1.22122
1.2193
1.21747
1.21574
1.21408
1.21254
1.21122
1.21032
1.21009
1.21078
1.21253
1.21528
1.21877
1.22255
1.22616
1.22918
1.23132
1.23242
1.23246
1.2315
1.22976
1.22753
1.2252
1.22319
1.2219
1.22159
1.2224
1.22424
1.22688
1.22998
1.23319
1.2362
1.23877
1.24079
1.24217
1.24292
1.24305
1.24256
1.24147
1.23981
1.2376
1.23493
1.23192
1.22876
1.22572
1.22309
1.22115
1.22008
1.21993
1.22061
1.22189
1.22353
1.22529
1.22698
1.22848
1.22972
1.23067
1.23133
1.23171
1.23181
1.23166
1.23128
1.23066
1.22981
1.22875
1.22749
1.2261
1.22468
1.22339
1.2224
1.22189
1.22195
1.22257
1.2236
1.22479
1.22583
1.22648
1.22656
1.22605
1.22505
1.22373
1.22222
1.2206
1.21877
1.21662
1.21409
1.21131
1.20865
1.20658
1.20549
1.20549
1.20644
1.20804
1.21005
1.21229
1.21467
1.21706
1.21935
1.22139
1.22307
1.22435
1.22525
1.22582
1.22615
1.22631
1.22638
1.22641
1.22641
1.2264
1.22636
1.2263
1.2262
1.22606
1.2259
1.22571
1.22552
1.22534
1.2252
1.22512
1.22509
1.22514
1.22523
1.22537
1.22553
1.22568
1.2258
1.22586
1.22584
1.22572
1.22548
1.22512
1.22462
1.22399
1.22322
1.22233
1.22134
1.22028
1.21919
1.2181
1.21708
1.21617
1.2154
1.21482
1.21444
1.21425
1.21424
1.21439
1.21465
1.215
1.21542
1.21589
1.21639
1.21692
1.21747
1.21804
1.21862
1.21921
1.21979
1.22035
1.22087
1.22133
1.22169
1.22193
1.22202
1.22192
1.22161
1.22101
1.22009
1.21877
1.21695
1.21453
1.21138
1.20739
1.20244
1.19646
1.18945
1.1815
1.1729
1.16418
1.15632
1.15069
1.1488
1.1515
1.15844
1.16815
1.17878
1.1889
1.19769
1.2049
1.2106
1.21497
1.21826
1.22066
1.22234
1.22341
1.22393
1.22392
1.22336
1.22219
1.22034
1.21775
1.21445
1.2106
1.20657
1.20295
1.20043
1.19954
1.20044
1.20282
1.20599
1.20919
1.21175
1.21321
1.21326
1.2117
1.20839
1.20325
1.19634
1.18793
1.17863
1.16945
1.1616
1.15619
1.15383
1.15441
1.15722
1.16129
1.16573
1.16996
1.17371
1.17697
1.17989
1.18266
1.18544
1.18829
1.19119
1.19405
1.19674
1.19912
1.20111
1.20264
1.2037
1.20428
1.20443
1.20417
1.20354
1.20257
1.20125
1.19957
1.19749
1.19497
1.19197
1.18853
1.18479
1.18105
1.17772
1.17526
1.17398
1.17395
1.17491
1.1764
1.17786
1.17882
1.1789
1.17782
1.17544
1.17174
1.1669
1.16142
1.15623
1.15258
1.15158
1.15369
1.1584
1.16452
1.17082
1.17641
1.18086
1.18411
1.18629
1.18757
1.18814
1.18816
1.18774
1.18699
1.18595
1.18468
1.18322
1.1816
1.17986
1.17804
1.17621
1.17443
1.17279
1.17137
1.17026
1.16953
1.16921
1.16932
1.16981
1.17063
1.17167
1.17284
1.17405
1.17519
1.17619
1.17699
1.17751
1.1777
1.17748
1.17677
1.17551
1.17364
1.17118
1.16822
1.16497
1.16174
1.15879
1.15622
1.15384
1.15125
1.14807
1.14441
1.14112
1.13965
1.14128
1.1462
1.15334
1.16105
1.1679
1.1731
1.17638
1.17777
1.17736
1.17521
1.17136
1.16597
1.15944
1.15263
1.14681
1.14328
1.14271
1.14482
1.14855
1.15269
1.15641
1.15933
1.16144
1.16288
1.16383
1.16447
1.16492
1.16528
1.16563
1.16605
1.1666
1.16733
1.16825
1.16937
1.17066
1.17206
1.17354
1.17502
1.17646
1.17781
1.17904
1.18013
1.18107
1.18185
1.18248
1.18298
1.18334
1.18358
1.1837
1.18372
1.18363
1.18342
1.18309
1.18265
1.18207
1.18136
1.18053
1.17959
1.17854
1.17735
1.17595
1.17419
1.17187
1.16876
1.16475
1.16005
1.15529
1.15152
1.14983
1.15078
1.15407
1.15877
1.16389
1.16873
1.17302
1.17678
1.18009
1.18305
1.18569
1.18803
1.19007
1.19181
1.19329
1.19455
1.19564
1.1966
1.19747
1.19828
1.19907
1.19984
1.20062
1.20141
1.20221
1.20304
1.20388
1.20474
1.20562
1.2065
1.20738
1.20824
1.20907
1.20985
1.21055
1.21115
1.21164
1.21197
1.21214
1.21213
1.21194
1.2116
1.21113
1.21062
1.21013
1.20979
1.20966
1.20981
1.21025
1.21093
1.21176
1.21264
1.21343
1.21403
1.21439
1.21445
1.21423
1.21377
1.21315
1.21252
1.21208
1.21211
1.21289
1.21465
1.21745
1.22108
1.22514
1.22912
1.23253
1.23502
1.23639
1.23662
1.23584
1.23423
1.23202
1.22943
1.22662
1.22372
1.22084
1.21809
1.2156
1.21347
1.21176
1.21042
1.20934
1.20835
1.20729
1.20603
1.20447
1.20259
1.20042
1.1981
1.19593
1.19436
1.19398
1.19534
1.19875
1.20405
1.21065
1.21774
1.22454
1.23053
1.23541
1.23911
1.24169
1.24327
1.24399
1.244
1.24344
1.24245
1.24116
1.23972
1.23825
1.23689
1.23575
1.23491
1.2344
1.23423
1.23435
1.23467
1.2351
1.23553
1.23589
1.23612
1.23618
1.23607
1.23579
1.23533
1.23471
1.23391
1.2329
1.23166
1.23011
1.2282
1.22586
1.22304
1.21973
1.21597
1.21186
1.20753
1.20317
1.19896
1.19509
1.19177
1.1892
1.18765
1.18731
1.18824
1.19035
1.19333
1.19678
1.2003
1.20358
1.20642
1.20875
1.21056
1.21193
1.21292
1.21357
1.21389
1.21384
1.21331
1.21216
1.21022
1.20733
1.20343
1.19867
1.19353
1.18884
1.18563
1.18465
1.18607
1.18933
1.19347
1.19758
1.20108
1.20373
1.20553
1.20663
1.20721
1.20741
1.20737
1.20718
1.20688
1.20651
1.20606
1.20554
1.20492
1.20419
1.20334
1.20236
1.20125
1.20001
1.19869
1.19731
1.19595
1.19468
1.19359
1.19276
1.19227
1.19218
1.19251
1.19324
1.19433
1.19569
1.19719
1.19873
1.20018
1.20145
1.20245
1.20312
1.20343
1.20333
1.20285
1.20197
1.20074
1.19919
1.19738
1.19539
1.19332
1.1913
1.18947
1.18798
1.18696
1.18652
1.18671
1.18751
1.18882
1.19049
1.19235
1.19423
1.196
1.19757
1.19891
1.20001
1.20092
1.20168
1.20236
1.20302
1.20369
1.2044
1.20517
1.20598
1.20682
1.20766
1.20846
1.20919
1.2098
1.21025
1.21051
1.21052
1.21028
1.20976
1.20899
1.20802
1.20695
1.2059
1.20504
1.2045
1.20439
1.20476
1.20556
1.20668
1.20798
1.20933
1.21058
1.21167
1.21254
1.21317
1.21358
1.21379
1.21384
1.21377
1.21364
1.2135
1.21344
1.21352
1.21378
1.21428
1.215
1.21591
1.21695
1.21801
1.21897
1.21968
1.21999
1.21979
1.21895
1.21745
1.21536
1.21294
1.21063
1.20901
1.20862
1.20973
1.21219
1.21547
1.21888
1.22178
1.22376
1.22465
1.22456
1.22383
1.22293
1.22238
1.22259
1.22374
1.22572
1.22823
1.23089
1.23335
1.23537
1.23681
1.23763
1.23781
1.23743
1.23657
1.23532
1.23384
1.23228
1.23079
1.22955
1.2287
1.22839
1.22868
1.22964
1.23124
1.2334
1.23599
1.23886
1.24183
1.24471
1.24736
1.24968
1.25161
1.25312
1.25424
1.255
1.25545
1.25562
1.25554
1.25525
1.25481
1.25433
1.25399
1.25401
1.25464
1.25608
1.25843
1.26159
1.26529
1.26914
1.27264
1.27532
1.2767
1.27634
1.27382
1.26879
1.26106
1.25086
1.23907
1.22737
1.21798
1.21284
1.21273
1.21696
1.22379
1.23126
1.23781
1.24253
1.2451
1.24562
1.24441
1.24187
1.23844
1.23458
1.23072
1.22724
1.22449
1.22271
1.22207
1.22265
1.22442
1.22724
1.23084
1.23484
1.23879
1.24227
1.24499
1.24681
1.24779
1.24815
1.24816
1.24812
1.24827
1.24876
1.24962
1.25081
1.25223
1.25374
1.25524
1.25664
1.2579
1.25898
1.2599
1.26065
1.26125
1.26173
1.26209
1.26236
1.26255
1.26266
1.2627
1.26268
1.26258
1.26238
1.26206
1.26157
1.26084
1.25979
1.25833
1.25635
1.25375
1.25047
1.24649
1.24185
1.23669
1.23125
1.22584
1.22083
1.21663
1.21364
1.21217
1.21236
1.21413
1.21719
1.22119
1.22572
1.2304
1.23491
1.23904
1.24262
1.24558
1.24792
1.24964
1.25081
1.25145
1.25163
1.25139
1.25079
1.2499
1.24881
1.24763
1.24645
1.24537
1.24444
1.24365
1.24299
1.24241
1.24185
1.24127
1.2406
1.23975
1.23868
1.23741
1.23603
1.23473
1.23373
1.23321
1.23325
1.23376
1.23455
1.23535
1.23594
1.23617
1.236
1.23545
1.23465
1.2337
1.23274
1.23182
1.23092
1.22999
1.22893
1.22766
1.22617
1.22447
1.22265
1.22083
1.21913
1.21766
1.2165
1.21568
1.21518
1.21494
1.2149
1.21497
1.21509
1.21521
1.21532
1.21542
1.21554
1.21569
1.21587
1.21604
1.21614
1.21604
1.21558
1.2146
1.21291
1.21037
1.20694
1.20275
1.19818
1.19389
1.1907
1.18927
1.18983
1.19206
1.19524
1.19859
