           1    0.948981    0.948981           0
           2    0.912861    0.930921     0.01806
           3    0.915869    0.925904   0.0115713
           4    0.757285    0.883749   0.0429414
           5    0.842869    0.875573   0.0342524
           6    0.844381    0.870375    0.028446
           7    0.908896    0.875878   0.0246631
           8    0.826163    0.869663   0.0222445
           9    0.842424    0.866637   0.0198499
          10    0.860749    0.866048   0.0177641
          11    0.954613    0.874099   0.0179725
          12    0.914184     0.87744   0.0167432
          13    0.907648    0.879763   0.0155758
          14    0.903955    0.881491   0.0145236
          15    0.883256    0.881609   0.0135212
          16    0.945037    0.885573   0.0132546
          17    0.901592    0.886516   0.0124862
          18    0.937437    0.889345   0.0121072
          19    0.863568    0.887988   0.0115324
          20    0.913939    0.889285   0.0110172
          21    0.941853    0.891789   0.0107743
          22    0.936579    0.893825   0.0104727
          23    0.952173    0.896362   0.0103236
          24    0.790597    0.891955    0.010822
          25    0.957168    0.894563   0.0107028
          26    0.902784    0.894879   0.0102878
          27    0.932376    0.896268  0.00999637
          28    0.951947    0.898257  0.00983585
          29    0.883987    0.897765  0.00950337
          30    0.918029     0.89844  0.00920595
           1     0.89772     0.89772           0
           2    0.875048    0.886384    0.011336
           3    0.749307    0.840692   0.0461588
           4      0.8466    0.842169   0.0326726
           5    0.811867    0.836108   0.0260236
           6    0.832443    0.835497    0.021257
           7    0.738405    0.821627   0.0226967
           8    0.787181    0.817321    0.020122
           9    0.878675    0.824138   0.0190103
          10    0.894976    0.831222   0.0184199
          11    0.857811    0.833639   0.0168358
          12    0.690565    0.821716   0.0194514
          13    0.872731    0.825641    0.018318
          14    0.935939    0.833519   0.0186998
          15     0.80544    0.831647   0.0175089
          16    0.929139     0.83774   0.0174748
          17    0.903576    0.841613   0.0168654
          18    0.888275    0.844205   0.0161108
          19    0.832115    0.843569   0.0152525
          20    0.855731    0.844177   0.0144826
          21    0.710448    0.837809   0.0151764
          22    0.759037    0.834228   0.0149065
          23       0.925    0.838175   0.0147803
          24    0.884123     0.84009     0.01428
          25     0.89456    0.842268   0.0138691
          26    0.758587     0.83905   0.0137082
          27    0.780728     0.83689   0.0133664
          28    0.924848    0.840031   0.0132577
          29    0.885731    0.841607   0.0128891
          30    0.860493    0.842237   0.0124679
           1     0.81564     0.81564           0
           2    0.804085    0.809863  0.00577733
           3    0.552301    0.724009   0.0859185
           4    0.922536    0.773641   0.0784494
           5    0.849925    0.788898   0.0626527
           6    0.827389    0.795313   0.0515564
           7     0.79184    0.794817   0.0435759
           8    0.805323     0.79613   0.0377607
           9    0.796253    0.796144   0.0333018
          10    0.891971    0.805726   0.0312896
          11    0.772453    0.802702   0.0284637
          12    0.827056    0.804731   0.0260628
          13    0.674232    0.794693   0.0259911
          14    0.732992    0.790286   0.0244633
          15    0.873837    0.795856   0.0234454
          16     0.83348    0.798207   0.0220569
          17    0.858413    0.801749   0.0210193
          18    0.780957    0.800594   0.0198508
          19    0.851744    0.803286    0.018969
          20    0.789005    0.802572   0.0180098
          21    0.877427    0.806136   0.0174976
          22    0.779416    0.804922   0.0167275
          23    0.809147    0.805105   0.0159847
          24    0.815987    0.805559   0.0153109
          25    0.717648    0.802042   0.0151008
          26    0.796221    0.801818   0.0145101
          27    0.752232    0.799982   0.0140827
          28    0.863133    0.802237   0.0137565
          29    0.840949    0.803572   0.0133407
          30    0.861739    0.805511   0.0130333
           1     0.69788     0.69788           0
           2    0.750419    0.724149   0.0262693
           3    0.743181    0.730493     0.01644
           4     0.70752     0.72475   0.0129662
           5    0.817352     0.74327   0.0210684
           6    0.775605     0.74866   0.0180267
           7    0.718269    0.744318   0.0158418
           8    0.790179    0.750051   0.0148689
           9    0.731256    0.747962   0.0132784
          10    0.727533    0.745919    0.012051
          11    0.786371    0.749597   0.0115041
          12    0.663096    0.742388   0.0127377
          13    0.747611     0.74279   0.0117238
          14    0.677587    0.738133   0.0118112
          15    0.793795    0.741844   0.0116049
          16    0.481472     0.72557   0.0195616
          17     0.83384    0.731939   0.0194474
          18    0.824936    0.737106   0.0190492
          19    0.554619    0.727501   0.0204187
          20    0.788091    0.730531   0.0196063
          21    0.648576    0.726628   0.0190533
          22    0.751976     0.72778   0.0182031
          23    0.651437    0.724461   0.0177075
          24    0.701037    0.723485   0.0169817
          25    0.850437    0.728563   0.0170615
          26    0.722392    0.728326   0.0163939
          27    0.610592    0.723965   0.0163666
          28    0.590824     0.71921   0.0164725
          29    0.757773     0.72054   0.0159499
          30    0.715584    0.720375   0.0154099
           1    0.606429    0.606429           0
           2    0.643352    0.624891   0.0184613
           3    0.782979    0.677587   0.0537631
           4    0.765435    0.699549   0.0439041
           5    0.538728    0.667385   0.0468089
           6    0.710269    0.674532   0.0388819
           7    0.763091    0.687183   0.0352124
           8    0.680293    0.686322    0.030507
           9    0.602203    0.676975   0.0284819
          10    0.648069    0.674085   0.0256384
          11    0.701765    0.676601    0.023327
          12    0.714195    0.679734   0.0215237
          13    0.635579    0.676337   0.0200882
          14    0.742488    0.681062   0.0191889
          15    0.611512    0.676426   0.0184558
          16    0.746325    0.680794    0.017808
          17    0.677128    0.680579   0.0167291
          18    0.676392    0.680346   0.0157741
          19    0.673021    0.679961   0.0149258
          20    0.636749      0.6778   0.0143237
          21    0.585557    0.673408   0.0143151
          22    0.723163    0.675669    0.013835
          23    0.622248    0.673347   0.0134223
          24    0.669264    0.673176    0.012852
          25    0.581781    0.669521   0.0128579
          26    0.609243    0.667202   0.0125691
          27    0.642731    0.666296   0.0121286
          28    0.765141    0.669826   0.0122089
          29    0.720517    0.671574   0.0119094
          30    0.630907    0.670218   0.0115851
           1    0.574384    0.574384           0
           2    0.633445    0.603915   0.0295307
           3    0.685171       0.631   0.0320047
           4    0.636317    0.632329   0.0226698
           5     0.54408    0.614679   0.0248972
           6    0.601872    0.612545   0.0204402
           7    0.579736    0.607858   0.0178997
           8    0.569488    0.603062   0.0162266
           9    0.665613    0.610012    0.015909
          10    0.582283    0.607239   0.0144971
          11    0.729896     0.61839   0.0172131
          12    0.610469     0.61773   0.0157272
          13    0.634323    0.619006   0.0145231
          14    0.507171    0.611018   0.0156397
          15    0.661464    0.614381   0.0149432
          16    0.598579    0.613393   0.0140129
          17    0.648395    0.615452   0.0133229
          18    0.641037    0.616873   0.0126411
          19    0.539309    0.612791   0.0126349
          20    0.637616    0.614032   0.0120507
          21    0.474227    0.607375   0.0132555
          22     0.65812    0.609682   0.0128474
          23    0.590269    0.608838   0.0123051
          24    0.685936     0.61205   0.0122114
          25    0.546317    0.609421   0.0120042
          26    0.629901    0.610208   0.0115601
          27    0.582205    0.609171    0.011172
          28    0.636976    0.610164   0.0108113
          29    0.576909    0.609018   0.0104947
          30      0.5736    0.607837   0.0102073
           1    0.541795    0.541795           0
           2    0.641256    0.591525   0.0497307
           3    0.567768    0.583606   0.0297841
           4    0.548203    0.574755   0.0228448
           5    0.629309    0.585666   0.0207888
           6    0.544323    0.578776   0.0183193
           7    0.504008    0.568094   0.0188095
           8    0.565077    0.567717   0.0162939
           9    0.632152    0.574877   0.0160546
          10    0.545099    0.571899   0.0146652
          11    0.527899    0.567899   0.0138551
          12    0.513624    0.563376   0.0134323
          13    0.635464    0.568921   0.0135432
          14    0.450547    0.560466   0.0151231
          15    0.514523    0.557403   0.0144082
          16    0.643456    0.562781   0.0145111
          17    0.475573    0.557651   0.0145642
          18    0.632176    0.561792   0.0143418
          19    0.579992     0.56275   0.0135998
          20    0.640019    0.566613   0.0134679
          21    0.526808    0.564718     0.01295
          22    0.537059     0.56346   0.0124112
          23    0.424691    0.557427   0.0133059
          24    0.365944    0.549448   0.0150316
          25    0.533421    0.548807    0.014432
          26    0.608157     0.55109   0.0140525
          27    0.509013    0.549532   0.0136115
          28    0.589619    0.550963   0.0131943
          29    0.515587    0.549743   0.0127895
          30    0.534899    0.549249   0.0123657
           1    0.476859    0.476859           0
           2    0.505208    0.491033   0.0141747
           3    0.499691    0.493919  0.00867764
           4    0.501984    0.495935  0.00645878
           5    0.460248    0.488798  0.00871625
           6    0.470488    0.485746  0.00774346
           7    0.537405    0.493126  0.00986367
           8    0.442053    0.486742   0.0106642
           9    0.547144    0.493453    0.011554
          10    0.554304    0.499538   0.0119927
          11    0.488245    0.498512   0.0108963
          12     0.46336    0.495582   0.0103692
          13    0.454523    0.492424   0.0100476
          14    0.537184    0.495621   0.0098364
          15    0.575152    0.500923   0.0105814
          16    0.450347    0.497762   0.0103905
          17    0.508307    0.498382  0.00977986
          18    0.514928    0.499302  0.00926624
          19    0.565579     0.50279  0.00943361
          20    0.527072    0.504004  0.00903149
          21    0.511155    0.504345   0.0085974
          22    0.513901    0.504779   0.0082088
          23    0.606291    0.509192  0.00900025
          24    0.536016     0.51031  0.00868926
          25    0.478952    0.509056   0.0084283
          26    0.487816    0.508239  0.00813875
          27    0.516768    0.508555  0.00783789
          28    0.472275    0.507259  0.00766311
          29    0.521747    0.507759  0.00741101
          30    0.504835    0.507661  0.00716037
           1    0.471784    0.471784           0
           2    0.465507    0.468645  0.00313867
           3    0.427059    0.454783   0.0139802
           4    0.429293    0.448411   0.0117614
           5    0.372659     0.43326   0.0176786
           6    0.410107    0.429401   0.0149414
           7    0.448677    0.432155   0.0129246
           8    0.491363    0.439556   0.0134186
           9    0.381725     0.43313    0.013466
          10    0.370451    0.426862   0.0135777
          11    0.416571    0.425927   0.0123171
          12    0.306075    0.415939   0.0150393
          13    0.439843    0.417778   0.0139558
          14    0.417864    0.417784   0.0129205
          15    0.295997    0.409665   0.0145121
          16    0.376171    0.407571   0.0137353
          17    0.305291    0.401555   0.0142359
          18    0.419613    0.402558   0.0134592
          19    0.552856    0.410469   0.0149885
          20    0.481944    0.414042   0.0146616
          21    0.414664    0.414072    0.013946
          22    0.389296    0.412946   0.0133446
          23    0.451805    0.414635   0.0128626
          24    0.338117    0.411447   0.0127211
          25    0.477813    0.414102   0.0124871
          26    0.509117    0.417756   0.0125414
          27    0.437392    0.418483   0.0120899
          28    0.492373    0.421122   0.0119452
          29      0.4804    0.423166   0.0117058
          30    0.344027    0.420528   0.0116125
           1    0.441179    0.441179           0
           2    0.440645    0.440912 0.000266667
           3    0.404451    0.428758   0.0121548
           4    0.318061    0.401084   0.0289781
           5    0.405805    0.402028   0.0224662
           6    0.408781    0.403154   0.0183781
           7    0.392101    0.401575   0.0156124
           8    0.411904    0.402866   0.0135822
           9    0.341395    0.396036   0.0137889
          10    0.407757    0.397208   0.0123887
          11    0.471384    0.403951   0.0130785
          12    0.436101     0.40663   0.0122359
          13    0.302115    0.398591   0.0138318
          14    0.402648    0.398881   0.0128091
          15    0.407053    0.399425    0.011937
          16    0.387621    0.398688   0.0111904
          17    0.353301    0.396018   0.0108453
          18     0.33384    0.392564   0.0107928
          19    0.358539    0.390773   0.0103648
          20       0.436    0.393034   0.0100896
          21    0.426883    0.394646  0.00973155
          22    0.422771    0.395924  0.00936633
          23    0.470355     0.39916  0.00951693
          24    0.391429    0.398838  0.00911745
          25    0.390245    0.398495  0.00875191
          26    0.347552    0.396535  0.00863382
          27      0.4308    0.397804  0.00840427
          28    0.400864    0.397914  0.00809929
          29    0.411592    0.398385  0.00782924
          30    0.390867    0.398135  0.00756791
           1    0.355989    0.355989           0
           2    0.384533    0.370261    0.014272
           3    0.363755    0.368092  0.00852061
           4    0.388419    0.373174  0.00788179
           5    0.344237    0.367387   0.0084123
           6    0.335885    0.362136  0.00864539
           7    0.305432    0.354036   0.0109091
           8    0.302459    0.347589   0.0114377
           9    0.303299    0.342668   0.0112235
          10    0.357595     0.34416    0.010149
          11    0.367891    0.346318  0.00943019
          12    0.359787     0.34744  0.00868141
          13    0.381275    0.350043  0.00839916
          14    0.346355    0.349779  0.00778057
          15    0.324043    0.348063  0.00744376
          16    0.346019    0.347936  0.00696417
          17    0.359379    0.348609  0.00657624
          18    0.362925    0.349404  0.00625094
          19    0.345355    0.349191  0.00591664
          20    0.374597    0.350461  0.00575497
          21    0.296904    0.347911  0.00603901
          22    0.351096    0.348056  0.00575979
          23    0.375965    0.349269  0.00563586
          24    0.422837    0.352335  0.00620583
          25    0.337171    0.351728  0.00598325
          26    0.327936    0.350813  0.00582089
          27    0.362155    0.351233  0.00561689
          28     0.36852     0.35185  0.00544767
          29    0.324029    0.350891  0.00534329
          30    0.383587    0.351981   0.0052759
           1    0.326744    0.326744           0
           2    0.335731    0.331237  0.00449333
           3    0.344416     0.33563  0.00510171
           4    0.405488    0.353095   0.0178331
           5    0.300773     0.34263   0.0173295
           6    0.272565    0.330953   0.0183459
           7     0.36732    0.336148   0.0163524
           8    0.315573    0.333576   0.0143932
           9    0.314363    0.331441   0.0128719
          10    0.353677    0.333665   0.0117257
          11    0.359765    0.336038   0.0108685
          12    0.267565    0.330332   0.0114453
          13    0.341589    0.331198   0.0105637
          14    0.359875    0.333246  0.00999232
          15    0.297069    0.330834   0.0096099
          16    0.287173    0.328105   0.0093943
          17    0.323525    0.327836  0.00882852
          18    0.375021    0.330457  0.00872664
          19    0.293613    0.328518  0.00847929
          20    0.321816    0.328183  0.00805114
          21    0.326864     0.32812  0.00765842
          22    0.388557    0.330868  0.00780168
          23     0.28312    0.328792  0.00773842
          24    0.267584    0.326241  0.00783562
          25    0.372757    0.328102  0.00774256
          26    0.312285    0.327494  0.00746364
          27    0.314811    0.327024  0.00719724
          28    0.254944     0.32445  0.00739778
          29    0.317312    0.324203  0.00714237
          30    0.306187    0.323603  0.00692627
           1    0.326168    0.326168           0
           2    0.314813    0.320491  0.00567733
           3    0.249117      0.2967   0.0240158
           4    0.347219    0.309329   0.0211635
           5    0.280981     0.30366   0.0173459
           6    0.272571    0.298478   0.0150809
           7    0.373301    0.309167   0.0166345
           8     0.27588    0.305006   0.0149948
           9    0.267413    0.300829   0.0138682
          10    0.341024    0.304849   0.0130391
          11    0.311173    0.305424   0.0118083
          12     0.32408    0.306978    0.010891
          13     0.31224    0.307383   0.0100264
          14    0.288691    0.306048  0.00937818
          15    0.285957    0.304709  0.00883275
          16    0.285299    0.303496  0.00835087
          17    0.307677    0.303741  0.00784813
          18    0.236507    0.300006  0.00828865
          19    0.352664    0.302778  0.00831571
          20    0.292419     0.30226  0.00790596
          21    0.352016    0.304629  0.00788449
          22    0.279173    0.303472  0.00760609
          23    0.306344    0.303597  0.00726894
          24    0.246029    0.301198  0.00736124
          25    0.344459    0.302929  0.00726961
          26    0.335307    0.304174  0.00709457
          27    0.367117    0.306505  0.00721382
          28     0.29672    0.306156  0.00696019
          29    0.255293    0.304402  0.00694113
          30    0.304648     0.30441  0.00670578
           1    0.295003    0.295003           0
           2    0.303136    0.299069  0.00406667
           3    0.269277    0.289139   0.0102044
           4     0.27408    0.285374  0.00813868
           5    0.255891    0.279477  0.00863212
           6    0.221771     0.26986   0.0119238
           7    0.239211    0.265481   0.0109875
           8    0.259437    0.264726  0.00954542
           9    0.214621    0.259159   0.0100926
          10    0.209413    0.254184    0.010307
          11    0.268123    0.255451  0.00940875
          12    0.280781    0.257562  0.00884455
          13    0.256744    0.257499  0.00813605
          14    0.274925    0.258744  0.00763467
          15     0.27096    0.259558    0.007154
          16    0.237483    0.258178  0.00683271
          17    0.251141    0.257765  0.00643154
          18     0.30276    0.260264  0.00655877
          19    0.230851    0.258716   0.0063942
          20    0.239027    0.257732  0.00614544
          21    0.237795    0.256782  0.00592208
          22    0.244723    0.256234  0.00567302
          23    0.221208    0.254711  0.00563061
          24    0.214472    0.253035  0.00564561
          25    0.250125    0.252918  0.00541633
          26    0.271128    0.253619  0.00525076
          27    0.261088    0.253895  0.00506012
          28    0.255805    0.253964  0.00487653
          29    0.266475    0.254395   0.0047251
          30    0.277029    0.255149  0.00462681
           1    0.210931    0.210931           0
           2    0.211645    0.211288 0.000357333
           3    0.260491    0.227689   0.0164022
           4    0.251139    0.233551   0.0129955
           5    0.244085    0.235658   0.0102844
           6    0.233768    0.235343  0.00840309
           7    0.262621     0.23924  0.00810079
           8    0.235331    0.238751  0.00703249
           9    0.247072    0.239676   0.0062706
          10    0.235117     0.23922  0.00562709
          11    0.225008    0.237928  0.00525132
          12    0.265141    0.240196  0.00530312
          13    0.260773    0.241779  0.00512855
          14    0.208275    0.239386  0.00531711
          15    0.231592    0.238866  0.00497716
          16    0.216909    0.237494  0.00485374
          17    0.247075    0.238057  0.00459399
          18    0.250547    0.238751  0.00438648
          19    0.216683     0.23759   0.0043087
          20    0.234587    0.237439  0.00409035
          21    0.207443    0.236011  0.00414463
          22    0.201501    0.234442  0.00425169
          23    0.208272    0.233305  0.00421896
          24    0.256605    0.234275  0.00415439
          25    0.233805    0.234257  0.00398479
          26    0.226277     0.23395  0.00384075
          27    0.275816      0.2355  0.00400787
          28    0.197787    0.234153  0.00409021
          29    0.256307    0.234917   0.0040199
          30     0.20448    0.233903  0.00401393
           1    0.188016    0.188016           0
           2    0.287504     0.23776    0.049744
           3    0.195075    0.223532   0.0320511
           4    0.239595    0.227547   0.0230166
           5     0.20508    0.223054   0.0183861
           6    0.235563    0.225139   0.0151562
           7    0.282952    0.233398   0.0152411
           8    0.235016      0.2336   0.0132007
           9    0.193792    0.229177   0.0124539
          10    0.155811     0.22184   0.0133381
          11    0.170237    0.217149   0.0129447
          12    0.249477    0.219843   0.0121201
          13    0.225661    0.220291   0.0111578
          14    0.218909    0.220192   0.0103306
          15    0.224133    0.220455  0.00962086
          16    0.268064     0.22343  0.00947866
          17    0.209648     0.22262  0.00894048
          18    0.240243    0.223599  0.00848584
          19       0.242    0.224567  0.00808502
          20     0.20988    0.223833  0.00770519
          21    0.205221    0.222947  0.00738249
          22    0.219955    0.222811  0.00704024
          23     0.23512    0.223346  0.00674844
          24    0.266197    0.225131   0.0067033
          25    0.275619    0.227151  0.00673928
          26    0.236557    0.227513  0.00648499
          27    0.226053    0.227458  0.00624042
          28    0.217051    0.227087   0.0060249
          29    0.236237    0.227402  0.00582199
          30    0.184272    0.225965  0.00580541
           1    0.184093    0.184093           0
           2    0.208939    0.196516   0.0124227
           3    0.187784    0.193605  0.00774034
           4    0.243264     0.20602   0.0135676
           5    0.188277    0.202471   0.0110924
           6    0.205987    0.203057   0.0090758
           7    0.223776    0.206017   0.0082217
           8    0.157688    0.199976   0.0093377
           9    0.116587    0.190711   0.0123962
          10    0.189368    0.190576   0.0110883
          11    0.218312    0.193098   0.0103418
          12    0.234445    0.196543   0.0100499
          13    0.202357    0.196991  0.00925537
          14    0.200107    0.197213   0.0085717
          15     0.22608    0.199138  0.00820859
          16    0.175451    0.197657  0.00781985
          17    0.209984    0.198382  0.00738117
          18    0.227128    0.199979  0.00713993
          19    0.203485    0.200164  0.00675621
          20    0.191888     0.19975  0.00642285
          21    0.200568    0.199789  0.00610947
          22     0.19316    0.199488  0.00583294
          23    0.181979    0.198726  0.00562532
          24    0.195557    0.198594  0.00538745
          25    0.179563    0.197833  0.00522323
          26    0.239421    0.199433  0.00526708
          27    0.170891    0.198376  0.00517732
          28    0.198851    0.198392  0.00498902
          29    0.183272    0.197871  0.00484206
          30    0.205512    0.198126   0.0046848
           1    0.194189    0.194189           0
           2    0.197243    0.195716  0.00152667
           3    0.217328     0.20292  0.00725772
           4      0.1746     0.19584  0.00874435
           5    0.230344    0.202741   0.0096695
           6    0.217483    0.205198  0.00826859
           7    0.185357    0.202363  0.00754115
           8    0.179512    0.199507  0.00712818
           9    0.218499    0.201617  0.00663117
          10    0.163851    0.197841  0.00703143
          11    0.156293    0.194064  0.00739714
          12    0.179336    0.192836  0.00686326
          13    0.185003    0.192234  0.00634197
          14    0.206971    0.193286  0.00596514
          15    0.182483    0.192566  0.00559975
          16    0.184171    0.192041   0.0052643
          17    0.175696     0.19108  0.00503756
          18    0.184053    0.190689  0.00476547
          19    0.205413    0.191464  0.00457381
          20    0.179731    0.190878  0.00437858
          21    0.207357    0.191662  0.00423815
          22    0.156005    0.190042  0.00435384
          23    0.158821    0.188684  0.00437609
          24    0.222643    0.190099  0.00442225
          25    0.196813    0.190368  0.00425017
          26    0.163693    0.189342  0.00421034
          27    0.193632    0.189501  0.00405452
          28    0.186003    0.189376  0.00390903
          29    0.179339     0.18903  0.00378767
          30    0.191872    0.189124  0.00366046
           1    0.163283    0.163283           0
           2    0.161291    0.162287    0.000996
           3    0.159507     0.16136  0.00109059
           4    0.158139    0.160555  0.00111501
           5    0.146979    0.157839  0.00284926
           6    0.160256    0.158242  0.00236101
           7    0.168315    0.159681  0.00246012
           8    0.179675     0.16218  0.00328407
           9    0.166261    0.162634  0.00293156
          10     0.18548    0.164918  0.00347775
          11    0.176987    0.166016  0.00333157
          12    0.156317    0.165207  0.00314684
          13    0.145469    0.163689   0.0032687
          14    0.168189     0.16401  0.00304325
          15    0.138061    0.162281  0.00331952
          16    0.166755     0.16256  0.00311769
          17    0.221685    0.166038  0.00454672
          18    0.183659    0.167017  0.00439704
          19    0.160064    0.166651  0.00417525
          20    0.145931    0.165615  0.00409424
          21    0.174608    0.166043  0.00391787
          22    0.163312    0.165919  0.00373761
          23    0.149696    0.165214  0.00364039
          24    0.167901    0.165326  0.00348721
          25    0.187059    0.166195  0.00345594
          26    0.145912    0.165415  0.00341077
          27    0.195973    0.166547  0.00347168
          28    0.157805    0.166235  0.00335993
          29     0.18988     0.16705  0.00334296
          30    0.180035    0.167483  0.00325848
           1    0.143757    0.143757           0
           2    0.165469    0.154613    0.010856
           3    0.147477    0.152235   0.0067039
           4    0.147912    0.151154  0.00486199
           5    0.183664    0.157656  0.00751395
           6    0.145405    0.155614  0.00646595
           7    0.153216    0.155272  0.00547545
           8    0.149965    0.154608  0.00478804
           9    0.160248    0.155235   0.0042689
          10    0.156192    0.155331  0.00381942
          11     0.17988    0.157562  0.00411295
          12    0.165528    0.158226  0.00381282
          13    0.147896    0.157432  0.00359617
          14    0.155624    0.157302  0.00333191
          15    0.164568    0.157787  0.00313943
          16    0.149069    0.157242  0.00298679
          17    0.144803     0.15651  0.00289945
          18    0.164136    0.156934  0.00276626
          19    0.157485    0.156963  0.00261678
          20    0.157315    0.156981  0.00248256
          21    0.168853    0.157546  0.00242812
          22    0.149133    0.157164  0.00234649
          23    0.175872    0.157977  0.00238514
          24    0.155203    0.157861  0.00228652
          25    0.173331     0.15848  0.00227877
          26    0.158184    0.158469   0.0021894
          27    0.155685    0.158366  0.00210927
          28    0.128261     0.15729  0.00229939
          29    0.151824    0.157102  0.00222668
          30    0.149483    0.156848  0.00216612
           1    0.136784    0.136784           0
           2    0.182773    0.159779   0.0229947
           3    0.122275    0.147277   0.0182355
           4    0.165739    0.151893   0.0136956
           5    0.126088    0.146732   0.0117973
           6    0.170504    0.150694   0.0104155
           7    0.114525    0.145527   0.0102071
           8    0.174819    0.149188   0.0095679
           9    0.151485    0.149444  0.00844195
          10    0.127453    0.147245  0.00786441
          11    0.135101    0.146141  0.00719877
          12    0.172213    0.148313  0.00692142
          13    0.155331    0.148853  0.00638962
          14    0.151771    0.149062  0.00591931
          15    0.129285    0.147743   0.0056661
          16    0.155144    0.148206  0.00532029
          17    0.144013    0.147959  0.00500363
          18    0.158523    0.148546  0.00475383
          19    0.135288    0.147848  0.00455049
          20    0.145677     0.14774  0.00431834
          21    0.140829    0.147411  0.00412072
          22    0.173245    0.148585  0.00410069
          23    0.141261    0.148266  0.00393126
          24    0.129032    0.147465  0.00384827
          25    0.140115    0.147171  0.00370283
          26    0.158219    0.147596  0.00358285
          27    0.145683    0.147525  0.00344832
          28    0.131904    0.146967  0.00336939
          29    0.155288    0.147254  0.00326377
          30    0.128896    0.146642  0.00321193
           1    0.112525    0.112525           0
           2    0.144325    0.128425      0.0159
           3    0.148957    0.135269   0.0114503
           4    0.151387    0.139299  0.00904382
           5    0.139451    0.139329  0.00700538
           6    0.132824    0.138245  0.00582171
           7    0.151429    0.140128  0.00526843
           8    0.134816    0.139464  0.00461066
           9     0.16392    0.142182  0.00489059
          10    0.161816    0.144145  0.00479472
          11    0.139867    0.143756   0.0043544
          12    0.168816    0.145844  0.00449018
          13    0.152149    0.146329  0.00415874
          14     0.13168    0.145283  0.00398991
          15    0.139115    0.144872  0.00373709
          16    0.127165    0.143765  0.00366672
          17    0.125925    0.142716   0.0036006
          18    0.125869     0.14178  0.00352133
          19    0.135056    0.141426  0.00334959
          20    0.137867    0.141248  0.00318268
          21    0.106573    0.139597  0.00344835
          22    0.115923    0.138521   0.0034595
          23    0.133389    0.138298  0.00331318
          24    0.119192    0.137502  0.00327049
          25    0.117325    0.136695   0.0032391
          26    0.164088    0.137748  0.00328554
          27    0.140227     0.13784  0.00316285
          28    0.144264    0.138069  0.00305642
          29    0.147437    0.138392  0.00296678
          30    0.134419     0.13826  0.00286924
           1    0.119339    0.119339           0
           2    0.129128    0.124233  0.00489467
           3     0.13284    0.127102  0.00402696
           4    0.120595    0.125475  0.00327948
           5    0.131459    0.126672  0.00280803
           6    0.132779     0.12769  0.00250849
           7    0.117755     0.12627  0.00255129
           8    0.126349     0.12628  0.00220951
           9      0.1258    0.126227  0.00194933
          10    0.136693    0.127274  0.00203356
          11    0.136085    0.128075  0.00200629
          12    0.141464     0.12919  0.00214459
          13    0.136539    0.129756  0.00205212
          14    0.163136     0.13214  0.00304869
          15    0.128584    0.131903  0.00284806
          16    0.134587    0.132071  0.00266939
          17    0.115728    0.131109  0.00268543
          18    0.127029    0.130883  0.00254197
          19    0.096752    0.129086  0.00300139
          20    0.126883    0.128976   0.0028495
          21    0.108432    0.127998  0.00288156
          22    0.144144    0.128732  0.00284379
          23    0.115229    0.128145  0.00278003
          24    0.110203    0.127397  0.00276467
          25    0.131072    0.127544  0.00265585
          26    0.133731    0.127782  0.00256273
          27    0.134059    0.128015  0.00247692
          28    0.139637     0.12843  0.00242265
          29    0.130507    0.128501  0.00233871
          30    0.125181    0.128391  0.00226212
           1   0.0695013   0.0695013           0
           2    0.116072   0.0927867   0.0232853
           3    0.112541   0.0993716   0.0149698
           4    0.145195    0.110827   0.0155975
           5    0.114611    0.111584   0.0121055
           6    0.117701    0.112604  0.00993652
           7    0.142387    0.116858  0.00941421
           8    0.126725    0.118092  0.00824571
           9    0.120528    0.118362  0.00727707
          10    0.118912    0.118417  0.00650904
          11    0.128667    0.119349  0.00596092
          12   0.0974693    0.117526   0.0057389
          13     0.10916    0.116882   0.0053181
          14    0.138656    0.118438   0.0051634
          15   0.0994747    0.117173  0.00497032
          16    0.124493    0.117631  0.00467177
          17    0.124595     0.11804  0.00440744
          18   0.0964507    0.116841  0.00432502
          19   0.0994773    0.115927  0.00419189
          20    0.134456    0.116854  0.00408326
          21    0.119704    0.116989  0.00388633
          22    0.136408    0.117872  0.00380914
          23    0.112477    0.117637  0.00364731
          24     0.10032    0.116916  0.00356581
          25    0.119627    0.117024  0.00342192
          26    0.093144    0.116106  0.00341356
          27    0.119989     0.11625  0.00328785
          28    0.114077    0.116172   0.0031692
          29    0.132005    0.116718  0.00310632
          30    0.125997    0.117027  0.00301689
           1    0.106379    0.106379           0
           2    0.106304    0.106341 3.73333e-05
           3    0.118008     0.11023  0.00388895
           4    0.106883    0.109393  0.00287443
           5    0.129693    0.113453  0.00463044
           6    0.120635     0.11465  0.00396567
           7    0.123872    0.115968  0.00360122
           8   0.0983573    0.113766  0.00381736
           9    0.130451     0.11562  0.00384325
          10   0.0995707    0.114015  0.00379372
          11    0.119728    0.114535  0.00347063
          12    0.104771    0.113721  0.00327105
          13    0.113811    0.113728  0.00300894
          14    0.112339    0.113629   0.0027875
          15    0.107131    0.113195  0.00263093
          16    0.111093    0.113064  0.00246451
          17      0.1076    0.112743  0.00233721
          18    0.120912    0.113196   0.0022498
          19   0.0905707    0.112006  0.00243862
          20    0.110667    0.111939  0.00231445
          21    0.136432    0.113105  0.00249136
          22    0.105848    0.112775  0.00239821
          23    0.110931    0.112695  0.00229298
          24    0.130725    0.113446  0.00232034
          25    0.104765    0.113099  0.00225252
          26    0.105371    0.112802  0.00218447
          27    0.075304    0.111413  0.00251937
          28    0.112683    0.111458  0.00242815
          29    0.131693    0.112156  0.00244462
          30    0.104843    0.111912  0.00237427
           1    0.104515    0.104515           0
           2   0.0933547   0.0989347     0.00558
           3    0.105416    0.101095  0.00387896
           4    0.118803    0.105522  0.00520774
           5    0.089104    0.102238  0.00520138
           6   0.0940267     0.10087  0.00446199
           7   0.0864453   0.0988091  0.00429735
           8   0.0978907   0.0986943  0.00372338
           9    0.124728    0.101587  0.00437608
          10    0.125696    0.103998  0.00459701
          11   0.0964987    0.103316  0.00421367
          12    0.102499    0.103248  0.00384714
          13    0.110856    0.103833  0.00358692
          14    0.094248    0.103149  0.00339069
          15    0.114949    0.103935  0.00325312
          16    0.103285    0.103895  0.00304328
          17    0.112291    0.104389  0.00290102
          18   0.0960133    0.103923   0.0027744
          19    0.130189    0.105306  0.00296617
          20    0.111216    0.105601  0.00282943
          21    0.102387    0.105448  0.00269567
          22    0.103224    0.105347  0.00257221
          23    0.129301    0.106389  0.00266939
          24    0.108589     0.10648  0.00255739
          25    0.082936    0.105538  0.00262754
          26    0.104064    0.105482  0.00252509
          27   0.0875093    0.104816   0.0025193
          28    0.121277    0.105404  0.00249783
          29    0.110576    0.105582  0.00241675
          30   0.0970347    0.105297  0.00235212
           1   0.0936027   0.0936027           0
           2    0.089472   0.0915373  0.00206533
           3     0.08236   0.0884782   0.0032833
           4   0.0798853     0.08633  0.00316305
           5    0.109453   0.0909547  0.00523359
           6    0.090592   0.0908942  0.00427364
           7    0.111317   0.0938118  0.00464306
           8    0.104296   0.0951223  0.00422918
           9    0.110056   0.0967816  0.00408223
          10    0.097848   0.0968883  0.00365281
          11   0.0976693   0.0969593  0.00330486
          12   0.0946347   0.0967656  0.00302312
          13    0.106333   0.0975015  0.00287661
          14    0.113528   0.0986463  0.00289883
          15    0.110403     0.09943  0.00281017
          16    0.111373    0.100176   0.0027326
          17    0.100891    0.100219  0.00256718
          18    0.123211    0.101496  0.00273674
          19   0.0943067    0.101117   0.0026162
          20   0.0926347    0.100693  0.00251793
          21   0.0863893    0.100012     0.00249
          22    0.104016    0.100194  0.00238109
          23   0.0952693   0.0999801  0.00228526
          24    0.104352    0.100162  0.00219554
          25    0.090272   0.0997666  0.00214273
          26   0.0766533   0.0988776   0.0022424
          27   0.0911573   0.0985917  0.00217662
          28    0.098032   0.0985717  0.00209754
          29   0.0922053   0.0983522  0.00203579
          30    0.092488   0.0981567  0.00197645
           1   0.0839467   0.0839467           0
           2   0.0997813    0.091864  0.00791733
           3   0.0855733   0.0897671  0.00502908
           4     0.08912   0.0896053  0.00355978
           5    0.104789   0.0926421  0.00410187
           6   0.0961573    0.093228  0.00340002
           7    0.106859   0.0951752  0.00347116
           8   0.0967973    0.095378  0.00301295
           9   0.0808507   0.0937639  0.00310902
          10   0.0830587   0.0926933  0.00297974
          11   0.0800107   0.0915404  0.00293152
          12   0.0848507   0.0909829  0.00273355
          13     0.08932    0.090855  0.00251775
          14   0.0795013    0.090044  0.00246803
          15   0.0979147   0.0905687  0.00235677
          16   0.0819787   0.0900318  0.00226898
          17    0.100971   0.0906753  0.00222635
          18   0.0932107   0.0908161  0.00210375
          19    0.087928   0.0906641  0.00199574
          20   0.0841707   0.0903395  0.00192096
          21   0.0918213     0.09041  0.00182856
          22    0.105803   0.0911097  0.00187862
          23     0.11364   0.0920893  0.00204497
          24   0.0882747   0.0919303  0.00196435
          25   0.0951573   0.0920594  0.00188855
          26   0.0854613   0.0918056  0.00183212
          27   0.0778187   0.0912876   0.0018375
          28    0.109984   0.0919553  0.00189238
          29    0.085296   0.0917257  0.00184034
          30    0.101661   0.0920569  0.00180852
           1   0.0873547   0.0873547           0
           2    0.104165     0.09576  0.00840533
           3   0.0757973   0.0891058  0.00823581
           4   0.0921173   0.0898587  0.00587206
           5    0.100405    0.091968  0.00501378
           6   0.0716027   0.0885738  0.00531784
           7    0.079152   0.0872278  0.00469161
           8   0.0918427   0.0878047   0.0041038
           9   0.0810213    0.087051  0.00369686
          10    0.102053   0.0885512  0.00363099
          11   0.0822667   0.0879799  0.00333368
          12   0.0819333    0.087476  0.00308465
          13   0.0872507   0.0874587  0.00283752
          14    0.098128   0.0882208  0.00273534
          15    0.108864    0.089597  0.00289455
          16   0.0703387   0.0883933  0.00296309
          17   0.0996853   0.0890576   0.0028615
          18   0.0869973   0.0889431  0.00270027
          19   0.0903947   0.0890195  0.00255535
          20   0.0854293     0.08884  0.00243085
          21   0.0791307   0.0883777  0.00235797
          22    0.099208   0.0888699  0.00230151
          23    0.065992   0.0878752  0.00241366
          24   0.0806373   0.0875737   0.0023305
          25    0.090128   0.0876758  0.00223767
          26    0.111957   0.0886097  0.00234396
          27    0.090216   0.0886692  0.00225626
          28    0.112787   0.0895306  0.00233859
          29   0.0765307   0.0890823   0.0023006
          30   0.0703333   0.0884573  0.00230879
           1    0.091784    0.091784           0
           2    0.107032    0.099408    0.007624
           3   0.0750267   0.0912809  0.00924257
           4    0.091872   0.0914287  0.00653715
           5   0.0822587   0.0895947  0.00538555
           6   0.0764773   0.0874084  0.00491077
           7   0.0800027   0.0863505  0.00428308
           8    0.102573   0.0883783  0.00422739
           9   0.0811893   0.0875796  0.00381281
          10   0.0826533   0.0870869  0.00344568
          11    0.107845   0.0889741  0.00364353
          12    0.077024   0.0879782  0.00347195
          13     0.08684   0.0878907  0.00319493
          14   0.0789387   0.0872512  0.00302625
          15   0.0882453   0.0873175  0.00281807
          16   0.0935387   0.0877063  0.00266458
          17   0.0911013    0.087906   0.0025109
          18    0.080296   0.0874833  0.00240475
          19   0.0850427   0.0873548  0.00227829
          20    0.096024   0.0877883  0.00220441
          21   0.0842293   0.0876188  0.00210365
          22   0.0806907   0.0873039  0.00203033
          23   0.0792827   0.0869551  0.00197114
          24   0.0967413   0.0873629  0.00193077
          25   0.0772053   0.0869566  0.00189598
          26   0.0772373   0.0865828  0.00185956
          27   0.0844213   0.0865027  0.00179115
          28   0.0893547   0.0866046    0.001729
          29    0.094224   0.0868673  0.00168887
          30   0.0818427   0.0866998  0.00164018
           1   0.0797653   0.0797653           0
           2   0.0791733   0.0794693    0.000296
           3   0.0733307   0.0774231  0.00205335
           4   0.0851947    0.079366  0.00242548
           5   0.0795173   0.0793963  0.00187901
           6   0.0855173   0.0804164  0.00184243
           7   0.0823707   0.0806956  0.00158197
           8   0.0889467    0.081727  0.00171485
           9   0.0768747   0.0811879  0.00160558
          10   0.0845733   0.0815264  0.00147544
          11   0.0716613   0.0806296  0.00160792
          12   0.0871387    0.081172  0.00156485
          13   0.0571707   0.0793257  0.00234108
          14   0.0784773   0.0792651  0.00216827
          15   0.0848133    0.079635  0.00205216
          16    0.067608   0.0788833  0.00206155
          17    0.065784   0.0781128  0.00208416
          18     0.09032    0.078791   0.0020787
          19   0.0863867   0.0791907  0.00200649
          20    0.100648   0.0802636  0.00218505
          21    0.094752   0.0809535  0.00218991
          22    0.090712   0.0813971  0.00213459
          23   0.0731227   0.0810373  0.00207116
          24    0.073752   0.0807338  0.00200608
          25   0.0713067   0.0803567  0.00196077
          26   0.0806133   0.0803666  0.00188387
          27     0.09136   0.0807737  0.00185792
          28    0.082208    0.080825  0.00179107
          29   0.0875813   0.0810579  0.00174384
          30    0.063784   0.0804821  0.00178039
           1   0.0701067   0.0701067           0
           2   0.0733387   0.0717227    0.001616
           3   0.0717787   0.0717413 0.000933185
           4    0.076512    0.072934  0.00136304
           5      0.0846   0.0752672  0.00256097
           6   0.0697733   0.0743516  0.00228271
           7    0.079808    0.075131  0.00208077
           8   0.0661947    0.074014  0.00212014
           9   0.0629013   0.0727793  0.00224069
          10   0.0706133   0.0725627   0.0020158
          11    0.071664    0.072481  0.00182519
          12   0.0708587   0.0723458  0.00167164
          13   0.0733173   0.0724205   0.0015395
          14   0.0799333   0.0729571  0.00152297
          15    0.078776   0.0733451  0.00146992
          16   0.0686267   0.0730502  0.00140626
          17    0.063648   0.0724971  0.00143206
          18    0.071904   0.0724641  0.00135056
          19    0.072784    0.072481  0.00127761
          20   0.0856533   0.0731396  0.00137943
          21   0.0614773   0.0725843  0.00142479
          22    0.086232   0.0732046  0.00149342
          23   0.0769093   0.0733657  0.00143608
          24    0.081448   0.0737024  0.00141558
          25   0.0721787   0.0736415  0.00135914
          26   0.0858853   0.0741124  0.00138814
          27   0.0905013   0.0747194  0.00146719
          28    0.082472   0.0749963  0.00144068
          29   0.0817013   0.0752275  0.00140921
          30    0.072016   0.0751204  0.00136563
           1   0.0914987   0.0914987           0
           2    0.076272   0.0838853  0.00761333
           3    0.064768   0.0775129  0.00774138
           4   0.0705707   0.0757773  0.00574253
           5    0.061736   0.0729691  0.00526045
           6   0.0469093   0.0686258  0.00610839
           7    0.059152   0.0672724  0.00533698
           8   0.0745973    0.068188  0.00471178
           9   0.0755787   0.0690092  0.00423577
          10   0.0712373    0.069232  0.00379513
          11   0.0752667   0.0697806  0.00347639
          12   0.0620587   0.0691371  0.00323808
          13   0.0830853   0.0702101  0.00316595
          14   0.0716773   0.0703149  0.00293297
          15   0.0611067    0.069701  0.00279861
          16   0.0751413    0.070041  0.00263985
          17   0.0781787   0.0705197  0.00252548
          18   0.0616293   0.0700258  0.00243174
          19   0.0731787   0.0701917  0.00230617
          20   0.0659467   0.0699795   0.0021981
          21    0.073544   0.0701492  0.00209769
          22    0.075688    0.070401  0.00201585
          23    0.076024   0.0706454  0.00194166
          24   0.0674187    0.070511  0.00186386
          25   0.0699467   0.0704884  0.00178789
          26   0.0873147   0.0711356  0.00183562
          27   0.0734587   0.0712216  0.00176842
          28    0.075984   0.0713917  0.00171256
          29   0.0757013   0.0715403  0.00165912
          30    0.070056   0.0714908  0.00160362
           1   0.0552267   0.0552267           0
           2    0.077784   0.0665053   0.0112787
           3   0.0856667   0.0728924  0.00912129
           4   0.0678107    0.071622  0.00657366
           5    0.077976   0.0728928  0.00524812
           6   0.0685307   0.0721658  0.00434631
           7   0.0773253   0.0729029  0.00374652
           8   0.0565947   0.0708643  0.00383183
           9   0.0669813   0.0704329  0.00340678
          10   0.0690747   0.0702971  0.00305015
          11   0.0627227   0.0696085  0.00284359
          12   0.0770347   0.0702273  0.00266858
          13     0.05608   0.0691391  0.00268515
          14   0.0862267   0.0703596  0.00276943
          15     0.06944   0.0702983  0.00257893
          16   0.0685493    0.070189  0.00241484
          17    0.066736   0.0699859  0.00227743
          18   0.0750027   0.0702646  0.00216519
          19   0.0784427    0.070695  0.00209281
          20   0.0720533   0.0707629  0.00198657
          21   0.0664213   0.0705562  0.00190088
          22   0.0609173   0.0701181  0.00186462
          23     0.05936   0.0696503  0.00184208
          24   0.0681467   0.0695877  0.00176477
          25    0.078352   0.0699382  0.00172863
          26   0.0740107   0.0700949  0.00166819
          27    0.067728   0.0700072  0.00160761
          28   0.0697227    0.069997  0.00154916
          29   0.0945493   0.0708437   0.0017179
          30    0.054888   0.0703118  0.00174278
           1   0.0600987   0.0600987           0
           2      0.0586   0.0593493 0.000749333
           3   0.0806213     0.06644  0.00710385
           4   0.0668987   0.0665547  0.00502449
           5   0.0601707   0.0652779  0.00409604
           6   0.0590507     0.06424  0.00350174
           7    0.059448   0.0635554  0.00303765
           8   0.0603413   0.0631537  0.00266119
           9   0.0652293   0.0633843  0.00235825
          10   0.0761387   0.0646597  0.00246492
          11     0.08476    0.066487  0.00288273
          12   0.0737413   0.0670916   0.0027001
          13    0.062744   0.0667571  0.00250615
          14    0.064224   0.0665762  0.00232729
          15   0.0627413   0.0663205  0.00218162
          16    0.073728   0.0667835  0.00209257
          17     0.05916   0.0663351  0.00201614
          18   0.0456347    0.065185  0.00222165
          19   0.0645733   0.0651528  0.00210171
          20   0.0520107   0.0644957  0.00209935
          21   0.0725413   0.0648789   0.0020333
          22    0.068072    0.065024   0.0019441
          23   0.0627627   0.0649257  0.00186025
          24   0.0705893   0.0651617  0.00179662
          25   0.0654053   0.0651714  0.00172329
          26   0.0597013    0.064961  0.00166899
          27    0.047664   0.0643204  0.00172905
          28    0.063344   0.0642855  0.00166652
          29    0.058064    0.064071  0.00162227
          30   0.0654373   0.0641165  0.00156793
           1     0.08332     0.08332           0
           2    0.054096    0.068708    0.014612
           3   0.0630267   0.0668142  0.00864619
           4   0.0564133    0.064214  0.00664375
           5   0.0672747   0.0648261  0.00518251
           6   0.0468667   0.0618329  0.00518315
           7    0.055664   0.0609516  0.00446833
           8   0.0626907    0.061169  0.00387579
           9   0.0656907   0.0616714  0.00345485
          10   0.0574213   0.0612464   0.0031192
          11   0.0751867   0.0625137  0.00309297
          12   0.0587413   0.0621993  0.00284093
          13   0.0466773   0.0610053  0.00287313
          14    0.064456   0.0612518  0.00267139
          15   0.0751067   0.0621755  0.00265292
          16   0.0568293   0.0618413  0.00250397
          17   0.0677627   0.0621896  0.00237772
          18    0.075776   0.0629444   0.0023654
          19   0.0563547   0.0625976  0.00226416
          20     0.06412   0.0626737  0.00214932
          21   0.0576667   0.0624353  0.00205827
          22    0.051816   0.0619526  0.00202097
          23   0.0521147   0.0615249  0.00197791
          24   0.0619067   0.0615408  0.00189377
          25    0.054168   0.0612459  0.00184023
          26    0.058192   0.0611284  0.00177193
          27   0.0706693   0.0614818  0.00174127
          28   0.0567147   0.0613115  0.00168655
          29    0.067272   0.0615171  0.00164028
          30    0.062168   0.0615388  0.00158481
           1   0.0607253   0.0607253           0
           2    0.051496   0.0561107  0.00461467
           3    0.075024   0.0624151   0.0068443
           4    0.046832   0.0585193  0.00621283
           5    0.061552   0.0591259  0.00485051
           6   0.0608747   0.0594173  0.00397114
           7   0.0607787   0.0596118  0.00336185
           8    0.069016   0.0607873  0.00313981
           9   0.0540933   0.0600436   0.0028672
          10   0.0546587   0.0595051  0.00262043
          11   0.0687413   0.0603447   0.0025146
          12   0.0664507   0.0608536  0.00235122
          13    0.060912   0.0608581  0.00216281
          14   0.0679973    0.061368  0.00206629
          15   0.0541787   0.0608887  0.00198242
          16   0.0520133    0.060334  0.00193558
          17   0.0658693   0.0606596  0.00184708
          18     0.06288    0.060783  0.00174581
          19     0.05152   0.0602954  0.00172183
          20    0.064296   0.0604955  0.00164567
          21   0.0611173   0.0605251  0.00156563
          22   0.0542987   0.0602421  0.00151936
          23   0.0532907   0.0599398  0.00148293
          24    0.054936   0.0597313  0.00143502
          25   0.0614667   0.0598007  0.00137817
          26     0.06248   0.0599038  0.00132811
          27   0.0490907   0.0595033  0.00133926
          28   0.0714507     0.05993  0.00135925
          29   0.0533707   0.0597038   0.0013309
          30   0.0458507    0.059242  0.00136618
           1   0.0521707   0.0521707           0
           2   0.0564107   0.0542907     0.00212
           3    0.072416   0.0603324  0.00616451
           4   0.0620773   0.0607687  0.00438074
           5   0.0611173   0.0608384  0.00339402
           6   0.0536427   0.0596391  0.00301959
           7   0.0542613   0.0588709  0.00266514
           8     0.04492    0.057127   0.0028928
           9   0.0459973   0.0558904  0.00283512
          10   0.0541707   0.0557184  0.00254164
          11   0.0603227    0.056137  0.00233679
          12    0.055816   0.0561102  0.00213335
          13      0.0578   0.0562402   0.0019667
          14   0.0556107   0.0561952  0.00182137
          15   0.0481867   0.0556613  0.00177767
          16   0.0585893   0.0558443   0.0016729
          17    0.046792   0.0553118  0.00165918
          18   0.0596373   0.0555521  0.00158264
          19    0.054216   0.0554818  0.00149868
          20    0.050072   0.0552113  0.00144727
          21   0.0613307   0.0555027  0.00140714
          22    0.059512    0.055685  0.00135397
          23   0.0570853   0.0557459   0.0012952
          24   0.0700613   0.0563423  0.00137605
          25   0.0518773   0.0561637  0.00133189
          26   0.0512293   0.0559739  0.00129364
          27    0.046048   0.0556063  0.00129796
          28    0.067752   0.0560401  0.00132383
          29    0.056984   0.0560726  0.00127778
          30   0.0489387   0.0558348  0.00125714
           1   0.0494853   0.0494853           0
           2   0.0613947     0.05544  0.00595467
           3   0.0540293   0.0549698  0.00346994
           4   0.0440773   0.0522467  0.00366546
           5   0.0518987   0.0521771   0.0028401
           6   0.0437227    0.050768  0.00271347
           7    0.051216    0.050832  0.00229419
           8   0.0549387   0.0513453  0.00205207
           9   0.0673147   0.0531197  0.00253449
          10    0.049032   0.0527109  0.00230347
          11   0.0619387   0.0535498  0.00224611
          12   0.0723493   0.0551164   0.0025804
          13    0.058392   0.0553684  0.00238696
          14   0.0454347   0.0546589  0.00232101
          15   0.0511093   0.0544222  0.00217367
          16    0.064408   0.0550463  0.00212691
          17   0.0586533   0.0552585  0.00200912
          18   0.0605253   0.0555511  0.00191668
          19   0.0659173   0.0560967  0.00189331
          20   0.0421707   0.0554004   0.0019264
          21    0.057064   0.0554796  0.00183408
          22    0.064264   0.0558789  0.00179373
          23   0.0588827   0.0560095  0.00171894
          24    0.045224   0.0555601  0.00170601
          25    0.063416   0.0558743  0.00166625
          26   0.0523147   0.0557374  0.00160672
          27   0.0561387   0.0557523  0.00154614
          28    0.055048   0.0557271  0.00149011
          29    0.050712   0.0555542  0.00144817
          30    0.054104   0.0555059   0.0013999
           1   0.0556987   0.0556987           0
           2   0.0435707   0.0496347    0.006064
           3   0.0505893   0.0499529  0.00351548
           4   0.0635733    0.053358  0.00421593
           5   0.0498053   0.0526475  0.00334205
           6   0.0487467   0.0519973  0.00280515
           7   0.0518187   0.0519718  0.00237092
           8   0.0563253    0.052516  0.00212417
           9   0.0532107   0.0525932  0.00187493
          10   0.0469973   0.0520336  0.00176789
          11   0.0536773    0.052183  0.00160608
          12   0.0540533   0.0523389  0.00147441
          13   0.0534907   0.0524275  0.00135915
          14    0.043616   0.0517981  0.00140695
          15    0.054824   0.0519998  0.00132525
          16    0.053344   0.0520838   0.0012425
          17   0.0464267   0.0517511  0.00121364
          18   0.0448507   0.0513677  0.00120674
          19    0.057176   0.0516734  0.00118169
          20   0.0511733   0.0516484  0.00112133
          21   0.0557387   0.0518432  0.00108423
          22    0.052184   0.0518587  0.00103389
          23   0.0516667   0.0518503 0.000987953
          24    0.051616   0.0518406 0.000945943
          25   0.0427467   0.0514768 0.000977518
          26   0.0428667   0.0511456 0.000995844
          27     0.05852   0.0514188 0.000996415
          28   0.0475653   0.0512811 0.000969982
          29   0.0657413   0.0517798  0.00106047
          30   0.0552827   0.0518965  0.00103115
           1    0.048208    0.048208           0
           2   0.0564747   0.0523413  0.00413333
           3   0.0531253   0.0526027  0.00240065
           4    0.050616    0.052106  0.00176868
           5    0.046864   0.0510576  0.00172513
           6   0.0464747   0.0502938  0.00160234
           7    0.050032   0.0502564  0.00135474
           8    0.052312   0.0505133  0.00120104
           9    0.055248   0.0510394  0.00118267
          10    0.043848   0.0503203  0.00127911
          11   0.0590987   0.0511183  0.00140553
          12    0.066416   0.0523931   0.0018087
          13   0.0539253    0.052511  0.00166793
          14     0.05444   0.0526488  0.00155034
          15   0.0435307   0.0520409  0.00156607
          16   0.0530453   0.0521037  0.00146627
          17   0.0599733   0.0525666  0.00145304
          18    0.052792   0.0525791  0.00136999
          19   0.0541093   0.0526596  0.00129838
          20   0.0518027   0.0526168   0.0012325
          21    0.045224   0.0522648  0.00122406
          22    0.052032   0.0522542  0.00116714
          23   0.0457307   0.0519706  0.00115074
          24   0.0581147   0.0522266  0.00113111
          25   0.0627333   0.0526468  0.00116348
          26    0.051456    0.052601  0.00111877
          27   0.0595333   0.0528578  0.00110673
          28   0.0457333   0.0526033   0.0010964
          29     0.05024   0.0525218  0.00106106
          30    0.046208   0.0523114  0.00104646
           1   0.0439227   0.0439227           0
           2    0.059336   0.0516293  0.00770667
           3   0.0530293    0.052096  0.00447385
           4    0.055144    0.052858  0.00325397
           5   0.0434853   0.0509835  0.00314116
           6    0.061256   0.0526956  0.00308369
           7   0.0545173   0.0529558  0.00261916
           8   0.0403653    0.051382  0.00276077
           9    0.044008   0.0505627  0.00256893
          10   0.0614133   0.0516477  0.00254105
          11   0.0395067    0.050544  0.00254974
          12   0.0493333   0.0504431  0.00232977
          13   0.0533947   0.0506702  0.00215507
          14   0.0502267   0.0506385  0.00199545
          15   0.0459067    0.050323  0.00188426
          16   0.0437067   0.0499095  0.00181042
          17    0.049752   0.0499002  0.00170062
          18    0.054288    0.050144  0.00162179
          19   0.0455893   0.0499043  0.00155267
          20   0.0424587    0.049532  0.00151931
          21   0.0396613    0.049062  0.00151967
          22   0.0558133   0.0493688  0.00148109
          23     0.05556    0.049638   0.0014406
          24   0.0474427   0.0495466   0.0013823
          25   0.0398027   0.0491568  0.00138196
          26   0.0436427   0.0489447  0.00134457
          27   0.0525013   0.0490764  0.00130051
          28   0.0436267   0.0488818  0.00126822
          29    0.049064   0.0488881  0.00122373
          30   0.0566667   0.0491474  0.00121033
           1   0.0549387   0.0549387           0
           2   0.0377147   0.0463267    0.008612
           3   0.0412987   0.0446507  0.00524701
           4    0.042912    0.044216  0.00373557
           5   0.0512427   0.0456213  0.00321678
           6     0.05264   0.0467911  0.00287521
           7    0.052552   0.0476141  0.00256558
           8   0.0478933    0.047649  0.00222213
           9   0.0491573   0.0478166  0.00196689
          10   0.0538613   0.0484211  0.00186019
          11    0.045056   0.0481152  0.00171019
          12   0.0504213   0.0483073  0.00157296
          13   0.0462533   0.0481493  0.00145552
          14    0.056112   0.0487181  0.00146266
          15   0.0469893   0.0486028  0.00136653
          16    0.050048   0.0486932  0.00128146
          17   0.0439093   0.0484118  0.00123618
          18   0.0491733   0.0484541  0.00116625
          19   0.0462293    0.048337  0.00110936
          20   0.0533227   0.0485863  0.00108155
          21     0.04092   0.0482212  0.00109161
          22     0.04688   0.0481602  0.00104259
          23   0.0562293   0.0485111   0.0010562
          24   0.0500373   0.0485747  0.00101323
          25   0.0445973   0.0484156 0.000984794
          26   0.0408213   0.0481235 0.000990218
          27    0.052352   0.0482801 0.000965623
          28   0.0509227   0.0483745 0.000935271
          29   0.0441653   0.0482293 0.000914042
          30   0.0446347   0.0481095 0.000891141
           1   0.0428133   0.0428133           0
           2   0.0361627    0.039488  0.00332533
           3   0.0394347   0.0394702  0.00191996
           4   0.0443227   0.0406833  0.00182065
           5   0.0519627   0.0429392  0.00266041
           6   0.0542933   0.0448316  0.00288089
           7    0.035408   0.0434853  0.00278219
           8    0.043064   0.0434327  0.00241002
           9   0.0381947   0.0428507  0.00220368
          10    0.041104    0.042676  0.00197876
          11    0.051296   0.0434596  0.00195388
          12   0.0399813   0.0431698  0.00180704
          13   0.0447467   0.0432911  0.00166666
          14   0.0455067   0.0434493  0.00155112
          15    0.035632   0.0429282  0.00153518
          16   0.0452107   0.0430708   0.0014431
          17    0.029192   0.0422544  0.00158241
          18   0.0383093   0.0420353  0.00150793
          19   0.0430507   0.0420887  0.00142736
          20    0.039688   0.0419687  0.00135942
          21   0.0452667   0.0421257  0.00130257
          22   0.0467067   0.0423339  0.00125929
          23   0.0346507   0.0419999   0.0012488
          24   0.0399653   0.0419151  0.00119863
          25      0.0556   0.0424625  0.00127335
          26   0.0425867   0.0424673  0.00122341
          27   0.0343227   0.0421656  0.00121526
          28   0.0407867   0.0421164  0.00117209
          29   0.0366747   0.0419287  0.00114641
          30   0.0459733   0.0420636  0.00111571
           1   0.0512693   0.0512693           0
           2    0.038992   0.0451307  0.00613867
           3   0.0447227   0.0449947  0.00354677
           4   0.0411493   0.0440333  0.00268588
           5   0.0409573   0.0434181  0.00216953
           6   0.0437333   0.0434707  0.00177219
           7    0.041968    0.043256  0.00151308
           8    0.039456    0.042781   0.0013938
           9   0.0372853   0.0421704  0.00137253
          10    0.039096   0.0418629  0.00126554
          11   0.0325893   0.0410199  0.00142167
          12   0.0452613   0.0413733  0.00134507
          13   0.0493573   0.0419875  0.00138132
          14    0.050064   0.0425644  0.00140295
          15   0.0399733   0.0423916  0.00131745
          16   0.0379973    0.042117   0.0012626
          17      0.0484   0.0424866  0.00124226
          18    0.043176   0.0425249  0.00117184
          19   0.0408133   0.0424348   0.0011121
          20   0.0511493   0.0428705  0.00114147
          21    0.038232   0.0426497  0.00110799
          22    0.042192   0.0426288  0.00105663
          23   0.0441387   0.0426945  0.00101178
          24   0.0429947    0.042707 0.000968787
          25    0.048128   0.0429238 0.000954192
          26   0.0489653   0.0431562 0.000945748
          27   0.0436347   0.0431739 0.000910219
          28   0.0326427   0.0427978  0.00095435
          29   0.0542667   0.0431933  0.00100218
          30    0.041912   0.0431506 0.000969144
           1    0.041368    0.041368           0
           2    0.051056    0.046212    0.004844
           3    0.055936   0.0494533  0.00428108
           4     0.04204      0.0476  0.00354946
           5     0.04908    0.047896  0.00276529
           6   0.0480213   0.0479169  0.00225795
           7   0.0479947    0.047928  0.00190835
           8    0.047136    0.047829  0.00165564
           9     0.04344   0.0473413  0.00153942
          10   0.0301067   0.0456179  0.00220594
          11     0.06012   0.0469362  0.00239156
          12   0.0319787   0.0456898  0.00251395
          13   0.0402293   0.0452697  0.00235034
          14   0.0405973    0.044936  0.00220144
          15   0.0355733   0.0443118  0.00214237
          16   0.0504053   0.0446927  0.00203987
          17   0.0350107   0.0441231  0.00199897
          18   0.0376587    0.043764  0.00191856
          19   0.0499307   0.0440886  0.00184357
          20    0.048632   0.0443157  0.00176366
          21   0.0595493   0.0450411   0.0018277
          22   0.0389467   0.0447641  0.00176452
          23    0.046968   0.0448599  0.00168878
          24   0.0378613   0.0445683  0.00164297
          25   0.0438453   0.0445394  0.00157615
          26   0.0518453   0.0448204  0.00154016
          27     0.03868    0.044593  0.00149937
          28   0.0445573   0.0445917  0.00144483
          29   0.0490293   0.0447447  0.00140249
          30   0.0459547   0.0447851  0.00135553
           1   0.0432507   0.0432507           0
           2   0.0468613    0.045056  0.00180533
           3   0.0395413   0.0432178  0.00211317
           4    0.049256   0.0447273  0.00212403
           5   0.0399227   0.0437664  0.00190533
           6    0.041688     0.04342   0.0015938
           7   0.0401307   0.0429501  0.00142661
           8    0.037424   0.0422593  0.00141548
           9   0.0462427   0.0427019  0.00132447
          10     0.04472   0.0429037  0.00120171
          11   0.0433787   0.0429469  0.00108784
          12   0.0382693   0.0425571  0.00106682
          13   0.0435573   0.0426341 0.000984347
          14   0.0445547   0.0427712 0.000921596
          15   0.0408987   0.0426464 0.000866994
          16   0.0451573   0.0428033 0.000826043
          17    0.034384   0.0423081 0.000920515
          18   0.0346773   0.0418841 0.000965875
          19   0.0484907   0.0422319 0.000977556
          20   0.0336533   0.0418029  0.00102178
          21      0.0506   0.0422218  0.00105834
          22   0.0410053   0.0421665   0.0010106
          23   0.0486587   0.0424488  0.00100607
          24   0.0433893    0.042488 0.000964037
          25     0.04016   0.0423949 0.000929349
          26    0.033936   0.0420695 0.000950315
          27   0.0421413   0.0420722 0.000914445
          28   0.0458027   0.0422054 0.000891197
          29    0.042432   0.0422132 0.000859952
          30   0.0443467   0.0422844 0.000833831
           1    0.031792    0.031792           0
           2    0.040584    0.036188    0.004396
           3    0.036528   0.0363013  0.00254056
           4    0.038592    0.036874  0.00188552
           5   0.0310347   0.0357061  0.00187003
           6   0.0431707   0.0369502  0.00196954
           7   0.0296347   0.0359051  0.00196545
           8    0.039744    0.036385  0.00176847
           9    0.035264   0.0362604  0.00156461
          10   0.0370587   0.0363403  0.00140171
          11   0.0350293   0.0362211  0.00127348
          12   0.0327413   0.0359311  0.00119814
          13   0.0413947   0.0363514  0.00117954
          14   0.0379787   0.0364676  0.00109821
          15   0.0493387   0.0373257  0.00133475
          16   0.0527467   0.0382895  0.00157727
          17   0.0410027   0.0384491  0.00149016
          18   0.0297707    0.037967  0.00148536
          19   0.0395173   0.0380486  0.00140738
          20   0.0379467   0.0380435  0.00133517
          21    0.036968   0.0379923  0.00127103
          22   0.0299813   0.0376281   0.0012654
          23   0.0482213   0.0380887  0.00129388
          24   0.0396053   0.0381519  0.00124041
          25    0.029272   0.0377967  0.00124165
          26    0.037416   0.0377821  0.00119303
          27   0.0405387   0.0378841  0.00115252
          28   0.0262507   0.0374687  0.00118577
          29    0.033888   0.0373452  0.00115079
          30   0.0331253   0.0372045  0.00112064
           1   0.0356853   0.0356853           0
           2   0.0352853   0.0354853      0.0002
           3   0.0372533   0.0360747 0.000600539
           4   0.0301627   0.0345967  0.00153779
           5   0.0435253   0.0363824  0.00214656
           6   0.0289893   0.0351502  0.00214245
           7   0.0348587   0.0351086  0.00181118
           8    0.038856    0.035577  0.00163698
           9       0.036    0.035624  0.00144444
          10     0.04808   0.0368696  0.00179462
          11   0.0242613   0.0357234  0.00198718
          12    0.036784   0.0358118  0.00181619
          13    0.035968   0.0358238  0.00167069
          14   0.0239227   0.0349737  0.00176497
          15    0.027784   0.0344944  0.00171158
          16   0.0378267   0.0347027  0.00161452
          17    0.029704   0.0344086  0.00154482
          18   0.0315573   0.0342502  0.00146506
          19   0.0397947    0.034542   0.0014162
          20   0.0403733   0.0348336   0.0013748
          21   0.0378453    0.034977  0.00131553
          22    0.040704   0.0352373  0.00128104
          23    0.036232   0.0352806  0.00122484
          24   0.0330747   0.0351887  0.00117629
          25    0.045736   0.0356106  0.00120456
          26    0.030016   0.0353954  0.00117714
          27   0.0322373   0.0352784  0.00113872
          28   0.0334667   0.0352137  0.00109921
          29   0.0279893   0.0349646  0.00108949
          30   0.0304427   0.0348139  0.00106329
           1   0.0406133   0.0406133           0
           2   0.0398853   0.0402493    0.000364
           3    0.040152   0.0402169 0.000212645
           4   0.0317413    0.038098  0.00212422
           5   0.0411813   0.0387147  0.00175717
           6   0.0260453   0.0366031  0.00255286
           7   0.0330613   0.0360971   0.0022161
           8    0.045008    0.037211  0.00221901
           9    0.030816   0.0365004  0.00208198
          10    0.035832   0.0364336  0.00186338
          11   0.0336373   0.0361794  0.00170455
          12   0.0367467   0.0362267  0.00155676
          13    0.037728   0.0363422  0.00143666
          14    0.041184    0.036688  0.00137431
          15    0.043672   0.0371536   0.0013615
          16   0.0358133   0.0370698  0.00127632
          17   0.0283093   0.0365545  0.00130495
          18   0.0377493   0.0366209  0.00123211
          19    0.040568   0.0368286  0.00118383
          20    0.042344   0.0371044  0.00115644
          21    0.036632   0.0370819  0.00110023
          22   0.0341413   0.0369482  0.00105751
          23    0.031688   0.0367195  0.00103604
          24    0.034264   0.0366172 0.000997196
          25   0.0375253   0.0366535 0.000957167
          26   0.0431867   0.0369048 0.000953327
          27    0.031408   0.0367012 0.000939659
          28   0.0345493   0.0366244 0.000908733
          29    0.047176   0.0369882 0.000949332
          30   0.0353893   0.0369349 0.000918689
           1     0.03496     0.03496           0
           2   0.0313147   0.0331373  0.00182267
           3    0.039256   0.0351769  0.00229503
           4   0.0444693      0.0375   0.0028338
           5   0.0296693   0.0359339  0.00269648
           6   0.0431733   0.0371404  0.00251061
           7    0.036936   0.0371112  0.00212206
           8    0.043152   0.0378663  0.00198683
           9    0.024616   0.0363941  0.00228863
          10   0.0394107   0.0366957  0.00206912
          11   0.0389653   0.0369021  0.00188293
          12    0.040688   0.0372176  0.00174759
          13   0.0342027   0.0369856  0.00162419
          14     0.03236   0.0366552  0.00153958
          15   0.0325813   0.0363836  0.00145877
          16   0.0327173   0.0361545  0.00138366
          17   0.0401733   0.0363909  0.00132105
          18   0.0312267    0.036104  0.00127812
          19    0.028376   0.0356973  0.00127556
          20   0.0359467   0.0357097  0.00121017
          21    0.037216   0.0357815  0.00115333
          22   0.0354427   0.0357661  0.00109977
          23   0.0400213   0.0359511  0.00106703
          24   0.0331227   0.0358332  0.00102837
          25   0.0335787    0.035743 0.000990496
          26   0.0317627   0.0355899 0.000963873
          27   0.0329707   0.0354929 0.000932547
          28   0.0280827   0.0352283 0.000936786
          29    0.034992   0.0352201 0.000903942
          30   0.0401467   0.0353844 0.000888597
           1   0.0401547   0.0401547           0
           2   0.0351467   0.0376507    0.002504
           3   0.0431093   0.0394702  0.00232396
           4      0.0316   0.0375027  0.00256353
           5   0.0252213   0.0350464  0.00315852
           6   0.0312773   0.0344182  0.00265432
           7   0.0321147   0.0340891  0.00226732
           8   0.0400053   0.0348287   0.0020982
           9    0.037408   0.0351153   0.0018725
          10   0.0306267   0.0346664  0.00173392
          11     0.04384   0.0355004  0.00177633
          12     0.03396    0.035372  0.00162663
          13   0.0352507   0.0353627  0.00149631
          14    0.026368   0.0347202  0.00152705
          15   0.0424373   0.0352347  0.00151184
          16   0.0384133   0.0354333  0.00142808
          17    0.038208   0.0355965  0.00135134
          18   0.0417867   0.0359404  0.00131965
          19    0.041104   0.0362122  0.00127751
          20   0.0373947   0.0362713  0.00121339
          21   0.0257973   0.0357726  0.00125732
          22   0.0351787   0.0357456  0.00119911
          23   0.0349307   0.0357101  0.00114634
          24   0.0263093   0.0353184  0.00116534
          25   0.0359707   0.0353445  0.00111806
          26   0.0366347   0.0353942  0.00107534
          27   0.0389787   0.0355269  0.00104323
          28   0.0316507   0.0353885  0.00101477
          29   0.0480987   0.0358268  0.00107277
          30   0.0260213   0.0354999  0.00108671
           1   0.0358107   0.0358107           0
           2   0.0332133    0.034512  0.00129867
           3   0.0371387   0.0353876  0.00115273
           4   0.0349387   0.0352753 0.000822789
           5   0.0341307   0.0350464   0.0006772
           6     0.03472    0.034992 0.000555601
           7    0.037624    0.035368 0.000601557
           8   0.0318213   0.0349247 0.000684067
           9   0.0395333   0.0354367 0.000791315
          10     0.03352   0.0352451 0.000733268
          11   0.0416293   0.0358255 0.000881347
          12     0.04128     0.03628 0.000924079
          13   0.0205733   0.0350718  0.00147726
          14   0.0224507   0.0341703  0.00163807
          15   0.0412667   0.0346434  0.00159666
          16   0.0399173    0.034973  0.00152948
          17   0.0376773   0.0351321  0.00144547
          18   0.0285547   0.0347667  0.00141095
          19   0.0281147   0.0344166  0.00137978
          20   0.0274613   0.0340688  0.00135438
          21   0.0314587   0.0339445  0.00129425
          22   0.0331627    0.033909  0.00123453
          23    0.034952   0.0339543  0.00118051
          24   0.0373013   0.0340938  0.00113882
          25   0.0331493    0.034056  0.00109297
          26    0.035216   0.0341006  0.00105104
          27     0.03612   0.0341754  0.00101413
          28     0.03572   0.0342306 0.000978794
          29   0.0324827   0.0341703 0.000946361
          30    0.030088   0.0340342 0.000924343
           1   0.0248827   0.0248827           0
           2   0.0298853    0.027384  0.00250133
           3   0.0370827   0.0306169  0.00354078
           4   0.0335333    0.031346  0.00260771
           5   0.0282773   0.0307323  0.00211111
           6   0.0269707   0.0301053  0.00183418
           7   0.0365333   0.0310236  0.00180174
           8   0.0338187    0.031373  0.00159899
           9     0.03592   0.0318782  0.00149795
          10   0.0276693   0.0314573  0.00140436
          11    0.030288    0.031351  0.00127473
          12     0.03536   0.0316851  0.00121067
          13   0.0314933   0.0316704  0.00111375
          14      0.0346   0.0318796  0.00105215
          15    0.029832   0.0317431 0.000988969
          16    0.030952   0.0316937 0.000926416
          17   0.0345627   0.0318624  0.00088643
          18   0.0346133   0.0320153 0.000849593
          19   0.0334987   0.0320933 0.000807418
          20    0.031352   0.0320563 0.000766881
          21   0.0256373   0.0317506 0.000790902
          22   0.0291973   0.0316345 0.000762974
          23   0.0280907   0.0314805 0.000745151
          24   0.0279947   0.0313352 0.000728062
          25      0.0336   0.0314258 0.000704184
          26   0.0419093    0.031829 0.000787598
          27    0.031568   0.0318194 0.000757929
          28   0.0309813   0.0317894 0.000730971
          29   0.0288027   0.0316864 0.000712795
          30    0.034024   0.0317644  0.00069302
           1    0.028736    0.028736           0
           2   0.0323547   0.0305453  0.00180933
           3   0.0259707   0.0290204  0.00184838
           4    0.035272   0.0305833  0.00203737
           5   0.0329253   0.0310517  0.00164619
           6   0.0355227   0.0317969  0.00153684
           7   0.0301307   0.0315589   0.0013205
           8   0.0261333   0.0308807  0.00132956
           9    0.036704   0.0315277  0.00133924
          10   0.0252213   0.0308971  0.00135372
          11   0.0314693   0.0309491  0.00122559
          12   0.0299227   0.0308636  0.00112207
          13   0.0319067   0.0309438  0.00103527
          14   0.0305813   0.0309179  0.00095882
          15   0.0314587    0.030954 0.000893341
          16    0.037864   0.0313858 0.000940648
          17   0.0296347   0.0312828 0.000889569
          18    0.026544   0.0310196 0.000879043
          19   0.0224613   0.0305691 0.000945658
          20   0.0345067    0.030766 0.000918478
          21    0.031512   0.0308015 0.000874369
          22   0.0205707   0.0303365  0.00095461
          23    0.040192    0.030765   0.0010078
          24    0.021864   0.0303941  0.00103371
          25   0.0366133   0.0306429  0.00102223
          26   0.0285813   0.0305636 0.000985326
          27   0.0295707   0.0305268 0.000948844
          28   0.0359307   0.0307198 0.000934475
          29   0.0319493   0.0307622 0.000902672
          30   0.0460133   0.0312706  0.00100942
           1   0.0317867   0.0317867           0
           2   0.0273467   0.0295667     0.00222
           3   0.0325387   0.0305573  0.00161994
           4   0.0288853   0.0301393  0.00121936
           5   0.0359493   0.0313013  0.00149745
           6   0.0297653   0.0310453  0.00124917
           7   0.0282213   0.0306419   0.0011302
           8   0.0323733   0.0308583  0.00100242
           9   0.0294133   0.0306978 0.000898516
          10   0.0234427   0.0299723   0.0010827
          11   0.0267947   0.0296834  0.00102105
          12   0.0349973   0.0301262  0.00103193
          13   0.0245947   0.0297007  0.00104025
          14   0.0344267   0.0300383  0.00102053
          15    0.031376   0.0301275 0.000954235
          16    0.032776    0.030293 0.000907825
          17   0.0285307   0.0301893 0.000859031
          18   0.0291813   0.0301333 0.000811836
          19    0.028432   0.0300438 0.000773123
          20   0.0302133   0.0300523 0.000733498
          21    0.027296    0.029921 0.000709934
          22   0.0271947   0.0297971 0.000688146
          23   0.0325333   0.0299161 0.000668221
          24   0.0335307   0.0300667 0.000657262
          25     0.02712   0.0299488 0.000641347
          26    0.033064   0.0300686 0.000627727
          27   0.0274267   0.0299708 0.000611905
          28   0.0216613    0.029674 0.000660116
          29    0.024432   0.0294932 0.000662098
          30   0.0305547   0.0295286 0.000640626
           1   0.0370667   0.0370667           0
           2    0.034288   0.0356773  0.00138933
           3   0.0301333   0.0338293  0.00201458
           4    0.033328    0.033704  0.00143002
           5   0.0324453   0.0334523  0.00113594
           6      0.0334   0.0334436 0.000927529
           7   0.0281787   0.0326914  0.00108637
           8    0.034552    0.032924 0.000969144
           9   0.0266053   0.0322219  0.00110609
          10   0.0285867   0.0318584  0.00105399
          11   0.0348053   0.0321263 0.000990296
          12   0.0282747   0.0318053 0.000959301
          13    0.026672   0.0314105  0.00096675
          14     0.03656   0.0317783  0.00096767
          15   0.0273387   0.0314823 0.000948227
          16    0.026872   0.0311942 0.000932614
          17    0.026264   0.0309042 0.000922794
          18    0.029912    0.030849 0.000871763
          19   0.0321547   0.0309178 0.000827464
          20    0.030408   0.0308923 0.000785415
          21   0.0217973   0.0304592 0.000863536
          22   0.0243973   0.0301836 0.000868231
          23    0.025176   0.0299659 0.000857717
          24     0.02692    0.029839 0.000830951
          25   0.0300027   0.0298455 0.000797047
          26   0.0301733   0.0298582 0.000765882
          27    0.026392   0.0297298 0.000748068
          28    0.033568   0.0298669 0.000733774
          29   0.0272027    0.029775 0.000713955
          30   0.0273493   0.0296941 0.000694469
           1   0.0365307   0.0365307           0
           2   0.0370667   0.0367987    0.000268
           3   0.0259307    0.033176  0.00362597
           4   0.0418053   0.0353333  0.00335081
           5   0.0239707   0.0330608  0.00344981
           6    0.043064    0.034728  0.00327317
           7    0.033032   0.0344857  0.00277693
           8   0.0245867   0.0332483  0.00270455
           9   0.0259893   0.0324418  0.00251787
          10    0.033088   0.0325064  0.00225298
          11   0.0327973   0.0325328  0.00203807
          12    0.025824   0.0319738  0.00194268
          13    0.033456   0.0320878  0.00179064
          14   0.0315787   0.0320514  0.00165821
          15   0.0299653   0.0319124  0.00154996
          16   0.0269733   0.0316037  0.00148235
          17   0.0289387   0.0314469  0.00140122
          18   0.0380427   0.0318133  0.00137096
          19   0.0262747   0.0315218  0.00132916
          20   0.0344693   0.0316692  0.00126954
          21   0.0335227   0.0317575  0.00121079
          22     0.03624   0.0319612  0.00117229
          23   0.0289013   0.0318282  0.00112803
          24   0.0318693   0.0318299  0.00108001
          25      0.0258   0.0315887  0.00106362
          26   0.0299893   0.0315272  0.00102374
          27   0.0282747   0.0314067 0.000992432
          28   0.0261947   0.0312206 0.000974279
          29    0.022848   0.0309319 0.000983417
          30   0.0274987   0.0308174 0.000956939
           1   0.0267493   0.0267493           0
           2   0.0329467    0.029848  0.00309867
           3   0.0295333   0.0297431  0.00179209
           4    0.020176   0.0273513  0.00270673
           5   0.0373813   0.0293573   0.0029017
           6    0.033952   0.0301231  0.00248991
           7   0.0263627   0.0295859  0.00217185
           8    0.019496   0.0283247   0.0022646
           9   0.0309973   0.0286216  0.00201915
          10   0.0358773   0.0293472  0.00194628
          11   0.0236667   0.0288308  0.00183466
          12   0.0303547   0.0289578  0.00167961
          13   0.0272853   0.0288291  0.00155037
          14   0.0327707   0.0291107  0.00146271
          15     0.03008   0.0291753  0.00136324
          16   0.0265013   0.0290082   0.0012861
          17   0.0276613   0.0289289  0.00121068
          18   0.0257627    0.028753  0.00115491
          19   0.0272667   0.0286748  0.00109523
          20   0.0348267   0.0289824   0.0010836
          21    0.030152   0.0290381  0.00103222
          22   0.0228853   0.0287584  0.00102314
          23   0.0286293   0.0287528 0.000977665
          24   0.0257467   0.0286276 0.000944386
          25   0.0401787   0.0290896  0.00101686
          26    0.024032   0.0288951 0.000996143
          27   0.0327893   0.0290393  0.00096933
          28     0.03124   0.0291179 0.000937371
          29   0.0360347   0.0293564 0.000935389
          30   0.0269227   0.0292753 0.000907306
           1    0.025664    0.025664           0
           2   0.0217307   0.0236973  0.00196667
           3     0.02152   0.0229716   0.0013476
           4   0.0353573    0.026068  0.00323975
           5   0.0302933   0.0269131  0.00264797
           6    0.024576   0.0265236  0.00219686
           7   0.0259093   0.0264358  0.00185876
           8   0.0237733    0.026103  0.00164378
           9    0.022072   0.0256551  0.00151729
          10    0.025144    0.025604  0.00135807
          11    0.026224   0.0256604  0.00122971
          12   0.0314053   0.0261391  0.00122039
          13   0.0298267   0.0264228  0.00115788
          14   0.0358267   0.0270945  0.00126505
          15   0.0302293   0.0273035   0.0011961
          16   0.0331253   0.0276673  0.00117653
          17   0.0303173   0.0278232  0.00111609
          18   0.0213493   0.0274636  0.00111203
          19    0.022608    0.027208  0.00108247
          20   0.0277947   0.0272373  0.00102734
          21    0.021664   0.0269719   0.0010126
          22    0.022336   0.0267612 0.000988203
          23   0.0260267   0.0267293   0.0009448
          24   0.0213573   0.0265054 0.000931859
          25   0.0343653   0.0268198  0.00094749
          26   0.0255013   0.0267691  0.00091173
          27   0.0302987   0.0268999 0.000886998
          28     0.02136    0.026702 0.000877333
          29   0.0242027   0.0266158 0.000850916
          30   0.0219307   0.0264596 0.000836766
           1   0.0311147   0.0311147           0
           2   0.0267413    0.028928  0.00218667
           3   0.0248027   0.0275529  0.00186675
           4    0.028384   0.0277607  0.00133625
           5   0.0377013   0.0297488  0.00224143
           6   0.0177867   0.0277551  0.00270631
           7   0.0258667   0.0274853  0.00230311
           8   0.0314587    0.027982  0.00205546
           9   0.0220053   0.0273179  0.00193055
          10   0.0274373   0.0273299  0.00172678
          11   0.0274427   0.0273401  0.00156196
          12   0.0300027    0.027562  0.00144303
          13   0.0289013    0.027665  0.00133139
          14   0.0174053   0.0269322  0.00143402
          15   0.0282133   0.0270176  0.00133773
          16   0.0275947   0.0270537  0.00125185
          17      0.0362   0.0275917  0.00129315
          18   0.0346693   0.0279849  0.00128103
          19   0.0312293   0.0281556   0.0012237
          20    0.032288   0.0283623  0.00117915
          21   0.0260053     0.02825   0.0011272
          22   0.0280053   0.0282389   0.0010748
          23   0.0215013    0.027946  0.00106797
          24   0.0309173   0.0280698  0.00102997
          25   0.0275547   0.0280492 0.000988126
          26   0.0277173   0.0280364 0.000949447
          27    0.022632   0.0278362 0.000935276
          28   0.0288027   0.0278708 0.000901915
          29     0.01764    0.027518 0.000939046
          30   0.0343307   0.0277451 0.000935195
