           1    0.221966    0.221966           0
           2    0.281103    0.251535    0.029569
           3    0.243396    0.248822   0.0172858
           4    0.392022    0.284622   0.0378292
           5    0.277561     0.28321   0.0293364
           6      0.2715    0.281258   0.0240324
           7    0.273282    0.280119    0.020343
           8    0.290299    0.281391   0.0176635
           9    0.303814    0.283883   0.0157757
          10    0.371367    0.292631   0.0166022
          11    0.202199     0.28441   0.0171203
          12    0.227766     0.27969   0.0163259
          13    0.289745    0.280463   0.0150376
          14    0.286292     0.28088   0.0139283
          15    0.271133     0.28023   0.0129828
          16    0.213095    0.276034   0.0128487
          17    0.283035    0.276446   0.0120763
          18    0.224271    0.273547   0.0117488
          19    0.346349    0.277379   0.0117553
          20    0.209646    0.273992   0.0116549
          21    0.200148    0.270476   0.0116304
          22     0.21575    0.267988   0.0113647
          23    0.188478    0.264531   0.0113963
          24    0.348364    0.268024   0.0114566
          25    0.176759    0.264374   0.0115793
          26    0.271309     0.26464   0.0111283
          27    0.246998    0.263987   0.0107281
          28    0.190568    0.261365   0.0106652
          29    0.209712    0.259584   0.0104439
          30    0.257762    0.259523   0.0100899
           1    0.356632    0.356632           0
           2    0.261735    0.309183   0.0474482
           3    0.402164    0.340177   0.0413646
           4    0.379964    0.350124   0.0308943
           5    0.397825    0.359664   0.0257622
           6    0.356203    0.359087   0.0210427
           7    0.383265    0.362541   0.0181166
           8    0.412123    0.368739   0.0168692
           9     0.30374    0.361517   0.0165376
          10    0.323527    0.357718   0.0152717
          11    0.308941    0.353283   0.0145081
          12    0.335781    0.351825   0.0133241
          13    0.304342    0.348172    0.012789
          14    0.244623    0.340776   0.0139606
          15    0.379125    0.343333   0.0132457
          16    0.246712    0.337294   0.0137835
          17    0.302665    0.335257   0.0131066
          18    0.291263    0.332813   0.0125964
          19    0.351034    0.333772   0.0119535
          20    0.248916    0.329529   0.0121078
          21    0.414027    0.333553   0.0121995
          22    0.403122    0.336715    0.012054
          23    0.264423    0.333572   0.0119391
          24    0.308957    0.332546   0.0114768
          25    0.342723    0.332953   0.0110156
          26    0.332955    0.332953   0.0105835
          27    0.414178    0.335962    0.010619
          28    0.237229    0.332435   0.0108232
          29    0.314256    0.331809   0.0104622
          30    0.364341    0.332893   0.0101654
           1    0.359063    0.359063           0
           2    0.428632    0.393848   0.0347846
           3    0.475558    0.421085   0.0338403
           4    0.285375    0.387157   0.0415169
           5     0.39218    0.388162   0.0321746
           6    0.387395    0.388034   0.0262707
           7    0.406883    0.390727   0.0223655
           8    0.415902    0.393873   0.0196231
           9    0.404882    0.395097   0.0173491
          10    0.304712    0.386058   0.0179579
          11    0.396309     0.38699   0.0162703
          12    0.412528    0.389118   0.0150044
          13    0.449679    0.393777    0.014567
          14    0.444027    0.397366   0.0139559
          15    0.346904    0.394002   0.0134207
          16    0.404409    0.394652   0.0125707
          17    0.360952     0.39267   0.0119734
          18    0.426761    0.394564   0.0114464
          19    0.377364    0.393659    0.010865
          20    0.420699    0.395011   0.0103957
          21       0.347    0.392724   0.0101492
          22    0.447419     0.39521  0.00999111
          23    0.416541    0.396138  0.00959177
          24    0.413344    0.396855  0.00921136
          25    0.382178    0.396268  0.00885471
          26    0.398276    0.396345  0.00850768
          27    0.427149    0.397486  0.00826564
          28    0.368725    0.396459  0.00803093
          29    0.348607    0.394809  0.00792279
          30    0.362642    0.393736  0.00772887
           1    0.490375    0.490375           0
           2    0.415542    0.452958   0.0374167
           3    0.436467    0.447461   0.0222909
           4     0.44983    0.448054   0.0157732
           5    0.427806    0.444004   0.0128715
           6    0.371512    0.431922   0.0160133
           7    0.472939    0.437782   0.0147477
           8    0.439872    0.438043   0.0127746
           9    0.474862    0.442134   0.0119859
          10    0.448977    0.442818   0.0107423
          11     0.39865    0.438803   0.0105137
          12    0.444346    0.439265   0.0096088
          13    0.480535     0.44244  0.00939163
          14     0.46496    0.444048  0.00884251
          15      0.4057    0.441492  0.00861978
          16    0.518127    0.446281   0.0093784
          17    0.369025    0.441737  0.00991257
          18    0.430838    0.441131  0.00936526
          19    0.457418    0.441988  0.00890002
          20    0.444013     0.44209  0.00844391
          21    0.519175     0.44576  0.00883083
          22      0.4605     0.44643  0.00844648
          23    0.461581    0.447089  0.00809773
          24    0.474697     0.44824  0.00783786
          25    0.362973    0.444829   0.0082553
          26    0.439167    0.444611  0.00793442
          27     0.51201    0.447107  0.00803262
          28    0.444818    0.447026  0.00774086
          29    0.468083    0.447752  0.00750438
          30    0.464768    0.448319  0.00727207
           1     0.51051     0.51051           0
           2    0.477817    0.494164   0.0163461
           3    0.406933    0.465087   0.0305702
           4    0.444576    0.459959   0.0222162
           5    0.475858    0.463139   0.0174999
           6    0.437907    0.458934   0.0148946
           7    0.463402    0.459572   0.0126044
           8    0.502673    0.464959   0.0121729
           9    0.514024    0.470411   0.0120404
          10    0.503334    0.473703   0.0112612
          11    0.454148    0.471926   0.0103401
          12    0.482855    0.472836  0.00948306
          13    0.482088    0.473548  0.00875213
          14    0.448759    0.471777   0.0082941
          15    0.485398    0.472685   0.0077746
          16    0.493948    0.474014   0.0073929
          17    0.467327    0.473621  0.00695555
          18     0.47085    0.473467  0.00655956
          19    0.457513    0.472627  0.00626128
          20    0.533432    0.475668  0.00667281
          21    0.517549    0.477662  0.00665306
          22    0.485834    0.478033  0.00635431
          23    0.519926    0.479855  0.00633907
          24    0.470022    0.479445  0.00608301
          25    0.505806      0.4805  0.00592913
          26    0.499396    0.481226   0.0057427
          27    0.511973    0.482365  0.00564203
          28    0.489381    0.482616  0.00544256
          29    0.463779    0.481966  0.00529155
          30    0.471222    0.481608  0.00512466
           1    0.531176    0.531176           0
           2    0.513561    0.522369  0.00880759
           3    0.544772    0.529837  0.00903458
           4    0.542057    0.532892  0.00708134
           5    0.474253    0.521164    0.012947
           6    0.496941    0.517127   0.0113159
           7    0.525514    0.518325  0.00963846
           8    0.470497    0.512347   0.0102673
           9    0.488216    0.509665  0.00944348
          10    0.516749    0.510374  0.00847616
          11    0.503043    0.509707  0.00769589
          12    0.536751    0.511961  0.00737796
          13    0.523137    0.512821  0.00684097
          14    0.513322    0.512856  0.00633361
          15    0.561966     0.51613  0.00674424
          16    0.519352    0.516332  0.00631187
          17    0.534262    0.517386  0.00602205
          18    0.519856    0.517524   0.0056793
          19     0.50884    0.517067  0.00539149
          20    0.525761    0.517501  0.00513325
          21     0.52063     0.51765  0.00488497
          22    0.533578    0.518374  0.00471357
          23    0.508911    0.517963  0.00452272
          24     0.49707    0.517092  0.00441682
          25     0.51121    0.516857  0.00424299
          26    0.523923    0.517129  0.00408559
          27    0.525835    0.517451  0.00394456
          28    0.544964    0.518434  0.00392602
          29    0.526508    0.518712  0.00379844
          30    0.538144     0.51936  0.00372637
           1    0.573472    0.573472           0
           2    0.493217    0.533345   0.0401274
           3    0.534645    0.533778   0.0231716
           4    0.517519    0.529713   0.0168815
           5    0.506072    0.524985   0.0139049
           6    0.544902    0.528305   0.0118286
           7    0.488258    0.522584   0.0115182
           8     0.50123    0.519915    0.010326
           9     0.50739    0.518523  0.00921241
          10    0.515505    0.518221  0.00824536
          11    0.550282    0.521136  0.00800748
          12    0.522392     0.52124  0.00731054
          13    0.522187    0.521313  0.00672512
          14    0.505008    0.520149  0.00633424
          15    0.538981    0.521404  0.00602903
          16    0.503549    0.520288    0.005749
          17    0.502799    0.519259  0.00549736
          18    0.563686    0.521727  0.00574063
          19    0.484286    0.519757  0.00577661
          20    0.569822     0.52226  0.00602484
          21    0.535532    0.522892  0.00576551
          22    0.522575    0.522878  0.00549722
          23    0.508821    0.522267   0.0052882
          24    0.492168    0.521012  0.00521607
          25    0.512728    0.520681  0.00501405
          26     0.53828    0.521358  0.00486466
          27    0.502618    0.520664   0.0047322
          28     0.51765    0.520556  0.00456133
          29    0.519359    0.520515  0.00440142
          30    0.543738    0.521289  0.00432207
           1    0.504437    0.504437           0
           2    0.550135    0.527286   0.0228488
           3    0.524832    0.526468   0.0132171
           4     0.53692    0.529081   0.0097043
           5    0.568438    0.536952    0.010884
           6    0.507295    0.532009   0.0101689
           7     0.51151    0.529081  0.00907954
           8    0.526239    0.528726  0.00787114
           9    0.537725    0.529726  0.00701334
          10    0.530892    0.529842  0.00627401
          11      0.5851    0.534866    0.007579
          12    0.525754    0.534106  0.00696019
          13    0.519232    0.532962  0.00650387
          14    0.536771    0.533234  0.00602756
          15    0.530461    0.533049   0.0056144
          16    0.514813     0.53191  0.00537405
          17    0.544582    0.532655  0.00510278
          18    0.526992     0.53234  0.00482122
          19    0.543956    0.532952  0.00460121
          20    0.515381    0.532073  0.00445263
          21    0.522469    0.531616  0.00425992
          22    0.498229    0.530098  0.00433593
          23    0.537713    0.530429  0.00415633
          24    0.546571    0.531102  0.00403582
          25    0.530803     0.53109  0.00387104
          26    0.537034    0.531319   0.0037262
          27    0.512427    0.530619  0.00365317
          28    0.527133    0.530494  0.00352248
          29    0.540231     0.53083  0.00341539
          30    0.550227    0.531477  0.00336234
           1    0.532178    0.532178           0
           2    0.581176    0.556677   0.0244995
           3    0.514866     0.54274   0.0198574
           4    0.495515    0.530934   0.0183453
           5    0.524928    0.529733   0.0142608
           6    0.533888    0.530425   0.0116645
           7    0.546604    0.532736   0.0101256
           8    0.536056    0.533151  0.00877887
           9    0.502573    0.529754  0.00845492
          10    0.521466    0.528925  0.00760759
          11    0.489313    0.525324  0.00776663
          12    0.493666    0.522686  0.00756484
          13    0.552355    0.524968  0.00732335
          14    0.537819    0.525886  0.00684196
          15     0.45985    0.521484  0.00774284
          16    0.506969    0.520576  0.00729936
          17    0.499212     0.51932  0.00697077
          18    0.529542    0.519888   0.0065966
          19    0.536509    0.520762  0.00630078
          20    0.550628    0.522256  0.00616114
          21    0.504379    0.521404  0.00592192
          22    0.497246    0.520306  0.00575212
          23    0.478543     0.51849  0.00578852
          24     0.52817    0.518894  0.00555674
          25    0.557354    0.520432  0.00554742
          26    0.507011    0.519916  0.00535473
          27    0.508442    0.519491  0.00517008
          28    0.547344    0.520486  0.00508035
          29    0.550425    0.521518  0.00500958
          30    0.511637    0.521189  0.00485091
           1    0.511315    0.511315           0
           2    0.550246    0.530781   0.0194658
           3    0.538154    0.533238   0.0115042
           4      0.5216    0.530329  0.00863933
           5    0.533727    0.531008  0.00672642
           6     0.53054     0.53093  0.00549266
           7    0.508624    0.527744  0.00563065
           8    0.524703    0.527364  0.00489107
           9    0.507634    0.525171  0.00483862
          10    0.536666    0.526321  0.00447784
          11    0.521743    0.525905  0.00407168
          12    0.514597    0.524962  0.00383451
          13     0.49105    0.522354  0.00438707
          14    0.540163    0.523626  0.00425619
          15    0.540064    0.524722  0.00411104
          16     0.53165    0.525155  0.00386983
          17    0.516273    0.524632  0.00367242
          18    0.494555    0.522961  0.00384451
          19    0.545704    0.524158  0.00382848
          20     0.54059     0.52498  0.00372378
          21    0.526255    0.525041  0.00354254
          22    0.544754    0.525937  0.00349452
          23    0.546856    0.526846  0.00346079
          24    0.511853    0.526222  0.00337183
          25    0.533642    0.526518  0.00324774
          26    0.493835    0.525261  0.00336401
          27    0.525985    0.525288  0.00323713
          28    0.516912    0.524989  0.00313369
          29    0.530632    0.525184  0.00302995
          30    0.534184    0.525484  0.00294255
           1    0.492573    0.492573           0
           2      0.5121    0.502337  0.00976388
           3    0.519682    0.508119  0.00807519
           4    0.513143    0.509375  0.00584654
           5    0.522224    0.511944  0.00520705
           6    0.525555    0.514213  0.00481884
           7    0.481589    0.509552  0.00618928
           8    0.480126    0.505874   0.0065008
           9    0.479161    0.502906  0.00645593
          10    0.513799    0.503995   0.0058762
          11    0.499036    0.503544  0.00533431
          12    0.525345    0.505361  0.00519738
          13     0.52528    0.506893  0.00502042
          14    0.555944    0.510397   0.0058206
          15    0.495184    0.509383  0.00551278
          16    0.494127    0.508429  0.00524414
          17    0.495103    0.507645    0.004988
          18    0.509979    0.507775  0.00470452
          19    0.529434    0.508915  0.00459371
          20    0.511685    0.509053  0.00436018
          21    0.473036    0.507338    0.004488
          22    0.540649    0.508852  0.00453912
          23    0.507808    0.508807  0.00433752
          24    0.527964    0.509605  0.00422887
          25    0.513721     0.50977  0.00405953
          26    0.525252    0.510365  0.00394547
          27    0.511542    0.510409  0.00379678
          28    0.505903    0.510248   0.0036622
          29    0.511221    0.510282  0.00353382
          30    0.514825    0.510433  0.00341736
           1    0.511156    0.511156           0
           2    0.507056    0.509106  0.00204979
           3    0.490732    0.502981  0.00623786
           4    0.505647    0.503648  0.00446088
           5    0.509344    0.504787  0.00363834
           6     0.51457    0.506417  0.00338874
           7    0.502919    0.505918  0.00290728
           8    0.508598    0.506253  0.00253997
           9    0.486737    0.504084  0.00311764
          10    0.484372    0.502113  0.00341491
          11    0.526435    0.504324  0.00379872
          12    0.476718    0.502024  0.00416145
          13    0.511605    0.502761  0.00389829
          14    0.517744    0.503831  0.00376445
          15    0.518677    0.504821   0.0036416
          16    0.488612    0.503808  0.00355386
          17    0.528578    0.505265  0.00364241
          18    0.506758    0.505348   0.0034351
          19     0.50226    0.505185  0.00325334
          20    0.503745    0.505113  0.00308723
          21    0.526255     0.50612  0.00310432
          22    0.514015    0.506479  0.00298153
          23    0.507638    0.506529   0.0028494
          24    0.520658    0.507118  0.00279088
          25    0.560537    0.509255  0.00342515
          26    0.540653    0.510462  0.00350537
          27    0.495918    0.509924  0.00341579
          28    0.485747     0.50906   0.0034029
          29    0.483418    0.508176  0.00340044
          30    0.490098    0.507573  0.00333995
           1     0.49937     0.49937           0
           2    0.519338    0.509354  0.00998371
           3     0.48806    0.502256   0.0091436
           4    0.534161    0.510232   0.0102676
           5     0.49838    0.507862  0.00829898
           6    0.502028    0.506889   0.0068455
           7    0.534688    0.510861  0.00701733
           8    0.477871    0.506737  0.00734419
           9    0.503941    0.506426  0.00648441
          10    0.509986    0.506782  0.00581075
          11    0.517537     0.50776  0.00534618
          12    0.509213    0.507881  0.00488187
          13    0.510093    0.508051  0.00449389
          14     0.49938    0.507432  0.00420638
          15    0.511624    0.507711  0.00392589
          16    0.478609    0.505892   0.0040981
          17    0.472478    0.503927  0.00432228
          18    0.480767     0.50264  0.00427338
          19    0.518102    0.503454  0.00412331
          20    0.500483    0.503305  0.00391454
          21     0.50752    0.503506  0.00372887
          22    0.488668    0.502832  0.00361875
          23    0.523187    0.503717   0.0035693
          24    0.490578    0.503169  0.00346091
          25    0.522774    0.503953  0.00341095
          26    0.532834    0.505064  0.00346027
          27    0.533539    0.506119  0.00349268
          28     0.50227    0.505981  0.00336843
          29    0.520119    0.506469  0.00328656
          30    0.520471    0.506936  0.00320924
           1    0.501859    0.501859           0
           2    0.484844    0.493352  0.00850736
           3    0.507609    0.498104  0.00683457
           4    0.507063    0.500344  0.00532656
           5    0.520133    0.504302  0.00571732
           6    0.469805    0.498552  0.00740592
           7    0.501988    0.499043  0.00627836
           8     0.46286     0.49452  0.00707245
           9    0.469518    0.491742    0.006828
          10    0.515244    0.494093  0.00654375
          11    0.494804    0.494157  0.00591939
          12    0.492413    0.494012   0.0054056
          13    0.496101    0.494173  0.00497502
          14    0.486613    0.493633  0.00463752
          15    0.507799    0.494577  0.00441939
          16    0.449505     0.49176   0.0050025
          17    0.483831    0.491294  0.00472212
          18     0.49566    0.491536  0.00445866
          19    0.501475    0.492059  0.00424979
          20    0.473016    0.491107  0.00414262
          21    0.478007    0.490483  0.00398949
          22    0.497962    0.490823  0.00381899
          23    0.497612    0.491118  0.00366109
          24    0.493112    0.491201  0.00350621
          25    0.482992    0.490873  0.00337903
          26      0.5095     0.49159  0.00332458
          27    0.493196    0.491649  0.00319963
          28    0.474489    0.491036  0.00314356
          29    0.499413    0.491325  0.00304695
          30    0.481396    0.490994  0.00296218
           1    0.483749    0.483749           0
           2    0.477635    0.480692  0.00305725
           3    0.490811    0.484065  0.00380696
           4    0.495635    0.486957  0.00395129
           5    0.459435    0.481453  0.00629811
           6    0.472099    0.479894  0.00537352
           7    0.482327    0.480241  0.00455473
           8    0.504868     0.48332  0.00500356
           9    0.501899    0.485384  0.00487174
          10    0.498182    0.486664  0.00454147
          11     0.50302    0.488151  0.00436873
          12    0.507538    0.489767   0.0043029
          13    0.482434    0.489202  0.00399808
          14    0.450965    0.486471  0.00460009
          15    0.472872    0.485565  0.00437737
          16    0.484274    0.485484  0.00409545
          17    0.478613     0.48508  0.00386817
          18      0.4706    0.484275  0.00373461
          19    0.483022    0.484209  0.00353321
          20    0.484233    0.484211  0.00335189
          21    0.477657    0.483898  0.00320352
          22    0.465825    0.483077  0.00316299
          23    0.467538    0.482401  0.00309693
          24    0.487587    0.482617  0.00297294
          25    0.479929     0.48251  0.00285357
          26    0.503604    0.483321  0.00285915
          27    0.467482    0.482735  0.00281307
          28    0.456108    0.481784   0.0028727
          29    0.485988    0.481929  0.00277566
          30    0.456502    0.481081   0.0028123
           1    0.463608    0.463608           0
           2    0.491391    0.477499   0.0138915
           3    0.475084    0.476694  0.00806056
           4    0.476842    0.476731   0.0056998
           5    0.461654    0.473716  0.00534651
           6    0.483963    0.475424   0.0046876
           7    0.494109    0.478093  0.00477713
           8    0.489212    0.479483  0.00436435
           9    0.486961    0.480314  0.00393766
          10    0.467359    0.479018  0.00375265
          11    0.475761    0.478722   0.0034073
          12    0.499787    0.480478  0.00357159
          13    0.468116    0.479527  0.00342021
          14    0.457952    0.477986  0.00352158
          15    0.477017    0.477921  0.00327905
          16    0.469309    0.477383  0.00311413
          17    0.497889    0.478589  0.00316417
          18    0.460003    0.477557  0.00315686
          19    0.475401    0.477443  0.00298824
          20    0.477489    0.477445   0.0028349
          21      0.4688    0.477034  0.00272777
          22    0.497817    0.477978  0.00276709
          23    0.473505    0.477784  0.00265119
          24    0.472218    0.477552  0.00254889
          25    0.498455    0.478388  0.00258383
          26    0.476163    0.478303  0.00248394
          27    0.477814    0.478284  0.00239024
          28    0.464602    0.477796  0.00235456
          29    0.445024    0.476666  0.00253745
          30    0.474094     0.47658  0.00245291
           1    0.489561    0.489561           0
           2    0.483008    0.486284  0.00327675
           3    0.458879    0.477149  0.00932882
           4    0.481535    0.478246  0.00668695
           5    0.474867     0.47757  0.00522358
           6    0.483302    0.478525  0.00437073
           7     0.46918     0.47719  0.00392778
           8    0.466311     0.47583  0.00366332
           9    0.459133    0.473975  0.00372557
          10    0.466069    0.473184  0.00342476
          11     0.45395    0.471436  0.00355725
          12    0.483401    0.472433  0.00339695
          13    0.468196    0.472107  0.00314169
          14    0.468245    0.471831   0.0029217
          15    0.464791    0.471362  0.00276016
          16    0.457301    0.470483  0.00272735
          17    0.465321    0.470179  0.00257983
          18    0.456565    0.469423  0.00254718
          19    0.456803    0.468759  0.00249927
          20    0.468521    0.468747  0.00237105
          21    0.474358    0.469014  0.00227109
          22    0.477237    0.469388  0.00219742
          23     0.47716    0.469726  0.00212673
          24    0.465896    0.469566  0.00204243
          25    0.483411     0.47012   0.0020358
          26    0.469755    0.470106  0.00195598
          27    0.467135    0.469996  0.00188536
          28      0.4957    0.470914  0.00203554
          29     0.46411    0.470679  0.00197806
          30    0.477228    0.470898  0.00192341
           1    0.490346    0.490346           0
           2    0.482079    0.486212  0.00413307
           3     0.44717    0.473198   0.0132312
           4     0.45902    0.469654   0.0100048
           5    0.482203    0.472164    0.008146
           6    0.453826    0.469107  0.00731979
           7    0.473752    0.469771  0.00622184
           8    0.458784    0.468398  0.00556053
           9    0.458334    0.467279  0.00502979
          10    0.457331    0.466285  0.00460747
          11    0.442234    0.464098  0.00470632
          12    0.474936    0.465001  0.00439016
          13    0.471105    0.465471  0.00406556
          14     0.47751    0.466331  0.00386096
          15    0.464394    0.466202  0.00359667
          16    0.446594    0.464976  0.00358062
          17    0.457752    0.464551  0.00339014
          18    0.454889    0.464014  0.00324101
          19     0.47185    0.464427  0.00309331
          20    0.474157    0.464913  0.00297463
          21    0.450316    0.464218  0.00291357
          22    0.446067    0.463393  0.00289791
          23    0.471987    0.463767  0.00279415
          24    0.485289    0.464663  0.00282149
          25    0.467635    0.464782  0.00270889
          26    0.450567    0.464236  0.00265942
          27    0.467607     0.46436  0.00256207
          28      0.4632    0.464319  0.00246922
          29    0.431919    0.463202   0.0026315
          30    0.477666    0.463684  0.00258759
           1    0.443946    0.443946           0
           2    0.450382    0.447164  0.00321819
           3    0.426567    0.440298  0.00711243
           4    0.457216    0.444528  0.00657124
           5    0.450067    0.445636  0.00520923
           6    0.453054    0.446872  0.00442939
           7    0.447034    0.446895  0.00374359
           8    0.438172    0.445805  0.00342048
           9    0.459396    0.447315  0.00337348
          10    0.475553    0.450139   0.0041326
          11    0.460759    0.451104  0.00386075
          12    0.453751    0.451325  0.00353126
          13    0.466398    0.452484  0.00344903
          14    0.457572    0.452848  0.00321379
          15    0.457726    0.453173   0.0030095
          16    0.444006      0.4526  0.00287284
          17    0.465437    0.453355  0.00280221
          18    0.458863    0.453661  0.00265961
          19    0.447424    0.453333  0.00253707
          20    0.446441    0.452988  0.00243142
          21    0.479015    0.454228  0.00262389
          22    0.434573    0.453334  0.00265651
          23    0.461892    0.453706  0.00256551
          24    0.456246    0.453812  0.00245857
          25    0.474234    0.454629  0.00249565
          26    0.451268      0.4545  0.00240122
          27    0.475455    0.455276  0.00243744
          28    0.435821    0.454581  0.00244939
          29    0.454433    0.454576  0.00236343
          30    0.445717    0.454281  0.00230231
           1    0.446366    0.446366           0
           2    0.445822    0.446094 0.000271798
           3    0.447868    0.446685 0.000611669
           4    0.444042    0.446025 0.000789722
           5    0.451732    0.447166  0.00129501
           6    0.436064    0.445316  0.00213112
           7    0.451166    0.446152  0.00198562
           8    0.454896    0.447245  0.00203762
           9    0.457642      0.4484   0.0021363
          10     0.44927    0.448487  0.00191274
          11    0.441851    0.447884  0.00183229
          12    0.458905    0.448802  0.00190821
          13    0.455055    0.449283  0.00182002
          14    0.465483     0.45044  0.00204405
          15    0.463481     0.45131  0.00209209
          16    0.427394    0.449815  0.00246252
          17    0.437461    0.449088  0.00242459
          18    0.444006    0.448806   0.0023033
          19    0.436104    0.448137  0.00227896
          20    0.448626    0.448162  0.00216215
          21    0.465722    0.448998   0.0022201
          22      0.4485    0.448975  0.00211691
          23    0.445916    0.448842  0.00202714
          24    0.457543    0.449205  0.00197441
          25    0.465032    0.449838  0.00199681
          26    0.443522    0.449595  0.00193379
          27    0.445626    0.449448  0.00186659
          28    0.439217    0.449083  0.00183543
          29    0.456766    0.449347  0.00179071
          30    0.464877    0.449865  0.00180578
           1    0.422765    0.422765           0
           2    0.449786    0.436275   0.0135108
           3    0.418902    0.430484   0.0097152
           4    0.453681    0.436283  0.00899011
           5    0.431447    0.435316  0.00703057
           6     0.45024    0.437803  0.00625613
           7    0.425801    0.436089  0.00555847
           8    0.423694    0.434539  0.00505696
           9    0.438018    0.434926  0.00447654
          10    0.435884    0.435022  0.00400509
          11     0.43682    0.435185  0.00362642
          12     0.44871    0.436312  0.00349705
          13    0.422893     0.43528  0.00337838
          14    0.424133    0.434484  0.00322753
          15    0.436473    0.434616   0.0030076
          16     0.44285    0.435131  0.00286002
          17    0.431524    0.434919  0.00269489
          18    0.451794    0.435856  0.00270822
          19    0.436768    0.435904  0.00256217
          20    0.447433    0.436481  0.00249811
          21    0.454749    0.437351   0.0025304
          22    0.452657    0.438046  0.00251096
          23    0.443071    0.438265  0.00240923
          24    0.417904    0.437416  0.00245772
          25    0.436139    0.437365  0.00235791
          26    0.432611    0.437183  0.00227278
          27    0.438904    0.437246  0.00218791
          28    0.428331    0.436928  0.00213223
          29    0.425222    0.436524  0.00209662
          30    0.435573    0.436492  0.00202577
           1    0.443279    0.443279           0
           2    0.427949    0.435614   0.0076648
           3    0.413946    0.428391  0.00847048
           4    0.430669    0.428961  0.00601654
           5    0.424361    0.428041  0.00475032
           6    0.435962    0.429361  0.00409716
           7     0.42886    0.429289  0.00346347
           8    0.424186    0.428651  0.00306655
           9    0.408668    0.426431  0.00349918
          10    0.431762    0.426964  0.00317484
          11    0.433745    0.427581  0.00293717
          12     0.43745    0.428403  0.00280457
          13    0.442316    0.429473    0.002793
          14     0.44018    0.430238  0.00269654
          15    0.427413     0.43005  0.00251739
          16    0.421583    0.429521  0.00241352
          17    0.426962     0.42937   0.0022721
          18    0.406123    0.428079  0.00250137
          19    0.444599    0.428948  0.00252076
          20     0.43586    0.429294  0.00241624
          21     0.42952    0.429304  0.00229833
          22    0.425634    0.429138  0.00219772
          23    0.435042    0.429394  0.00211562
          24    0.421519    0.429066  0.00205196
          25    0.428263    0.429034  0.00196843
          26    0.437947    0.429377  0.00192202
          27    0.431466    0.429454  0.00185109
          28    0.441637    0.429889  0.00183605
          29    0.436866     0.43013  0.00178787
          30    0.425717    0.429983   0.0017335
           1    0.425451    0.425451           0
           2    0.431963    0.428707  0.00325615
           3     0.42003    0.425815  0.00344956
           4    0.428119    0.426391  0.00250632
           5    0.407742    0.422661  0.00420478
           6    0.434802    0.424685  0.00398514
           7     0.43847    0.426654  0.00390153
           8    0.445002    0.428947  0.00408372
           9     0.43743     0.42989  0.00372278
          10    0.425471    0.429448  0.00335895
          11    0.430871    0.429577  0.00304103
          12    0.435236    0.430049  0.00281584
          13    0.413122    0.428747  0.00289904
          14    0.430995    0.428907  0.00268879
          15    0.418414    0.428208  0.00259904
          16    0.403993    0.426694  0.00286376
          17    0.427125     0.42672  0.00269015
          18     0.42224    0.426471  0.00254848
          19    0.433902    0.426862  0.00244215
          20      0.4165    0.426344  0.00237405
          21    0.433783    0.426698  0.00228579
          22    0.429599     0.42683   0.0021834
          23    0.428269    0.426893  0.00208725
          24    0.414653    0.426383  0.00206243
          25    0.432123    0.426612   0.0019915
          26    0.424499    0.426531  0.00191509
          27    0.442861    0.427136  0.00193951
          28    0.429656    0.427226  0.00187113
          29    0.427431    0.427233  0.00180547
          30    0.429195    0.427298  0.00174547
           1    0.408001    0.408001           0
           2    0.410102    0.409051  0.00105037
           3    0.409411    0.409171 0.000618163
           4    0.418214    0.411432  0.00230258
           5     0.40487     0.41012  0.00221435
           6    0.428324    0.413154  0.00353192
           7    0.428297    0.415317  0.00368651
           8    0.407142    0.414295  0.00335218
           9    0.417471    0.414648  0.00297734
          10    0.418604    0.415044  0.00269224
          11    0.424159    0.415872  0.00257235
          12    0.412778    0.415614  0.00236234
          13    0.418124    0.415807   0.0021816
          14    0.418706    0.416015  0.00203035
          15    0.414306    0.415901  0.00189358
          16    0.410352    0.415554  0.00180491
          17    0.400847    0.414689  0.00190337
          18    0.410812    0.414473   0.0018074
          19    0.413546    0.414425  0.00171032
          20    0.393983    0.413403  0.00191763
          21    0.419801    0.413707   0.0018493
          22    0.426587    0.414293  0.00185789
          23    0.412865    0.414231  0.00177636
          24     0.41725    0.414356  0.00170538
          25    0.410814    0.414215  0.00164188
          26    0.408441    0.413993  0.00159302
          27    0.409036    0.413809  0.00154384
          28    0.415301    0.413862  0.00148863
          29    0.413742    0.413858  0.00143639
          30    0.402869    0.413492  0.00143521
           1    0.409761    0.409761           0
           2    0.400537    0.405149  0.00461202
           3    0.406589    0.405629  0.00270567
           4    0.399429    0.404079  0.00246222
           5    0.408158    0.404895  0.00207433
           6    0.408219    0.405449  0.00178201
           7    0.420254    0.407564  0.00259648
           8    0.397921    0.406359  0.00255128
           9    0.413151    0.407113  0.00237321
          10     0.41041    0.407443  0.00214812
          11    0.408812    0.407567  0.00194702
          12    0.407452    0.407558  0.00177741
          13    0.403518    0.407247  0.00166424
          14    0.412978    0.407656  0.00159424
          15    0.402536    0.407315   0.0015229
          16    0.414786    0.407782  0.00149912
          17    0.409492    0.407883  0.00141176
          18    0.399615    0.407423  0.00140804
          19    0.407721    0.407439  0.00133197
          20    0.416294    0.407882  0.00133894
          21    0.423971    0.408648  0.00148628
          22    0.405417    0.408501   0.0014247
          23    0.410011    0.408567  0.00136293
          24    0.410472    0.408646  0.00130732
          25    0.402289    0.408392  0.00127946
          26    0.408117    0.408381  0.00122931
          27    0.395322    0.407898  0.00127797
          28     0.41102    0.408009  0.00123652
          29    0.410629    0.408099  0.00119654
          30    0.407507     0.40808  0.00115613
           1    0.411594    0.411594           0
           2    0.394208    0.402901  0.00869262
           3    0.418121    0.407974  0.00713629
           4    0.398599     0.40563  0.00556388
           5    0.390181    0.402541    0.005303
           6    0.405766    0.403078  0.00436312
           7    0.402011    0.402926  0.00369065
           8    0.410291    0.403846  0.00332615
           9    0.407532    0.404256  0.00296185
          10    0.411362    0.404967  0.00274282
          11    0.403979    0.404877   0.0024826
          12    0.401958    0.404634  0.00227931
          13    0.399218    0.404217  0.00213765
          14     0.40345    0.404162  0.00197984
          15    0.400987     0.40395  0.00185524
          16    0.394791    0.403378  0.00182741
          17    0.405854    0.403524  0.00172272
          18     0.39572     0.40309  0.00168106
          19    0.412198    0.403569  0.00166081
          20    0.401798    0.403481  0.00157807
          21    0.397109    0.403177  0.00153141
          22     0.40709    0.403355  0.00147093
          23    0.402194    0.403305  0.00140643
          24    0.400456    0.403186  0.00135178
          25    0.405647    0.403285  0.00130031
          26     0.40014    0.403164  0.00125514
          27    0.414558    0.403586  0.00127936
          28    0.410361    0.403828  0.00125635
          29    0.409116     0.40401  0.00122589
          30    0.397558    0.403795  0.00120369
           1    0.404985    0.404985           0
           2    0.395648    0.400317  0.00466829
           3    0.375829    0.392154   0.0085959
           4    0.390224    0.391672  0.00609735
           5    0.400908    0.393519  0.00507137
           6    0.394825    0.393736  0.00414647
           7    0.391176    0.393371  0.00352344
           8    0.380119    0.391714  0.00347203
           9    0.400882    0.392733  0.00322701
          10     0.38924    0.392384  0.00290739
          11    0.396403    0.392749   0.0026551
          12     0.40257    0.393567  0.00255822
          13    0.404198    0.394385  0.00249124
          14    0.409505    0.395465  0.00254678
          15     0.38946    0.395065  0.00240449
          16    0.407617    0.395849  0.00238208
          17    0.384248    0.395167  0.00233933
          18    0.400306    0.395452  0.00222394
          19    0.398351    0.395605  0.00210916
          20      0.3967     0.39566  0.00200168
          21    0.395443    0.395649    0.001904
          22    0.389495     0.39537  0.00183683
          23    0.394623    0.395337  0.00175545
          24    0.401117    0.395578  0.00169788
          25    0.391164    0.395401  0.00163809
          26     0.39329     0.39532  0.00157592
          27    0.393399    0.395249   0.0015181
          28    0.389207    0.395033  0.00147871
          29    0.382364    0.394596   0.0014922
          30    0.407328    0.395021  0.00150277
           1    0.381055    0.381055           0
           2    0.391129    0.386092   0.0050368
           3    0.386364    0.386183  0.00290942
           4    0.393152    0.387925  0.00269598
           5    0.395559    0.389452  0.00258686
           6    0.387973    0.389205  0.00212649
           7    0.386655    0.388841  0.00183376
           8     0.40072    0.390326  0.00217415
           9    0.379894    0.389167  0.00224053
          10    0.390386    0.389289   0.0020077
          11    0.384069    0.388814  0.00187699
          12     0.38189    0.388237  0.00180799
          13    0.383225    0.387852  0.00170722
          14    0.380186    0.387304  0.00167274
          15    0.387096     0.38729   0.0015573
          16    0.372685    0.386377  0.00171911
          17    0.390929    0.386645  0.00163686
          18    0.381465    0.386357  0.00156985
          19    0.385609    0.386318  0.00148545
          20    0.388894    0.386447   0.0014151
          21    0.363926    0.385374  0.00172101
          22     0.38344    0.385286  0.00164327
          23     0.40448    0.386121  0.00177818
          24    0.377568    0.385765  0.00173938
          25    0.385277    0.385745  0.00166847
          26    0.387369    0.385807  0.00160423
          27    0.386527    0.385834   0.0015439
          28    0.393856    0.386121  0.00151508
          29    0.386077    0.386119   0.0014619
          30    0.390947     0.38628  0.00142147
           1    0.379415    0.379415           0
           2    0.374319    0.376867  0.00254775
           3    0.380421    0.378052  0.00188879
           4      0.3734    0.376889  0.00177086
           5    0.384278    0.378367  0.00201628
           6    0.365526    0.376227  0.00270012
           7    0.376386    0.376249  0.00228213
           8    0.380926    0.376834  0.00206102
           9    0.372637    0.376368  0.00187652
          10     0.38458    0.377189  0.00186857
          11    0.383048    0.377722  0.00177214
          12    0.378191    0.377761  0.00161821
          13    0.381254    0.378029  0.00151259
          14    0.384979    0.378526  0.00148577
          15    0.378811    0.378545  0.00138331
          16    0.383323    0.378843  0.00132798
          17    0.386755    0.379309  0.00133141
          18    0.391034     0.37996  0.00141423
          19    0.387124    0.380337  0.00138985
          20    0.378525    0.380247  0.00132164
          21    0.388498     0.38064  0.00131711
          22    0.368595    0.380092  0.00136996
          23    0.379097    0.380049  0.00130975
          24    0.387783    0.380371  0.00129473
          25    0.368066    0.379879  0.00133585
          26    0.383153    0.380005  0.00128961
          27    0.384853    0.380184  0.00125385
          28    0.376211    0.380042  0.00121654
          29    0.382122    0.380114  0.00117603
          30    0.369081    0.379746   0.0011942
           1    0.377284    0.377284           0
           2    0.376877     0.37708 0.000203346
           3    0.362482    0.372214  0.00486759
           4    0.371618    0.372065  0.00344513
           5    0.366169    0.370886  0.00291756
           6    0.376446    0.371812  0.00255607
           7    0.374658    0.372219  0.00219818
           8    0.380084    0.373202  0.00214257
           9    0.369649    0.372807  0.00193037
          10    0.376053    0.373132  0.00175682
          11    0.377443    0.373524  0.00163672
          12    0.369896    0.373222  0.00152439
          13    0.371916    0.373121  0.00140583
          14    0.378023    0.373471  0.00134781
          15    0.369179    0.373185  0.00128696
          16     0.37651    0.373393  0.00122164
          17    0.382295    0.373917  0.00126136
          18    0.370816    0.373744  0.00120163
          19    0.374903    0.373805  0.00113826
          20    0.363524    0.373291  0.00119597
          21    0.375116    0.373378   0.0011409
          22     0.36319    0.372915  0.00118228
          23     0.36355    0.372508  0.00120084
          24    0.369541    0.372384  0.00115635
          25    0.371601    0.372353  0.00110957
          26    0.378948    0.372607   0.0010958
          27    0.370881    0.372543  0.00105637
          28     0.36726    0.372354  0.00103528
          29    0.371828    0.372336 0.000999112
          30    0.382856    0.372687  0.00102696
           1    0.360477    0.360477           0
           2    0.367466    0.363972  0.00349444
           3    0.364668    0.364204  0.00203084
           4    0.369951    0.365641  0.00203135
           5    0.366165    0.365745  0.00157696
           6    0.366262    0.365831  0.00129045
           7    0.365909    0.365843  0.00109069
           8    0.359583     0.36506  0.00122658
           9    0.362549    0.364781  0.00111715
          10    0.363326    0.364636  0.00100974
          11    0.365159    0.364683 0.000914586
          12    0.367797    0.364943 0.000874289
          13    0.355713    0.364233  0.00107278
          14    0.364826    0.364275 0.000994104
          15    0.363547    0.364226 0.000926732
          16      0.3708    0.364637 0.000959317
          17    0.368648    0.364873 0.000931491
          18    0.354555      0.3643  0.00104873
          19    0.366956     0.36444   0.0010018
          20    0.369472    0.364691 0.000983128
          21    0.358876    0.364414 0.000975281
          22    0.364446    0.364416 0.000929895
          23    0.363874    0.364392 0.000888858
          24    0.352056    0.363878 0.000994209
          25    0.364436    0.363901 0.000953872
          26    0.370881    0.364169  0.00095497
          27    0.369234    0.364357 0.000937874
          28    0.364564    0.364364 0.000903789
          29    0.368493    0.364506  0.00088361
          30    0.359156    0.364328 0.000872079
           1    0.355467    0.355467           0
           2    0.364518    0.359993  0.00452554
           3    0.360915      0.3603  0.00263083
           4    0.364074    0.361243  0.00208588
           5     0.35625    0.360245  0.00189945
           6     0.36332    0.360757  0.00163338
           7    0.366505    0.361578  0.00160623
           8    0.361868    0.361615  0.00139151
           9    0.349507    0.360269  0.00182093
          10    0.358494    0.360092  0.00163834
          11    0.352019    0.359358  0.00165371
          12    0.352914    0.358821   0.0016023
          13    0.357283    0.358703  0.00147864
          14    0.356221    0.358525  0.00138039
          15    0.355017    0.358291  0.00130618
          16    0.360007    0.358399  0.00122652
          17    0.351594    0.357998  0.00121967
          18    0.346821    0.357377  0.00130687
          19    0.356146    0.357313  0.00123788
          20    0.358799    0.357387   0.0011767
          21    0.357742    0.357404   0.0011194
          22    0.365796    0.357785  0.00113343
          23    0.360972    0.357924  0.00109185
          24    0.354631    0.357787  0.00105434
          25    0.352315    0.357568  0.00103469
          26    0.355837    0.357501 0.000996329
          27    0.357066    0.357485 0.000958854
          28    0.345452    0.357055  0.00101902
          29    0.353866    0.356945 0.000989387
          30    0.352107    0.356784 0.000969347
           1    0.357744    0.357744           0
           2    0.336277     0.34701   0.0107336
           3    0.357013    0.350344  0.00703713
           4    0.356093    0.351782  0.00517941
           5    0.348316    0.351089  0.00407138
           6    0.354648    0.351682  0.00337679
           7    0.352977    0.351867   0.0028599
           8    0.340733    0.350475  0.00284096
           9    0.350879     0.35052   0.0025059
          10    0.346373    0.350105  0.00227938
          11    0.354783     0.35053  0.00210518
          12    0.352295    0.350678  0.00192737
          13    0.356212    0.351103  0.00182333
          14    0.348965     0.35095  0.00169497
          15    0.342895    0.350413  0.00166681
          16    0.343123    0.349958  0.00162438
          17    0.347512    0.349814   0.0015326
          18    0.348646    0.349749  0.00144641
          19    0.349784    0.349751  0.00136817
          20    0.352204    0.349874  0.00130374
          21    0.354777    0.350107  0.00126189
          22    0.344912    0.349871  0.00122612
          23    0.343288    0.349585  0.00120605
          24    0.345606    0.349419  0.00116655
          25    0.352087    0.349526  0.00112399
          26    0.349882    0.349539  0.00107998
          27    0.352415    0.349646  0.00104466
          28    0.351605    0.349716  0.00100908
          29    0.352214    0.349802 0.000977471
          30    0.354753    0.349967 0.000958637
           1     0.33607     0.33607           0
           2    0.340602    0.338336  0.00226587
           3    0.340549    0.339073  0.00150187
           4    0.340412    0.339408  0.00111344
           5    0.340939    0.339714 0.000915225
           6    0.331383    0.338326   0.0015768
           7    0.353314    0.340467    0.002522
           8     0.34813    0.341425  0.00238493
           9    0.349603    0.342334  0.00229123
          10    0.345188    0.342619  0.00206913
          11    0.344889    0.342825  0.00188294
          12     0.34036     0.34262  0.00173112
          13    0.336367    0.342139  0.00166345
          14    0.336414     0.34173  0.00159342
          15    0.339855    0.341605  0.00148865
          16    0.340449    0.341533  0.00139438
          17    0.344196     0.34169  0.00131913
          18    0.342788    0.341751  0.00124518
          19    0.337572    0.341531  0.00119818
          20    0.349382    0.341923  0.00120257
          21    0.347665    0.342197  0.00117609
          22    0.340784    0.342132   0.0011232
          23    0.347309    0.342357   0.0010966
          24     0.34813    0.342598  0.00107711
          25    0.348295    0.342826  0.00105797
          26      0.3397    0.342706  0.00102355
          27    0.335946    0.342455  0.00101622
          28    0.339913    0.342364  0.00098346
          29    0.344419    0.342435 0.000951582
          30    0.335508    0.342204 0.000947872
           1    0.338174    0.338174           0
           2    0.339211    0.338693 0.000518555
           3    0.339617    0.339001 0.000429687
           4    0.342216    0.339805 0.000859219
           5    0.341247    0.340093 0.000725388
           6    0.332518     0.33883   0.0013946
           7    0.328561    0.337363  0.00188191
           8    0.333449    0.336874  0.00170165
           9    0.337211    0.336911  0.00150118
          10    0.339396     0.33716   0.0013655
          11     0.33411    0.336883  0.00126587
          12    0.331069    0.336398  0.00125301
          13    0.330731    0.335962  0.00123228
          14    0.344936    0.336603  0.00130858
          15    0.331381    0.336255    0.001267
          16    0.335449    0.336205  0.00118624
          17    0.341559     0.33652  0.00115793
          18      0.3359    0.336485  0.00109225
          19    0.330884     0.33619   0.0010744
          20    0.327393    0.335751  0.00111013
          21    0.332384     0.33559  0.00106804
          22     0.33542    0.335583  0.00101837
          23     0.33186    0.335421  0.00098645
          24    0.335894     0.33544 0.000944659
          25    0.327347    0.335117 0.000962188
          26    0.328033    0.334844 0.000963748
          27      0.3291    0.334631 0.000951456
          28    0.346855    0.335068  0.00101548
          29    0.335629    0.335087  0.00098003
          30     0.34229    0.335327 0.000976766
           1    0.329534    0.329534           0
           2    0.334913    0.332224  0.00268978
           3     0.33391    0.332786  0.00165156
           4    0.336829    0.333796  0.00154446
           5    0.329182    0.332873  0.00151099
           6    0.325972    0.331723  0.00168673
           7    0.327455    0.331113  0.00155047
           8    0.329892    0.330961   0.0013514
           9    0.329397    0.330787  0.00120441
          10    0.335244    0.331233  0.00116583
          11    0.327263    0.330872  0.00111456
          12    0.322141    0.330144  0.00125081
          13    0.328365    0.330008  0.00115869
          14    0.334489    0.330328  0.00111949
          15    0.324869    0.329964   0.0011039
          16    0.329416    0.329929  0.00103318
          17    0.325976    0.329697 0.000997978
          18    0.332473    0.329851 0.000953462
          19    0.320571    0.329363  0.00102565
          20    0.330498     0.32942 0.000974667
          21    0.332691    0.329575 0.000940094
          22    0.325991    0.329412 0.000911029
          23    0.336411    0.329717 0.000922161
          24    0.328248    0.329655 0.000885021
          25    0.330843    0.329703 0.000850209
          26    0.329308    0.329688 0.000816996
          27    0.325604    0.329536  0.00080057
          28    0.333005     0.32966 0.000781332
          29    0.332976    0.329775 0.000762527
          30    0.326404    0.329662  0.00074519
           1    0.328922    0.328922           0
           2    0.315151    0.322036  0.00688539
           3    0.321761    0.321944  0.00397634
           4    0.318398    0.321058  0.00294814
           5    0.320446    0.320935   0.0022869
           6    0.324154    0.321472  0.00194279
           7    0.329093    0.322561   0.0019701
           8    0.324766    0.322836  0.00172829
           9    0.317463    0.322239  0.00163697
          10    0.318405    0.321856  0.00151351
          11    0.320517    0.321734  0.00137442
          12    0.325727    0.322067  0.00129805
          13    0.321702    0.322039  0.00119436
          14    0.320046    0.321897  0.00111489
          15    0.320891     0.32183  0.00104006
          16    0.321802    0.321828 0.000972892
          17    0.323699    0.321938  0.00092048
          18    0.323972    0.322051 0.000875159
          19    0.324613    0.322186 0.000838724
          20    0.324783    0.322316 0.000806213
          21    0.319731    0.322193 0.000776679
          22    0.326277    0.322378 0.000763449
          23    0.313437    0.321989 0.000826617
          24     0.32115    0.321954 0.000792197
          25    0.323465    0.322015 0.000762248
          26    0.323451     0.32207 0.000734422
          27    0.321693    0.322056 0.000706836
          28    0.318829    0.321941 0.000690809
          29    0.316792    0.321763 0.000689805
          30    0.324983    0.321871 0.000675001
           1    0.309278    0.309278           0
           2    0.310969    0.310123 0.000845377
           3    0.310605    0.310284 0.000513772
           4    0.320217    0.312767  0.00250968
           5    0.317609    0.313736  0.00217188
           6    0.316956    0.314272  0.00185277
           7    0.317652    0.314755  0.00163862
           8    0.317659    0.315118  0.00146478
           9    0.316275    0.315247   0.0012982
          10    0.310895    0.314811  0.00124001
          11    0.315837    0.314905   0.0011255
          12    0.316741    0.315058  0.00103877
          13    0.310422    0.314701  0.00101991
          14    0.314819    0.314709 0.000944286
          15    0.317975    0.314927 0.000905642
          16    0.307353    0.314454 0.000970452
          17    0.313021     0.31437 0.000915468
          18    0.306009    0.313905 0.000980162
          19       0.323    0.314384  0.00104342
          20    0.316085    0.314469 0.000993527
          21    0.319284    0.314698 0.000972458
          22    0.314277    0.314679   0.0009274
          23    0.314345    0.314664  0.00088628
          24    0.313817    0.314629 0.000849282
          25    0.309691    0.314432 0.000838207
          26    0.313836    0.314409 0.000805649
          27    0.315787     0.31446 0.000776914
          28    0.316684    0.314539 0.000752858
          29    0.313319    0.314497  0.00072765
          30    0.320428    0.314695 0.000730248
           1    0.301548    0.301548           0
           2    0.305442    0.303495  0.00194697
           3    0.305467    0.304153  0.00130222
           4    0.315141      0.3069  0.00289743
           5    0.306146    0.306749   0.0022494
           6    0.312345    0.307682  0.00205988
           7    0.312058    0.308307  0.00184977
           8    0.311343    0.308686  0.00164629
           9    0.311816    0.309034  0.00149296
          10    0.310849    0.309216  0.00134763
          11    0.312028    0.309471   0.0012455
          12    0.315826    0.310001  0.00125426
          13    0.313321    0.310256  0.00118167
          14    0.309018    0.310168  0.00109758
          15    0.305871    0.309881  0.00106119
          16    0.309983    0.309888 0.000992675
          17    0.315759    0.310233 0.000994357
          18    0.308826    0.310155 0.000940742
          19     0.30752    0.310016 0.000900594
          20    0.306552    0.309843 0.000871763
          21    0.307786    0.309745  0.00083498
          22    0.316829    0.310067 0.000858768
          23    0.309281    0.310033 0.000821292
          24    0.312273    0.310126 0.000791847
          25    0.313211     0.31025 0.000769473
          26    0.311295     0.31029 0.000740378
          27    0.311692    0.310342  0.00071432
          28    0.306953    0.310221 0.000698894
          29    0.299451    0.309849 0.000769862
          30      0.3125    0.309938 0.000748988
           1     0.30493     0.30493           0
           2    0.306317    0.305623 0.000693863
           3    0.311176    0.307474  0.00189385
           4    0.306592    0.307254  0.00135722
           5    0.303249    0.306453  0.00132169
           6    0.303686    0.305992  0.00117353
           7    0.295598    0.304507  0.00178554
           8    0.293307    0.303107  0.00208591
           9    0.308481    0.303704  0.00193409
          10    0.301768     0.30351  0.00174071
          11    0.298903    0.303092   0.0016293
          12    0.297817    0.302652  0.00155092
          13    0.307557    0.303029  0.00147569
          14     0.30493    0.303165  0.00137295
          15    0.314282    0.303906  0.00147748
          16    0.302069    0.303791  0.00138682
          17    0.301404    0.303651  0.00131024
          18    0.295112    0.303177  0.00132326
          19    0.302242    0.303127  0.00125265
          20    0.302278    0.303085  0.00118912
          21     0.30081    0.302977  0.00113626
          22    0.304454    0.303044  0.00108546
          23    0.302743    0.303031  0.00103727
          24    0.297923    0.302818  0.00101566
          25    0.299815    0.302698 0.000981566
          26    0.299943    0.302592 0.000948992
          27    0.302417    0.302585 0.000913191
          28    0.308531    0.302798 0.000905235
          29    0.302383    0.302783 0.000873579
          30    0.302269    0.302766 0.000844132
           1    0.293477    0.293477           0
           2    0.297718    0.295598  0.00212079
           3    0.290597    0.293931  0.00206828
           4    0.295306    0.294275  0.00150235
           5    0.294595    0.294339  0.00116548
           6    0.290842    0.293756  0.00111587
           7    0.297762    0.294328  0.00110316
           8    0.292612    0.294114 0.000979153
           9    0.299531    0.294716  0.00105262
          10    0.299693    0.295213  0.00106496
          11    0.294929    0.295188 0.000963641
          12    0.297542    0.295384 0.000901299
          13    0.292916    0.295194 0.000850522
          14    0.299219    0.295481 0.000838283
          15     0.29994    0.295779   0.0008351
          16    0.295158     0.29574 0.000782127
          17    0.297144    0.295823  0.00073931
          18    0.297755     0.29593 0.000705245
          19    0.296366    0.295953 0.000667489
          20    0.289748    0.295643 0.000705149
          21    0.297194    0.295716 0.000674786
          22    0.293568    0.295619 0.000650754
          23     0.29511    0.295597 0.000622211
          24    0.294676    0.295558 0.000596956
          25     0.29734     0.29563 0.000576998
          26    0.296361    0.295658 0.000555076
          27    0.294734    0.295623 0.000535215
          28    0.297965    0.295707 0.000522482
          29    0.295991    0.295717 0.000504239
          30    0.299063    0.295828 0.000499747
           1    0.295048    0.295048           0
           2    0.290024    0.292536  0.00251201
           3    0.293081    0.292717  0.00146165
           4    0.291265    0.292354  0.00109543
           5     0.29691    0.293266  0.00124502
           6    0.292187    0.293086  0.00103233
           7    0.297931    0.293778  0.00111372
           8    0.293434    0.293735 0.000965467
           9    0.293488    0.293708 0.000851902
          10    0.287036     0.29304  0.00101277
          11    0.293726    0.293103 0.000918199
          12    0.290478    0.292884  0.00086627
          13    0.288325    0.292533  0.00087061
          14     0.28981    0.292339  0.00082917
          15    0.290695    0.292229 0.000779655
          16    0.291265    0.292169 0.000731787
          17    0.289266    0.291998 0.000708284
          18    0.296779    0.292264 0.000718651
          19    0.287737    0.292026 0.000720312
          20    0.294365    0.292143 0.000693291
          21    0.290015    0.292041 0.000667188
          22    0.282702    0.291617 0.000764778
          23    0.296041    0.291809 0.000755661
          24    0.299818    0.292143 0.000796744
          25    0.280944    0.291695 0.000885812
          26    0.294569    0.291805 0.000858207
          27    0.284822    0.291547 0.000865365
          28    0.291595    0.291548 0.000833889
          29     0.28872    0.291451 0.000810511
          30    0.290459    0.291418 0.000783726
           1    0.284219    0.284219           0
           2    0.282373    0.283296 0.000923225
           3    0.288329    0.284974  0.00176019
           4    0.284715    0.284909  0.00124632
           5    0.278322    0.283592  0.00163319
           6    0.281916    0.283312  0.00136243
           7      0.2871    0.283854  0.00127227
           8     0.28435    0.283916  0.00110356
           9    0.279166    0.283388  0.00110711
          10    0.289328    0.283982  0.00115473
          11    0.278383    0.283473   0.0011619
          12    0.278681    0.283074  0.00113335
          13    0.277825     0.28267  0.00111798
          14    0.280265    0.282498   0.0010492
          15    0.286191    0.282744  0.00100729
          16    0.280199    0.282585 0.000955568
          17    0.282608    0.282587 0.000897601
          18    0.281134    0.282506 0.000850107
          19    0.286364    0.282709 0.000829361
          20    0.289423    0.283045 0.000855435
          21    0.281473     0.28297 0.000817114
          22    0.287831    0.283191 0.000809812
          23    0.285129    0.283275  0.00077838
          24     0.28795     0.28347 0.000770274
          25     0.28157    0.283394 0.000742717
          26    0.282839    0.283372 0.000713899
          27     0.28312    0.283363 0.000687013
          28     0.28007    0.283246 0.000672391
          29    0.283559    0.283256 0.000648881
          30    0.285729    0.283339 0.000632272
           1    0.274635    0.274635           0
           2    0.278301    0.276468  0.00183281
           3    0.283548    0.278828  0.00258636
           4    0.276384    0.278217  0.00192826
           5     0.28426    0.279426  0.00192131
           6    0.279058    0.279364  0.00156994
           7    0.280949    0.279591  0.00134603
           8    0.278647    0.279473  0.00117164
           9    0.273177    0.278773  0.00124782
          10    0.273499    0.278246  0.00123443
          11    0.277936    0.278218  0.00111694
          12     0.28532    0.278809  0.00117895
          13    0.283056    0.279136   0.0011326
          14    0.269539    0.278451  0.00125277
          15    0.275468    0.278252  0.00118309
          16    0.278174    0.278247  0.00110669
          17    0.272805    0.277927  0.00108773
          18     0.27446    0.277734  0.00104344
          19    0.280935    0.277903  0.00100127
          20    0.281358    0.278075 0.000965466
          21    0.279215     0.27813 0.000919944
          22    0.277679    0.278109 0.000877371
          23    0.274876    0.277969 0.000850064
          24    0.280221    0.278062 0.000819269
          25    0.278204    0.278068 0.000785836
          26    0.279172    0.278111 0.000756199
          27    0.271861    0.277879 0.000763584
          28    0.277921    0.277881  0.00073581
          29    0.287415    0.278209 0.000782405
          30    0.276077    0.278138 0.000759211
           1    0.268841    0.268841           0
           2    0.269901    0.269371 0.000530171
           3    0.268743    0.269162 0.000370935
           4    0.273257    0.270186  0.00105697
           5    0.267857     0.26972 0.000941926
           6    0.266142    0.269123  0.00097322
           7      0.2755    0.270034  0.00122731
           8    0.270601    0.270105  0.00106524
           9    0.271714    0.270284 0.000956303
          10    0.274544     0.27071 0.000955568
          11    0.272162    0.270842 0.000874371
          12    0.270259    0.270793 0.000799665
          13    0.271671    0.270861 0.000738677
          14    0.272261    0.270961  0.00069116
          15    0.268442    0.270793 0.000664991
          16    0.271569    0.270842 0.000623931
          17    0.274312    0.271046 0.000620627
          18    0.270336    0.271006 0.000586461
          19    0.273861    0.271156 0.000574723
          20    0.277829     0.27149 0.000639198
          21    0.276348    0.271721 0.000650513
          22    0.272887    0.271774 0.000622498
          23    0.281201    0.272184 0.000722339
          24    0.271064    0.272138 0.000693159
          25    0.278637    0.272398 0.000713879
          26    0.276405    0.272552 0.000702981
          27    0.270814    0.272487 0.000679498
          28    0.266869    0.272287 0.000684836
          29    0.268436    0.272154  0.00067401
          30    0.268572    0.272034 0.000662013
           1    0.271555    0.271555           0
           2    0.264781    0.268168  0.00338737
           3     0.26914    0.268492  0.00198238
           4    0.267985    0.268365  0.00140747
           5     0.26599     0.26789  0.00118923
           6    0.268776    0.268038 0.000982162
           7     0.27132    0.268507 0.000953369
           8    0.268173    0.268465 0.000826696
           9    0.266681    0.268267 0.000755542
          10    0.264522    0.267892 0.000772596
          11    0.263586    0.267501 0.000801046
          12    0.261333    0.266987 0.000893797
          13    0.265736    0.266891 0.000827783
          14    0.264806    0.266742 0.000780711
          15    0.260849    0.266349 0.000826175
          16    0.267526    0.266423 0.000776308
          17    0.267452    0.266483 0.000731725
          18    0.264849    0.266392 0.000695824
          19    0.262314    0.266178 0.000692299
          20    0.269073    0.266322 0.000672539
          21    0.266799    0.266345 0.000640114
          22    0.271161    0.266564 0.000648393
          23    0.264987    0.266496 0.000623341
          24    0.264412    0.266409 0.000603086
          25    0.268202     0.26648 0.000582891
          26    0.265771    0.266453 0.000560688
          27    0.273388     0.26671 0.000597534
          28    0.265643    0.266672 0.000577058
          29    0.267754    0.266709 0.000558052
          30    0.268439    0.266767 0.000542205
           1     0.26661     0.26661           0
           2    0.263112    0.264861  0.00174918
           3    0.249016    0.259579  0.00537736
           4    0.260277    0.259754  0.00380636
           5    0.258318    0.259467  0.00296235
           6     0.25902    0.259392  0.00241989
           7    0.261716    0.259724  0.00207196
           8     0.25891    0.259622  0.00179725
           9    0.262913    0.259988  0.00162665
          10    0.263969    0.260386  0.00150839
          11    0.259096    0.260269  0.00136942
          12    0.266162     0.26076   0.0013431
          13    0.260708    0.260756  0.00123548
          14    0.272314    0.261581  0.00141065
          15    0.261893    0.261602  0.00131341
          16    0.264235    0.261767  0.00123956
          17    0.262613    0.261817  0.00116542
          18    0.267139    0.262112  0.00113786
          19    0.258742    0.261935  0.00109083
          20    0.257087    0.261693  0.00106286
          21     0.25629    0.261435   0.0010432
          22    0.261135    0.261422 0.000994747
          23    0.257473     0.26125 0.000965891
          24    0.258187    0.261122 0.000933533
          25    0.265524    0.261298 0.000912555
          26    0.259655    0.261235 0.000879029
          27    0.258291    0.261126 0.000852846
          28    0.264032     0.26123 0.000828349
          29    0.260473    0.261204 0.000799701
          30    0.264848    0.261325 0.000782075
           1    0.262998    0.262998           0
           2     0.25925    0.261124  0.00187394
           3    0.259981    0.260743  0.00114704
           4    0.255507    0.259434  0.00153989
           5    0.255984    0.258744  0.00137803
           6    0.256998    0.258453  0.00116219
           7    0.255742    0.258066  0.00105585
           8    0.257218     0.25796 0.000920518
           9    0.251691    0.257263  0.00106965
          10    0.256334     0.25717 0.000961232
          11    0.253001    0.256791 0.000948504
          12    0.258244    0.256912 0.000874278
          13    0.252163    0.256547 0.000883315
          14    0.248266    0.255956  0.00100928
          15    0.258159    0.256102 0.000951007
          16    0.265242    0.256674  0.00105719
          17    0.249914    0.256276  0.00106972
          18    0.252852    0.256086  0.00102632
          19    0.259051    0.256242 0.000983266
          20    0.250566    0.255958 0.000975023
          21    0.252487    0.255793 0.000942045
          22    0.253576    0.255692 0.000903837
          23     0.25211    0.255536 0.000877576
          24    0.260632    0.255749 0.000866631
          25    0.250045     0.25552 0.000861984
          26    0.260764    0.255722 0.000852371
          27    0.253896    0.255655 0.000822979
          28    0.257695    0.255727 0.000796384
          29    0.251657    0.255587 0.000781147
          30    0.255272    0.255577 0.000754733
           1    0.245848    0.245848           0
           2     0.24504    0.245444 0.000404002
           3    0.249198    0.246695  0.00127287
           4    0.254441    0.248632  0.00213544
           5    0.249576    0.248821  0.00166486
           6    0.248372    0.248746   0.0013614
           7    0.253337    0.249402  0.00132438
           8    0.249914    0.249466  0.00114873
           9    0.252175    0.249767  0.00105685
          10    0.254461    0.250236  0.00105542
          11    0.246689    0.249914  0.00100767
          12    0.249323    0.249865 0.000921186
          13    0.251381    0.249981 0.000855356
          14    0.251205    0.250069 0.000796715
          15    0.256213    0.250478 0.000847293
          16    0.247793     0.25031 0.000810139
          17    0.249157    0.250243  0.00076401
          18    0.256344    0.250582 0.000796094
          19    0.251672    0.250639 0.000755211
          20    0.250496    0.250632 0.000716492
          21    0.252484     0.25072 0.000687203
          22    0.249658    0.250672 0.000656999
          23    0.253108    0.250778 0.000636658
          24    0.253545    0.250893  0.00062036
          25    0.247932    0.250774 0.000606701
          26    0.248774    0.250698 0.000587953
          27    0.251106    0.250713 0.000565961
          28    0.250907     0.25072 0.000545418
          29    0.248431    0.250641 0.000532161
          30    0.245011    0.250453 0.000547296
           1    0.250866    0.250866           0
           2    0.243204    0.247035  0.00383105
           3    0.247902    0.247324  0.00223067
           4    0.246102    0.247019  0.00160662
           5     0.24854    0.247323  0.00128115
           6     0.24535    0.246994  0.00109654
           7    0.243455    0.246488   0.0010557
           8     0.24547    0.246361 0.000923086
           9    0.246402    0.246366 0.000814098
          10    0.242148    0.245944 0.000841499
          11    0.245005    0.245859 0.000765937
          12    0.240944    0.245449 0.000810293
          13    0.246362    0.245519 0.000748666
          14    0.245157    0.245493 0.000693613
          15    0.244597    0.245434 0.000648478
          16    0.250965    0.245779 0.000698184
          17    0.242809    0.245605  0.00067871
          18    0.241638    0.245384 0.000676773
          19    0.249732    0.245613 0.000679828
          20    0.245573    0.245611 0.000644944
          21     0.24739    0.245696 0.000619285
          22    0.247851    0.245794 0.000598538
          23    0.244647    0.245744 0.000574093
          24    0.249968     0.24592 0.000577142
          25    0.248392    0.246019 0.000562337
          26    0.244322    0.245953 0.000544203
          27    0.242015    0.245808 0.000543595
          28    0.245186    0.245785 0.000524291
          29    0.246068    0.245795 0.000505983
          30    0.243158    0.245707 0.000496668
           1    0.241533    0.241533           0
           2    0.240176    0.240855 0.000678832
           3    0.239346    0.240352 0.000637522
           4    0.239544     0.24015 0.000493942
           5     0.24259    0.240638 0.000620061
           6    0.245701    0.241482 0.000984129
           7    0.239851    0.241249  0.00086375
           8    0.240466    0.241151 0.000754404
           9    0.239054    0.240918 0.000704918
          10    0.242131    0.241039 0.000642053
          11      0.2392    0.240872 0.000604349
          12     0.23447    0.240338 0.000767473
          13    0.244564    0.240663 0.000777191
          14    0.237981    0.240472 0.000744612
          15    0.242382    0.240599 0.000704797
          16     0.23962    0.240538 0.000662112
          17    0.237179     0.24034 0.000652575
          18    0.239587    0.240299 0.000616677
          19    0.244042    0.240496  0.00061569
          20    0.241701    0.240556 0.000587198
          21    0.241431    0.240598 0.000560088
          22    0.241624    0.240644 0.000536056
          23    0.237926    0.240526 0.000525675
          24      0.2374    0.240396  0.00051988
          25    0.237997      0.2403 0.000507797
          26    0.242279    0.240376 0.000493778
          27    0.242869    0.240468  0.00048403
          28    0.240697    0.240476 0.000466495
          29    0.246246    0.240675 0.000492135
          30    0.246784    0.240879  0.00051721
           1    0.236114    0.236114           0
           2     0.23854    0.237327  0.00121281
           3    0.235033    0.236562  0.00103676
           4    0.233947    0.235909 0.000982269
           5    0.236914     0.23611 0.000786975
           6    0.237626    0.236362 0.000690457
           7     0.23235    0.235789 0.000817944
           8    0.235496    0.235753 0.000709308
           9    0.239482    0.236167 0.000750337
          10     0.23613    0.236163 0.000671132
          11    0.231935    0.235779 0.000718542
          12    0.235831    0.235783 0.000655951
          13    0.234142    0.235657 0.000616452
          14    0.234145    0.235549 0.000580849
          15    0.237971     0.23571 0.000564334
          16    0.237191    0.235803 0.000535936
          17    0.233025     0.23564 0.000529272
          18     0.23814    0.235779 0.000517984
          19    0.236183      0.2358 0.000490427
          20    0.233828    0.235701 0.000475588
          21    0.235594    0.235696 0.000452403
          22    0.234876    0.235659 0.000432959
          23    0.237011    0.235718 0.000417864
          24    0.231115    0.235526 0.000443665
          25    0.232531    0.235406  0.00044209
          26    0.238742    0.235534 0.000443697
          27    0.239493    0.235681 0.000451425
          28    0.230061     0.23548 0.000479073
          29    0.234948    0.235462 0.000462623
          30    0.235793    0.235473 0.000447073
           1    0.230408    0.230408           0
           2    0.229039    0.229723 0.000684682
           3    0.228202    0.229216  0.00064292
           4     0.23172    0.229842 0.000773591
           5    0.234553    0.230784  0.00111658
           6    0.229442    0.230561 0.000938747
           7    0.233364    0.230961 0.000888732
           8    0.230859    0.230948 0.000769771
           9    0.232553    0.231127 0.000701896
          10    0.229045    0.230918 0.000661389
          11    0.233727    0.231174 0.000650442
          12    0.233725    0.231386 0.000630698
          13    0.235206     0.23168 0.000650329
          14     0.22917    0.231501 0.000628224
          15    0.225186     0.23108 0.000720614
          16    0.228376    0.230911 0.000694933
          17    0.235924    0.231206 0.000716304
          18    0.229924    0.231135 0.000679082
          19    0.229217    0.231034 0.000650226
          20    0.231322    0.231048 0.000617027
          21    0.230543    0.231024 0.000587403
          22    0.227959    0.230885 0.000577133
          23    0.228907    0.230799 0.000558135
          24    0.236085    0.231019 0.000577983
          25    0.232347    0.231072 0.000556922
          26    0.227743    0.230944 0.000550184
          27    0.231171    0.230952 0.000529481
          28    0.235018    0.231098 0.000530482
          29    0.230486    0.231077 0.000512297
          30    0.229882    0.231037 0.000496525
           1    0.229513    0.229513           0
           2    0.230561    0.230037 0.000524346
           3    0.232793    0.230956 0.000967373
           4    0.232362    0.231307  0.00076908
           5    0.224641    0.229974  0.00146041
           6    0.227746    0.229603   0.0012489
           7    0.230558    0.229739   0.0010643
           8    0.227236    0.229426 0.000973366
           9    0.228797    0.229356 0.000861274
          10    0.228855    0.229306 0.000771979
          11    0.224572    0.228876 0.000820272
          12    0.226565    0.228683 0.000773163
          13    0.228039    0.228634 0.000712932
          14    0.227514    0.228554 0.000664873
          15      0.2276     0.22849 0.000622223
          16    0.225037    0.228274 0.000620752
          17    0.218887    0.227722  0.00080305
          18    0.228634    0.227773 0.000758818
          19    0.226203     0.22769  0.00072251
          20    0.230003    0.227806 0.000695117
          21    0.223644    0.227608 0.000690244
          22    0.228299    0.227639 0.000658873
          23    0.230753    0.227774 0.000643964
          24    0.226836    0.227735 0.000617787
          25    0.228723    0.227775 0.000593877
          26     0.22571    0.227695 0.000576077
          27    0.225837    0.227627 0.000558589
          28    0.226499    0.227586 0.000539775
          29    0.226298    0.227542 0.000522721
          30    0.226366    0.227503 0.000506515
           1     0.21893     0.21893           0
           2    0.218321    0.218626 0.000304811
           3    0.226176    0.221142  0.00252298
           4    0.219975    0.220851  0.00180773
           5     0.21492    0.219664   0.0018351
           6    0.222275      0.2201  0.00156025
           7    0.223095    0.220527  0.00138633
           8    0.217659    0.220169  0.00125298
           9    0.220901     0.22025  0.00110802
          10    0.219683    0.220194 0.000992663
          11    0.222122    0.220369 0.000914861
          12    0.220942    0.220417 0.000836515
          13    0.218785    0.220291 0.000779656
          14    0.220179    0.220283 0.000721865
          15    0.221126    0.220339 0.000674368
          16    0.222383    0.220467 0.000643611
          17    0.221316    0.220517 0.000606628
          18    0.219271    0.220448 0.000576108
          19     0.22328    0.220597 0.000564958
          20    0.222454     0.22069 0.000543948
          21    0.219594    0.220638 0.000520019
          22    0.217013    0.220473 0.000522472
          23    0.229727    0.220875 0.000641193
          24    0.219096    0.220801 0.000618357
          25    0.217171    0.220656  0.00061062
          26    0.221358    0.220683 0.000587286
          27     0.22205    0.220733 0.000567382
          28    0.228474     0.22101 0.000612655
          29    0.217763    0.220898 0.000601662
          30    0.220626    0.220889 0.000581332
           1    0.221736    0.221736           0
           2    0.223686    0.222711  0.00097466
           3    0.216648     0.22069  0.00209799
           4    0.213084    0.218788  0.00241173
           5    0.218596     0.21875  0.00186852
           6    0.219307    0.218843  0.00152846
           7    0.214829    0.218269  0.00141331
           8    0.216166    0.218006  0.00125187
           9     0.21612    0.217797  0.00112378
          10    0.214061    0.217423  0.00107233
          11    0.218292    0.217502 0.000973171
          12    0.221037    0.217797 0.000935944
          13    0.220914    0.218037 0.000893716
          14    0.215088    0.217826 0.000853798
          15    0.223539    0.218207 0.000881397
          16    0.215121    0.218014 0.000846722
          17     0.22092    0.218185 0.000813517
          18    0.213889    0.217946 0.000803264
          19    0.212879     0.21768 0.000805268
          20    0.214024    0.217497 0.000785507
          21    0.216795    0.217463 0.000747914
          22    0.215432    0.217371  0.00071906
          23     0.21185    0.217131  0.00072781
          24    0.221724    0.217322 0.000722627
          25    0.215074    0.217232  0.00069893
          26    0.217429     0.21724 0.000671553
          27    0.218295    0.217279 0.000647383
          28    0.217092    0.217272 0.000623869
          29    0.221192    0.217407 0.000616961
          30    0.220144    0.217499 0.000602982
           1     0.21559     0.21559           0
           2    0.214085    0.214837 0.000752685
           3     0.21055    0.213408  0.00149388
           4    0.214299    0.213631  0.00107957
           5    0.217878     0.21448  0.00119192
           6    0.215837    0.214706 0.000999125
           7     0.21299    0.214461 0.000879293
           8    0.212101    0.214166 0.000816651
           9    0.211031    0.213818 0.000800054
          10    0.215203    0.213956 0.000728869
          11    0.214741    0.214028 0.000663136
          12    0.215639    0.214162 0.000620077
          13    0.217135    0.214391 0.000614534
          14    0.214268    0.214382 0.000569015
          15    0.209064    0.214027  0.00063741
          16    0.213187    0.213975  0.00059855
          17    0.213257    0.213933 0.000563824
          18    0.214774    0.213979  0.00053363
          19    0.212195    0.213885 0.000513426
          20    0.208549    0.213619 0.000555369
          21    0.209512    0.213423 0.000563302
          22    0.213321    0.213418 0.000537108
          23    0.215937    0.213528 0.000524777
          24     0.21812    0.213719 0.000537633
          25    0.210326    0.213583 0.000533242
          26    0.215494    0.213657 0.000517565
          27    0.212178    0.213602 0.000501031
          28    0.216271    0.213698 0.000492124
          29     0.21573    0.213768 0.000479995
          30    0.217196    0.213882 0.000477596
           1    0.212969    0.212969           0
           2    0.211161    0.212065 0.000903942
           3    0.207616    0.210582  0.00157203
           4    0.204876    0.209155  0.00180853
           5    0.198907    0.207106  0.00248269
           6    0.212581    0.208018  0.00222304
           7    0.212525    0.208662  0.00198608
           8    0.207074    0.208464   0.0017314
           9    0.204188    0.207988  0.00159915
          10    0.206051    0.207795  0.00144339
          11    0.212725    0.208243  0.00138039
          12    0.206944    0.208135  0.00126476
          13    0.206476    0.208007  0.00117038
          14    0.212737    0.208345    0.001135
          15    0.207792    0.208308  0.00105727
          16    0.213104    0.208608  0.00103343
          17     0.21492    0.208979  0.00103932
          18    0.205842    0.208805 0.000995262
          19    0.211163    0.208929 0.000949566
          20     0.21111    0.209038 0.000907413
          21    0.209957    0.209082  0.00086423
          22    0.212588    0.209241 0.000839281
          23    0.208989     0.20923 0.000802036
          24    0.208095    0.209183 0.000769347
          25    0.205923    0.209052 0.000749366
          26    0.214792    0.209273 0.000753057
          27    0.210761    0.209328 0.000726721
          28    0.211884     0.20942 0.000706212
          29    0.206557    0.209321 0.000688539
          30    0.209677    0.209333 0.000665298
           1    0.205223    0.205223           0
           2     0.20177    0.203497  0.00172608
           3    0.206646    0.204546  0.00144756
           4    0.208626    0.205566  0.00144492
           5    0.207501    0.205953  0.00118425
           6     0.20409    0.205643  0.00101558
           7    0.203807     0.20538 0.000897484
           8    0.205196    0.205357 0.000777586
           9    0.206827    0.205521 0.000704946
          10     0.20889    0.205858 0.000714879
          11    0.207652    0.206021 0.000666892
          12    0.207808     0.20617 0.000626747
          13    0.204969    0.206077 0.000583876
          14    0.208218     0.20623  0.00056177
          15    0.210064    0.206486 0.000582092
          16    0.204538    0.206364 0.000557947
          17    0.205401    0.206307 0.000527156
          18    0.206673    0.206328 0.000497421
          19    0.206705    0.206348 0.000470934
          20    0.201471    0.206104 0.000508964
          21     0.20801    0.206195 0.000492558
          22    0.203304    0.206063 0.000487664
          23    0.209838    0.206227 0.000494033
          24     0.20647    0.206237 0.000473109
          25    0.206899    0.206264 0.000454561
          26    0.206003    0.206254 0.000436843
          27    0.204493    0.206189 0.000425382
          28    0.207642     0.20624 0.000413181
          29     0.20295    0.206127 0.000414512
          30    0.206122    0.206127 0.000400457
           1    0.206437    0.206437           0
           2    0.196762      0.2016   0.0048371
           3    0.197671     0.20029  0.00308442
           4    0.198971     0.19996  0.00220579
           5    0.203181    0.200605  0.00182599
           6    0.204804    0.201304    0.001647
           7    0.200385    0.201173  0.00139816
           8    0.207435    0.201956  0.00144182
           9    0.199511    0.201684  0.00130024
          10    0.198943     0.20141  0.00119485
          11    0.202731     0.20153  0.00108743
          12    0.201874    0.201559 0.000993097
          13     0.19867    0.201337 0.000940149
          14    0.206261    0.201688 0.000938802
          15    0.200498    0.201609 0.000877573
          16    0.203183    0.201707 0.000826771
          17    0.200925    0.201661 0.000777979
          18    0.199607    0.201547  0.00074231
          19    0.199113    0.201419 0.000713745
          20    0.204091    0.201553 0.000690167
          21    0.200396    0.201498 0.000658786
          22    0.198704    0.201371 0.000640837
          23    0.197369    0.201197 0.000636579
          24    0.199576    0.201129 0.000613207
          25    0.200806    0.201116  0.00058831
          26    0.196694    0.200946 0.000590269
          27    0.201371    0.200962 0.000568206
          28    0.205133    0.201111 0.000567438
          29    0.203545    0.201195 0.000553917
          30    0.200714    0.201179 0.000535375
           1    0.199307    0.199307           0
           2     0.19779    0.198548 0.000758789
           3    0.199882    0.198993 0.000624227
           4    0.198204    0.198796  0.00048348
           5    0.196045    0.198246 0.000665461
           6    0.194211    0.197573 0.000864573
           7    0.194847    0.197184 0.000828004
           8    0.196369    0.197082 0.000724269
           9    0.199548    0.197356 0.000695029
          10    0.198694     0.19749 0.000635899
          11    0.197314    0.197474 0.000575413
          12    0.196495    0.197392 0.000531579
          13    0.193298    0.197077 0.000581608
          14    0.200392    0.197314 0.000588222
          15    0.196788    0.197279 0.000548727
          16    0.198916    0.197381 0.000523383
          17     0.19622    0.197313 0.000496356
          18    0.201249    0.197532 0.000516541
          19    0.198262     0.19757 0.000490108
          20    0.194534    0.197418 0.000489108
          21    0.194682    0.197288 0.000483139
          22    0.197371    0.197292  0.00046067
          23    0.199859    0.197403 0.000454121
          24    0.198423    0.197446 0.000436859
          25    0.196104    0.197392 0.000422446
          26    0.196529    0.197359 0.000407228
          27    0.196081    0.197312 0.000394705
          28    0.201408    0.197458 0.000407515
          29    0.199773    0.197538 0.000401232
          30    0.199036    0.197588 0.000390833
