           1     92.6483     92.6483           0
           2     89.1302     90.8893     1.75903
           3     89.9784     90.5856        1.06
           4     84.4177     89.0437      1.7145
           5     89.1519     89.0653     1.32822
           6     91.0955     89.4037     1.13605
           7     88.8881       89.33    0.962959
           8     89.9716     89.4102    0.837793
           9     88.0988     89.2645    0.753095
          10     82.5602     88.5941    0.950365
          11     93.3415     89.0257    0.961896
          12     92.4637     89.3122    0.923646
          13     89.3128     89.3122     0.84963
          14     88.3167     89.2411    0.789813
          15     89.2127     89.2392    0.735278
          16     92.2733     89.4288    0.713452
          17     89.1677     89.4135    0.670348
          18     91.7566     89.5437    0.645276
          19     86.3794     89.3771    0.632682
          20     93.6202     89.5893    0.636606
          21     93.2649     89.7643    0.630322
          22     91.6038     89.8479    0.606777
          23      93.475     90.0056    0.600859
          24     88.2933     89.9343    0.579686
          25     93.9464     90.0948    0.578713
          26     89.2543     90.0624    0.556948
          27     90.7921     90.0895    0.536604
          28     92.9901      90.193     0.52736
          29     93.4749     90.3062    0.521283
          30     90.7241     90.3201      0.5038
           1     82.3656     82.3656           0
           2     86.6527     84.5092     2.14355
           3      75.191     81.4031     3.34354
           4     78.7141     80.7308     2.45796
           5     77.5472     80.0941     2.00757
           6     81.0632     80.2556     1.64712
           7     79.6393     80.1676     1.39485
           8     76.3726     79.6932     1.29778
           9     81.7961     79.9269     1.16814
          10     83.0756     80.2417     1.09123
          11      81.772     80.3808    0.996811
          12      81.407     80.4664     0.91397
          13     83.0443     80.6647      0.8638
          14     87.1164     81.1255    0.923002
          15     77.8656     80.9082    0.886325
          16     85.8477     81.2169    0.884695
          17     82.7653      81.308    0.836003
          18     83.3287     81.4202    0.796145
          19     80.6405     81.3792    0.754195
          20     86.4938     81.6349     0.75982
          21      77.939     81.4589    0.743853
          22     76.5414     81.2354    0.743625
          23     85.8965     81.4381    0.738893
          24     81.8909     81.4569    0.707688
          25     82.8875     81.5142    0.681198
          26     80.5691     81.4778    0.655483
          27     78.5925      81.371    0.639727
          28     87.1214     81.5763    0.649766
          29      83.899     81.6564    0.632055
          30     79.0572     81.5698    0.616739
           1     74.5801     74.5801           0
           2     69.1427     71.8614     2.71871
           3     64.1929     69.3052     2.99961
           4     81.0874     72.2508     3.62976
           5     73.9238     72.5854     2.83144
           6     70.9527     72.3133     2.32782
           7     73.2124     72.4417     1.97155
           8     72.5387     72.4538     1.70746
           9     72.5557     72.4652     1.50588
          10     78.3021     73.0488     1.46794
          11     68.3091      72.618     1.39596
          12     72.9545      72.646     1.27464
          13      68.465     72.3244     1.21581
          14     67.4265     71.9745     1.17874
          15     76.9541     72.3065     1.14646
          16     72.7317     72.3331     1.07274
          17      76.724     72.5914     1.04024
          18     68.9844      72.391     1.00101
          19     76.5784     72.6114    0.972172
          20     70.5478     72.5082    0.928037
          21     77.7063     72.7557    0.916787
          22     72.3485     72.7372    0.874318
          23     70.0982     72.6225    0.843282
          24     73.0027     72.6383    0.807536
          25     73.3687     72.6675    0.775113
          26     72.3806     72.6565    0.744786
          27     71.3356     72.6076    0.718338
          28     75.3002     72.7037    0.698856
          29     76.5927     72.8379    0.687532
          30     75.1843     72.9161    0.668808
           1      64.763      64.763           0
           2     65.1379     64.9505    0.187483
           3     65.7769     65.2259    0.295984
           4     67.2477     65.7314    0.547064
           5     68.6664     66.3184    0.723972
           6     69.2753     66.8112    0.769605
           7     60.1385      65.858     1.15401
           8     64.9397     65.7432     1.00597
           9     66.0142     65.7733    0.887693
          10     65.5276     65.7487    0.794356
          11     66.2168     65.7913    0.719781
          12     64.6728     65.6981    0.663645
          13     66.7714     65.7806    0.616023
          14     65.3348     65.7488    0.571215
          15     69.6579     66.0094    0.592198
          16     56.3724     65.4071    0.818315
          17     70.3817     65.6997    0.822488
          18     66.4702     65.7425     0.77663
          19      63.552     65.6272    0.743611
          20     64.9379     65.5928    0.706292
          21     62.9282     65.4659    0.683695
          22     63.9477     65.3969     0.65552
          23     63.6063      65.319     0.63119
          24      61.666     65.1668    0.623192
          25     71.3252     65.4131    0.646514
          26     64.4325     65.3754    0.622295
          27     58.9461     65.1373    0.644413
          28     61.8202     65.0188    0.632172
          29     65.1524     65.0234    0.610001
          30     62.0963     64.9259     0.59734
           1     54.3424     54.3424           0
           2     56.9131     55.6278     1.28534
           3     64.1918     58.4824     2.94955
           4     61.1415     59.1472     2.18903
           5     56.4338     58.6045     1.78034
           6     59.1904     58.7022     1.45692
           7      60.015     58.8897     1.24552
           8     54.1043     58.2915     1.23341
           9     51.6646     57.5552     1.31355
          10     56.2175     57.4214     1.18247
          11     57.9489     57.4694     1.07066
          12     58.5744     57.5615    0.981699
          13     57.2693      57.539    0.903311
          14     60.3353     57.7387    0.859824
          15     56.6561     57.6666    0.803701
          16     57.8822       57.68    0.751914
          17     56.8312     57.6301    0.708063
          18     58.8326     57.6969    0.670903
          19     56.2511     57.6208    0.639156
          20     56.3927     57.5594    0.609458
          21     54.4564     57.4116    0.598245
          22     58.9962     57.4837    0.574934
          23     54.6604     57.3609    0.562915
          24     58.6117      57.413    0.541464
          25     55.2982     57.3284    0.526198
          26     49.5846     57.0306    0.586767
          27      55.151      56.961    0.568892
          28     59.5281     57.0527    0.555812
          29     58.0488      57.087    0.537403
          30     56.8202     57.0781    0.519256
           1     45.8212     45.8212           0
           2     50.0205     47.9208     2.09968
           3     52.3571     49.3996     1.91212
           4     48.8202     49.2547     1.35981
           5     46.8498     48.7738     1.15793
           6     49.5219     48.8984    0.953633
           7     48.7964     48.8839    0.806099
           8     49.6056     48.9741    0.703907
           9     51.1042     49.2108    0.664376
          10     50.0739     49.2971    0.600471
          11     54.4986     49.7699    0.720146
          12     49.8562     49.7771     0.65744
          13     48.9085     49.7103    0.608437
          14     46.6809     49.4939    0.603435
          15     48.8051      49.448    0.563641
          16     51.4439     49.5727    0.541795
          17     52.1941     49.7269    0.531775
          18     50.6716     49.7794    0.504101
          19     50.3551     49.8097    0.477794
          20     48.5969     49.7491    0.457313
          21     45.0074     49.5233    0.490103
          22     48.7521     49.4882    0.468608
          23     49.2513     49.4779    0.447889
          24     52.0029     49.5831    0.441539
          25     48.2676     49.5305    0.426766
          26     52.7649     49.6549    0.428479
          27     45.8386     49.5136    0.435859
          28     48.2654      49.469    0.422364
          29      50.474     49.5036     0.40901
          30     47.7805     49.4462    0.399294
           1     39.9897     39.9897           0
           2     46.3547     43.1722     3.18251
           3     42.5264      42.957     1.84999
           4     41.4426     42.5784     1.36182
           5     44.5149     42.9657     1.12372
           6     43.2346     43.0105    0.918606
           7     39.3189     42.4831    0.938539
           8     40.9119     42.2867    0.836193
           9     44.8931     42.5763    0.792276
          10     41.3786     42.4566    0.718685
          11     43.4712     42.5488    0.656587
          12     42.5264     42.5469    0.599382
          13     48.5643     43.0098    0.719891
          14     39.6855     42.7724    0.707525
          15     40.5956     42.6272    0.674467
          16     47.6158      42.939    0.703742
          17     39.8869     42.7595    0.684997
          18     44.7307      42.869    0.655041
          19      42.925     42.8719    0.619614
          20     46.2969     43.0432    0.612254
          21     42.4015     43.0126    0.583171
          22     40.5729     42.9017    0.566982
          23     43.6155     42.9328    0.542658
          24     34.2428     42.5707    0.633278
          25     40.4383     42.4854    0.613378
          26     45.6677     42.6078    0.601891
          27     39.3518     42.4872    0.591591
          28     43.3152     42.5168    0.570838
          29     41.9177     42.4961     0.55119
          30     43.1004     42.5163    0.532881
           1     37.0536     37.0536           0
           2     34.2024      35.628     1.42561
           3     38.2029     36.4863     1.18916
           4     38.8254     37.0711     1.02422
           5     35.4158       36.74    0.859662
           6     37.3052     36.8342    0.708203
           7     37.7462     36.9645    0.612555
           8     36.6625     36.9268     0.53183
           9     38.2277     37.0713      0.4908
          10     37.5347     37.1176    0.441423
          11     36.3087     37.0441    0.405999
          12     33.9262     36.7843    0.452625
          13     34.6827     36.6226    0.446638
          14     39.6466     36.8386    0.466522
          15     40.5706     37.0874    0.500523
          16     34.0922     36.9002    0.504233
          17     34.9415      36.785    0.487457
          18     39.0034     36.9082    0.475817
          19     40.7075     37.1082    0.492498
          20     39.5052     37.2281    0.482351
          21      35.377     37.1399    0.467198
          22     35.1291     37.0485    0.454735
          23       40.11     37.1816    0.454446
          24     38.4017     37.2325    0.438058
          25     35.5813     37.1664     0.42533
          26     36.5943     37.1444    0.409236
          27     37.7401     37.1665    0.394405
          28     37.6227     37.1828    0.380407
          29     37.0819     37.1793    0.367072
          30     37.6979     37.1966    0.355046
           1     34.9238     34.9238           0
           2     33.8392     34.3815    0.542316
           3     29.3259     32.6963     1.71405
           4      33.428     32.8792     1.22574
           5      32.533       32.81     0.95198
           6     33.0074     32.8429    0.777984
           7     34.4265     33.0691     0.69535
           8     33.6786     33.1453     0.60699
           9     28.4123     32.6194    0.750411
          10     30.3254       32.39    0.709307
          11     31.4251     32.3023    0.647561
          12     27.0269     31.8627    0.736689
          13     33.7661     32.0091    0.693293
          14     30.9176     31.9311    0.646582
          15       28.06     31.6731    0.654926
          16     30.3575     31.5908    0.618121
          17     26.7445     31.3058    0.646834
          18      30.754     31.2751    0.610611
          19     36.8509     31.5686    0.647857
          20      34.466     31.7134    0.631454
          21     27.2728      31.502    0.636768
          22      29.914     31.4298    0.611411
          23     29.3693     31.3402    0.591052
          24     28.4309      31.219    0.578727
          25     32.0572     31.2525    0.556108
          26     34.9593     31.3951    0.552985
          27      28.762     31.2976    0.540973
          28     33.0503     31.3602    0.525039
          29     32.4743     31.3986    0.508066
          30      28.865     31.3141    0.498051
           1     28.9407     28.9407           0
           2     29.6491     29.2949    0.354207
           3     29.8291      29.473     0.27117
           4     26.4004     28.7048    0.791708
           5      27.423     28.4485    0.664684
           6     27.3804     28.2705    0.571161
           7     26.9475     28.0815      0.5184
           8     27.3732     27.9929    0.457594
           9     26.7797     27.8581    0.425479
          10     26.8014     27.7524    0.394958
          11     28.7256     27.8409    0.368045
          12     28.5006     27.8959    0.340445
          13     25.1043     27.6812    0.379716
          14     29.1448     27.7857    0.366764
          15      29.035      27.869    0.351451
          16     27.4217      27.841    0.329939
          17     25.6682     27.7132    0.335244
          18      26.046     27.6206    0.329363
          19      28.048     27.6431    0.312357
          20     30.3823     27.7801    0.326448
          21      28.963     27.8364    0.315583
          22     28.2023      27.853    0.301356
          23     29.2118     27.9121    0.293953
          24     26.8985     27.8699     0.28459
          25     27.7907     27.8667    0.272987
          26     25.0309     27.7576    0.284052
          27     27.7442     27.7571    0.273329
          28     27.7249      27.756    0.263389
          29     28.4991     27.7816    0.255433
          30     29.0652     27.8244    0.250454
           1     23.2478     23.2478           0
           2     23.0743      23.161   0.0867556
           3     24.5298     23.6173    0.458995
           4     25.3422     24.0485    0.539725
           5     25.8768     24.4142    0.555411
           6     25.8371     24.6513    0.511756
           7     21.1967     24.1578    0.656223
           8     22.2859     23.9238    0.614593
           9     21.5707     23.6623    0.601785
          10     22.9768     23.5938    0.542602
          11     23.7194     23.6052    0.490935
          12     22.6858     23.5286    0.454661
          13     23.0249     23.4898    0.420019
          14     23.4184     23.4847    0.388895
          15     22.3151     23.4068    0.370344
          16     24.5919     23.4808    0.354255
          17     22.8742     23.4451    0.334673
          18     26.3623     23.6072    0.354719
          19     24.8913     23.6748    0.342269
          20     23.2695     23.6545    0.325337
          21     21.2746     23.5412    0.329556
          22     23.6533     23.5463    0.314261
          23     25.1848     23.6175    0.308621
          24     26.2417     23.7269    0.315064
          25     24.3001     23.7498    0.303067
          26     22.9188     23.7179    0.292926
          27      23.583     23.7129    0.281913
          28     23.9752     23.7222     0.27182
          29     22.6043     23.6837    0.265097
          30     23.5037     23.6777    0.256178
           1      21.508      21.508           0
           2     20.8757     21.1918    0.316153
           3     23.4874      21.957    0.786662
           4     23.8208      22.423    0.725621
           5     19.7876     21.8959    0.770541
           6     20.8228      21.717    0.654073
           7      22.616     21.8455    0.567515
           8     20.8528     21.7214    0.506905
           9     19.8051     21.5085    0.495164
          10     19.8072     21.3383     0.47444
          11     22.0524     21.4032    0.434028
          12     19.6739     21.2591    0.421606
          13     21.6002     21.2854    0.388707
          14     22.1771     21.3491    0.365467
          15     21.5618     21.3633    0.340527
          16     19.6829     21.2582    0.335399
          17     21.2158     21.2557    0.315063
          18     23.1382     21.3603    0.314915
          19     20.2568     21.3022     0.30349
          20     20.8765      21.281    0.288701
          21     21.6938     21.3006    0.275313
          22     23.0372     21.3796    0.274112
          23     20.2028     21.3284    0.266873
          24     19.9665     21.2716    0.261737
          25     23.1076     21.3451    0.261571
          26     21.3149     21.3439    0.251312
          27     21.1155     21.3355    0.241973
          28     20.7419     21.3143    0.234132
          29     21.0042     21.3036    0.226167
          30     20.6769     21.2827    0.219494
           1     18.6012     18.6012           0
           2     17.6731     18.1371     0.46406
           3     18.2599      18.178    0.271032
           4     20.9078     18.8605    0.708832
           5     18.6661     18.8216    0.550433
           6     17.1512     18.5432     0.52867
           7     21.3957     18.9507    0.604722
           8       17.78     18.8044    0.543765
           9     17.4133     18.6498     0.50385
          10     19.8529     18.7701    0.466441
          11     19.8609     18.8693    0.433408
          12     19.9701      18.961    0.406141
          13     18.4207     18.9194      0.3759
          14     18.7473     18.9071    0.348233
          15     19.0699      18.918    0.324368
          16      17.929     18.8562    0.309651
          17     18.4221     18.8306    0.291985
          18     16.8426     18.7202    0.296616
          19     20.3888      18.808    0.293994
          20     18.8912     18.8122    0.278938
          21     20.0793     18.8725    0.272097
          22     18.6073     18.8605    0.259714
          23     19.7414     18.8988    0.251104
          24     17.9779     18.8604    0.243456
          25     20.5579     18.9283    0.243186
          26     20.7552     18.9986    0.243983
          27     20.2021     19.0431    0.238967
          28     19.5447      19.061     0.23097
          29     18.5894     19.0448    0.223456
          30     20.3108      19.087    0.219966
           1     18.6217     18.6217           0
           2     16.9654     17.7936    0.828128
           3     16.0593     17.2155    0.750181
           4     17.0392     17.1714    0.532287
           5     16.5919     17.0555    0.428288
           6     15.6364      16.819    0.422172
           7     14.8538     16.5382    0.454009
           8     15.2521     16.3775    0.424781
           9     15.4016      16.269    0.389999
          10      16.218     16.2639    0.348863
          11     17.3585     16.3634    0.330876
          12     16.0245     16.3352    0.303364
          13     16.0252     16.3114    0.280072
          14     17.1104     16.3684    0.265502
          15     17.0057     16.4109    0.250794
          16      17.048     16.4507    0.237952
          17     16.8453     16.4739    0.224718
          18     16.9111     16.4982    0.213254
          19     16.1834     16.4817    0.202398
          20     15.8059     16.4479    0.194961
          21     14.9406     16.3761    0.198851
          22      17.365     16.4211    0.194853
          23      15.304     16.3725    0.192418
          24     16.5967     16.3818    0.184463
          25     16.0898     16.3701    0.177316
          26     16.5694     16.3778    0.170532
          27     15.6715     16.3517    0.166166
          28     16.5716     16.3595    0.160314
          29     16.8532     16.3765    0.155621
          30     16.5642     16.3828    0.150474
           1     15.4676     15.4676           0
           2     13.6439     14.5557    0.911893
           3     15.6311     14.9142    0.636924
           4     14.8266     14.8923    0.450906
           5     14.4083     14.7955    0.362437
           6     13.7463     14.6206    0.343731
           7     15.3365     14.7229     0.30798
           8     14.6756      14.717    0.266784
           9     15.9929     14.8587    0.274695
          10     14.0942     14.7823    0.257314
          11      14.642     14.7695    0.233098
          12     15.1447     14.8008    0.215073
          13     14.9097     14.8092    0.198016
          14     14.2582     14.7698    0.187503
          15     14.7163     14.7663    0.174593
          16     14.7776      14.767    0.163318
          17     14.9199      14.776    0.153674
          18     14.6352     14.7681    0.145096
          19     14.6551     14.7622    0.137376
          20     14.3092     14.7395     0.13228
          21     13.9474     14.7018    0.131357
          22     13.2524     14.6359    0.141516
          23     13.6588     14.5935     0.14174
          24     15.6267     14.6365    0.142372
          25     14.5623     14.6335     0.13659
          26     14.2167     14.6175    0.132207
          27     15.0186     14.6324    0.128081
          28     14.0287     14.6108    0.125291
          29     14.9206     14.6215    0.121365
          30     13.6132     14.5879    0.121971
           1     12.3353     12.3353           0
           2     13.8007      13.068    0.732696
           3     12.9018     13.0126    0.426635
           4     14.3846     13.3556    0.456787
           5     12.3656     13.1576    0.405451
           6     12.5459     13.0556    0.346391
           7     13.8464     13.1686    0.313794
           8      13.609     13.2237    0.277273
           9     13.0752     13.2072    0.245087
          10      11.768     13.0632    0.262231
          11     12.9407     13.0521    0.237458
          12     14.0907     13.1387    0.233407
          13     13.2546     13.1476    0.214888
          14     12.8476     13.1261    0.200098
          15     12.6551     13.0947     0.18891
          16     13.7667     13.1367    0.181632
          17     13.6088     13.1645    0.172858
          18     13.2163     13.1674    0.162998
          19     14.6272     13.2442    0.172264
          20     13.0909     13.2365    0.163603
          21     12.3711     13.1953    0.160983
          22     14.2196     13.2419    0.160396
          23     14.1604     13.2818    0.158381
          24     14.4097     13.3288    0.158754
          25     14.3341      13.369    0.157491
          26     12.9019     13.3511    0.152375
          27     13.8652     13.3701    0.147855
          28     14.0505     13.3944    0.144534
          29     12.8486     13.3756    0.140725
          30     12.0589     13.3317    0.142862
           1     11.6109     11.6109           0
           2     12.2896     11.9502    0.339339
           3     11.0777     11.6594    0.350676
           4     12.9518     11.9825    0.407276
           5     12.1647     12.0189    0.317572
           6     12.1027     12.0329    0.259673
           7     12.7956     12.1419    0.245022
           8     11.5816     12.0718    0.223454
           9     10.6123     11.9097    0.255219
          10     11.2464     11.8433    0.237714
          11      11.723     11.8324    0.215299
          12     12.6094     11.8971     0.20693
          13     11.4452     11.8624    0.193497
          14     11.4974     11.8363     0.18103
          15     12.7861     11.8996    0.180033
          16     10.9397     11.8396    0.178774
          17     12.0005     11.8491    0.168195
          18     12.2517     11.8715    0.160146
          19     11.5326     11.8536    0.152529
          20     12.1439     11.8681    0.145428
          21     12.6145     11.9037    0.142823
          22     11.9149     11.9042    0.136177
          23     12.3938     11.9255    0.131852
          24      11.613     11.9125    0.126908
          25     11.3378     11.8895    0.123877
          26      12.028     11.8948    0.119137
          27     12.6204     11.9217    0.117747
          28     11.8427     11.9189    0.113499
          29     11.1509     11.8924    0.112671
          30     11.7928     11.8891    0.108901
           1     11.6626     11.6626           0
           2     11.0841     11.3734    0.289277
           3     10.9312      11.226    0.222738
           4     9.90786     10.8965    0.365236
           5     11.6411     11.0454    0.319718
           6     11.6553      11.147    0.280141
           7     10.6485     11.0758     0.24724
           8     10.5013      11.004     0.22584
           9      11.121      11.017    0.199595
          10      10.252     10.9405    0.194225
          11     10.3717     10.8888    0.183136
          12      10.731     10.8756    0.167696
          13     11.1186     10.8943    0.155386
          14     10.8224     10.8892    0.143951
          15     10.3326     10.8521    0.139054
          16     10.9041     10.8553    0.130114
          17     10.6926     10.8458    0.122595
          18     10.6302     10.8338    0.116202
          19     10.8424     10.8342    0.109917
          20      10.853     10.8352    0.104281
          21     11.1981     10.8525    0.100685
          22     9.67999     10.7992    0.109801
          23     10.6966     10.7947    0.105013
          24     11.6637     10.8309    0.106864
          25     10.2938     10.8094    0.104727
          26     11.1738     10.8234     0.10159
          27     10.2004     10.8004    0.100441
          28     11.0447     10.8091   0.0971804
          29      10.963     10.8144   0.0939196
          30      10.502      10.804   0.0913308
           1     10.0975     10.0975           0
           2      9.8606     9.97905    0.118442
           3     9.53086     9.82965    0.164301
           4      9.9983     9.87181    0.123593
           5     9.65295     9.82804    0.105267
           6     9.88968     9.83831   0.0865623
           7     9.97552     9.85792   0.0757388
           8      9.7032     9.83858   0.0683835
           9     9.75966     9.82981   0.0609427
          10     10.4818     9.89501   0.0849816
          11     10.3938     9.94035   0.0892453
          12     8.88072     9.85205    0.120144
          13     9.48646     9.82392    0.114038
          14     9.69367     9.81462    0.105988
          15     9.81892     9.81491   0.0986697
          16     9.41462     9.78989   0.0956276
          17     10.3287     9.82158   0.0952542
          18     9.99366     9.83114   0.0903139
          19     9.22633     9.79931   0.0911664
          20     9.44665     9.78168   0.0882672
          21     10.3001     9.80636   0.0875126
          22     9.69631     9.80136   0.0835898
          23     9.34741     9.78162   0.0822752
          24     9.82326     9.78336   0.0787916
          25     10.1446     9.79781   0.0769431
          26     9.55991     9.78866   0.0744886
          27     10.5489     9.81681   0.0770084
          28     9.12113     9.79197   0.0782561
          29     10.3153     9.81001    0.077636
          30     9.69526     9.80619    0.075101
           1      8.9746      8.9746           0
           2     8.88517     8.92989   0.0447125
           3     8.23124     8.69701    0.234308
           4     8.85127     8.73557     0.17011
           5     9.35857     8.86017     0.18135
           6     8.55289     8.80896    0.156678
           7     8.93361     8.82677    0.133609
           8     9.12685     8.86428    0.121637
           9     9.25957      8.9082    0.115917
          10     8.22573     8.83995    0.124125
          11     8.82574     8.83866    0.112283
          12     9.10281     8.86067    0.104837
          13     8.67551     8.84643   0.0974821
          14     9.71114     8.90819    0.109362
          15     9.19586     8.92737    0.103601
          16     8.80178     8.91952   0.0972275
          17     8.69123     8.90609   0.0923114
          18       9.193     8.92203   0.0884795
          19     8.49906     8.89977   0.0866033
          20     8.41428      8.8755   0.0856702
          21     9.63703     8.91176   0.0891933
          22     8.65927     8.90028   0.0858134
          23     8.98603     8.90401   0.0820822
          24     9.33988     8.92217    0.080659
          25     8.96909     8.92405   0.0773881
          26     9.40417     8.94251   0.0766109
          27     8.53663     8.92748    0.075236
          28     8.57122     8.91476   0.0736073
          29     8.75659      8.9093   0.0712329
          30     9.40378     8.92579   0.0707638
           1     8.22628     8.22628           0
           2       8.547     8.38664    0.160357
           3     7.27231      8.0152    0.382806
           4     8.35424     8.09996    0.283645
           5     8.25482     8.13093    0.221883
           6     8.31057     8.16087    0.183624
           7      8.1498     8.15929    0.155199
           8     8.12082     8.15448    0.134492
           9      8.0078     8.13818    0.119725
          10     7.97644     8.12201      0.1083
          11     7.83549     8.09596    0.101365
          12     8.66935     8.14374    0.104142
          13     8.01882     8.13413   0.0962773
          14     7.69444     8.10273   0.0945066
          15     7.74144     8.07864   0.0912182
          16     8.10214     8.08011   0.0853395
          17      8.3966     8.09873   0.0822959
          18     8.06228      8.0967   0.0776158
          19     8.04409     8.09393   0.0734694
          20     8.47352     8.11291    0.072237
          21     8.19183     8.11667   0.0688138
          22     8.75165     8.14553   0.0716793
          23     7.91111     8.13534   0.0692461
          24     8.10323       8.134   0.0663116
          25     8.10684     8.13292   0.0636132
          26     8.26336     8.13793   0.0613231
          27     8.25299      8.1422   0.0591619
          28     7.97547     8.13624   0.0573199
          29     8.07895     8.13427   0.0553433
          30     8.26489     8.13862   0.0536437
           1     7.39463     7.39463           0
           2     7.71097      7.5528    0.158171
           3     7.64862     7.58474   0.0967447
           4     7.97225     7.68162    0.118595
           5     7.90022     7.72534    0.101737
           6     7.64943     7.71269    0.084026
           7     7.91492     7.74158   0.0766665
           8     7.45286     7.70549   0.0755698
           9     7.48002     7.68043   0.0711992
          10     8.18343     7.73073   0.0811512
          11     7.60093     7.71893   0.0743464
          12     8.31739      7.7688   0.0842217
          13     7.47832     7.74646   0.0806307
          14      7.4049     7.72206   0.0785351
          15     7.55173     7.71071   0.0739888
          16     7.01185     7.66703   0.0818407
          17     7.85556     7.67812   0.0776717
          18     7.45183     7.66555   0.0743008
          19     7.58147     7.66112   0.0704207
          20     7.73146     7.66464   0.0668995
          21     7.40501     7.65228   0.0648239
          22     7.43671     7.64248   0.0625791
          23     7.81209     7.64985   0.0602494
          24     6.71696     7.61098   0.0695588
          25     6.87013     7.58135   0.0730036
          26     7.91935     7.59435   0.0713342
          27      7.4882     7.59042   0.0687539
          28      7.7301     7.59541   0.0664404
          29     7.77001     7.60143   0.0643906
          30     7.10845     7.58499    0.064341
           1     7.21882     7.21882           0
           2     7.32283     7.27083   0.0520051
           3     7.09598     7.21255   0.0655625
           4     7.10559     7.18581   0.0535182
           5     6.99423     7.14749   0.0564499
           6     7.41561     7.19218    0.064197
           7     7.35334      7.2152   0.0589389
           8     7.34549     7.23149   0.0535778
           9     7.26634     7.23536   0.0474096
          10     7.33496     7.24532   0.0435584
          11      6.9778       7.221   0.0463015
          12     7.16813     7.21659   0.0424964
          13     7.09106     7.20694    0.040266
          14     7.50091     7.22793   0.0427862
          15     7.38073     7.23812   0.0411136
          16     6.62936     7.20007   0.0540984
          17     7.04049     7.19069   0.0516764
          18     6.77848     7.16779   0.0538345
          19     7.49271     7.18489   0.0537172
          20     7.16893     7.18409   0.0509669
          21      7.2635     7.18787   0.0486264
          22     6.87898     7.17383   0.0484428
          23     6.89813     7.16184   0.0478156
          24      6.5837     7.13775    0.051731
          25      7.0171     7.13293   0.0498528
          26      6.8959     7.12381   0.0487569
          27     6.97924     7.11846   0.0472209
          28     7.21597     7.12194   0.0456363
          29     7.29569     7.12793   0.0444402
          30     7.42948     7.13798   0.0440943
           1     5.91273     5.91273           0
           2     6.46784     6.19029    0.277557
           3     6.14157     6.17405    0.161068
           4     6.31574     6.20947    0.119273
           5     6.47054     6.26169    0.106123
           6     6.44019     6.29144   0.0916138
           7      6.9491     6.38539    0.121745
           8     6.93582     6.45419    0.125899
           9     6.28945     6.43589    0.112531
          10     6.38769     6.43107    0.100766
          11     6.67597     6.45333   0.0938261
          12     6.51406     6.45839   0.0858005
          13     6.52245     6.46332   0.0790787
          14     6.57117     6.47102   0.0736168
          15     6.74288     6.48915   0.0708894
          16     6.24018     6.47359   0.0681121
          17      6.5219     6.47643   0.0640433
          18     6.38935     6.47159   0.0605741
          19     6.02497     6.44809   0.0619317
          20     6.32842      6.4421   0.0590575
          21     6.84452     6.46126   0.0593534
          22     6.98281     6.48497   0.0613562
          23      6.6729     6.49314   0.0591945
          24     6.30792     6.48542   0.0571975
          25     6.53529     6.48742   0.0548981
          26     6.12902     6.47364   0.0545159
          27     6.10812      6.4601   0.0541766
          28     6.83042     6.47332   0.0538552
          29     6.56437     6.47646   0.0520597
          30     6.28765     6.47017   0.0506867
           1      5.7444      5.7444           0
           2      6.0596       5.902      0.1576
           3     6.44323     6.08241    0.202059
           4     5.78879       6.009    0.160631
           5      6.0909     6.02538    0.125498
           6     6.30957     6.07275    0.112885
           7     5.93131     6.05254   0.0975219
           8     6.19168     6.06993   0.0862286
           9     6.30118     6.09563     0.08027
          10     6.21659     6.10772   0.0728075
          11     5.94742     6.09315   0.0674499
          12     5.79332     6.06817   0.0664494
          13      5.9615     6.05996   0.0616728
          14     6.31776     6.07837   0.0599937
          15     6.06594     6.07755   0.0558573
          16     6.15922     6.08265   0.0524985
          17     5.83059     6.06782   0.0514945
          18     6.10271     6.06976   0.0485881
          19     5.91187     6.06145    0.046705
          20     6.23024     6.06989   0.0451047
          21     6.08723     6.07072   0.0429111
          22     5.76245      6.0567   0.0432471
          23     6.08448     6.05791   0.0413416
          24     6.43236     6.07351   0.0425456
          25      6.5517     6.09264   0.0450686
          26     5.82128      6.0822   0.0445406
          27     5.75399     6.07005   0.0445498
          28      6.2171      6.0753   0.0432493
          29     6.47045     6.08893   0.0438995
          30     5.78219      6.0787   0.0436261
           1     5.78954     5.78954           0
           2     5.44485      5.6172    0.172343
           3     6.16273     5.79904    0.207287
           4     5.70637     5.77587    0.148394
           5     5.42243     5.70518    0.134942
           6     5.53732     5.67721    0.113676
           7     5.57145      5.6621   0.0972548
           8     5.60887     5.65544   0.0844876
           9     5.69726     5.66009   0.0746557
          10     5.80927     5.67501   0.0684201
          11     5.60087     5.66827   0.0622543
          12     5.74734     5.67486   0.0572108
          13     5.76677     5.68193   0.0530992
          14     5.68572      5.6822    0.049161
          15     5.76993     5.68805   0.0461386
          16      5.3533     5.66713   0.0479623
          17     5.65626     5.66649   0.0450573
          18     5.92632     5.68092   0.0448661
          19     6.11595     5.70382   0.0482214
          20     5.89728     5.71349   0.0467584
          21     5.46779     5.70179   0.0459892
          22      5.8206     5.70719   0.0441803
          23     6.14804     5.72636   0.0463633
          24     5.49175     5.71658   0.0454531
          25     5.48943      5.7075   0.0445338
          26     5.50457     5.69969   0.0434927
          27     5.72365     5.70058   0.0418603
          28     5.88935     5.70732   0.0408971
          29     5.54373     5.70168   0.0398629
          30     5.40064     5.69165    0.039797
           1     5.56915     5.56915           0
           2     5.32632     5.44773    0.121412
           3     5.27252     5.38933     0.09124
           4     5.17383     5.33545   0.0840527
           5     5.83639     5.43564    0.119483
           6     5.24814     5.40439    0.102441
           7     5.31798     5.39205   0.0874538
           8     5.29167      5.3795   0.0767694
           9     5.66288     5.41099   0.0746679
          10     5.16992     5.38688   0.0710027
          11     5.17227     5.36737   0.0671224
          12     5.44262     5.37364   0.0615941
          13     5.26012     5.36491   0.0573274
          14     5.80794     5.39655   0.0617928
          15     5.10699     5.37725   0.0606786
          16     5.55988     5.38866   0.0578959
          17     5.10457     5.37195   0.0568935
          18     5.26465     5.36599   0.0539699
          19     5.20889     5.35772   0.0517157
          20     5.36434     5.35805    0.049063
          21     5.10817     5.34615   0.0481612
          22     5.19606     5.33933    0.046424
          23     5.33087     5.33896   0.0443612
          24     5.16938      5.3319   0.0430564
          25     4.94834     5.31655   0.0440559
          26     5.43389     5.32107   0.0425675
          27     5.13399     5.31414   0.0415425
          28     5.24307      5.3116   0.0401117
          29     5.05745     5.30284   0.0396837
          30     5.41105     5.30644   0.0385074
           1     4.97559     4.97559           0
           2     4.91577     4.94568   0.0299075
           3     5.09293     4.99476    0.052032
           4     5.01068     4.99874   0.0370068
           5     5.09428     5.01785   0.0344501
           6     5.04581     5.02251   0.0285118
           7     4.96054     5.01366   0.0256719
           8     5.09097     5.02332   0.0242422
           9      5.0113     5.02199   0.0214213
          10      5.2157     5.04136   0.0272458
          11     4.87693     5.02641   0.0288238
          12     4.99349     5.02367    0.026455
          13     4.80196     5.00661   0.0297162
          14     5.05964      5.0104   0.0277714
          15     5.33601     5.03211   0.0337584
          16     4.81375     5.01846   0.0344009
          17     4.91011     5.01209   0.0329366
          18     5.11111     5.01759   0.0315365
          19      4.8695     5.00979    0.030832
          20     4.90581     5.00459   0.0297082
          21     4.71726     4.99091   0.0313965
          22     5.17088     4.99909    0.031033
          23     4.94188      4.9966   0.0297572
          24     4.91623     4.99326   0.0286865
          25     5.08913     4.99709   0.0277811
          26     4.84337     4.99118   0.0273382
          27     4.97157     4.99045   0.0263162
          28      5.1616     4.99656   0.0260852
          29     4.78227     4.98918    0.026232
          30     5.18884     4.99583   0.0262019
           1     4.57812     4.57812           0
           2       4.969     4.77356    0.195436
           3     4.54019     4.69577    0.137052
           4     4.86986     4.73929    0.106234
           5     4.59195     4.70982   0.0874063
           6     4.43913     4.66471    0.084431
           7     4.43338     4.63166   0.0786382
           8     4.41016     4.60397    0.073516
           9      4.7072     4.61544   0.0658418
          10     4.90109     4.64401   0.0654529
          11     4.53196     4.63382   0.0600743
          12     4.74822     4.64335   0.0556625
          13     4.75208     4.65172   0.0518806
          14      4.7251     4.65696   0.0483173
          15     4.79752     4.66633   0.0459466
          16     4.48269     4.65485   0.0444853
          17     4.95923     4.67276   0.0454609
          18     4.65204     4.67161   0.0428764
          19     4.69225     4.67269   0.0405715
          20     4.94151     4.68613   0.0407689
          21     4.58823     4.68147   0.0390582
          22     4.67162     4.68102   0.0372432
          23     4.45258     4.67109   0.0369472
          24     4.49044     4.66356   0.0361662
          25     4.63019     4.66223   0.0347151
          26     4.83322     4.66881   0.0339953
          27     4.80281     4.67377   0.0330864
          28     4.87854     4.68108   0.0327109
          29     4.62118     4.67902   0.0316303
          30     4.48064      4.6724    0.031265
           1     4.60855     4.60855           0
           2     4.73453     4.67154   0.0629899
           3     4.24018     4.52776    0.148314
           4     4.56427     4.53688    0.105271
           5     4.47386     4.52428   0.0825109
           6     4.24185     4.47721   0.0821858
           7     4.53297     4.48517    0.069915
           8     4.86703     4.53291   0.0770998
           9     4.33337     4.51073   0.0715189
          10     4.54522     4.51418   0.0640614
          11     4.70548     4.53157   0.0604991
          12      4.2283      4.5063   0.0607357
          13     4.54679     4.50942   0.0559555
          14     4.35795      4.4986   0.0529224
          15     4.33244     4.48752   0.0504979
          16     4.60735     4.49501   0.0478265
          17     4.73636     4.50921   0.0471151
          18     4.35971      4.5009   0.0451903
          19      4.5179      4.5018   0.0427551
          20     4.80465     4.51694   0.0432955
          21     4.61233     4.52148   0.0414319
          22     4.31672     4.51217   0.0405854
          23     4.45419     4.50965   0.0388626
          24     4.64743     4.51539   0.0376483
          25      4.5046     4.51496   0.0361136
          26     4.64902     4.52012   0.0350778
          27     4.67126     4.52571   0.0342147
          28      4.4209     4.52197   0.0331819
          29     4.53373     4.52238   0.0320198
          30     4.47356     4.52075   0.0309769
           1     4.00793     4.00793           0
           2     4.37522     4.19157    0.183646
           3     4.08226     4.15513    0.112115
           4     4.33779      4.2008   0.0914882
           5     4.05859     4.17236   0.0763606
           6     4.17058     4.17206   0.0623489
           7     4.10109     4.16192   0.0536609
           8     4.33244     4.18324   0.0511266
           9     4.33556     4.20016   0.0481611
          10     4.15049     4.19519    0.043362
          11     4.18754      4.1945   0.0392286
          12     4.35997     4.20829   0.0383739
          13     4.03269     4.19478   0.0377951
          14     4.22272     4.19678   0.0350483
          15     4.11567     4.19137   0.0330731
          16     4.21725     4.19299   0.0309793
          17     4.10595     4.18787    0.029547
          18     4.24171     4.19086   0.0280173
          19      4.2559     4.19428   0.0267219
          20     4.33072      4.2011   0.0262525
          21     4.24383     4.20314   0.0250539
          22     4.12342     4.19951   0.0241612
          23     4.02389     4.19188   0.0243168
          24     4.19953      4.1922   0.0232838
          25     4.23129     4.19376   0.0223877
          26     4.23406     4.19531   0.0215652
          27     4.30146     4.19924   0.0211202
          28     4.21453     4.19979   0.0203593
          29     4.26948     4.20219   0.0197911
          30      4.1708     4.20114   0.0191486
           1     3.72648     3.72648           0
           2     3.98273     3.85461    0.128125
           3     4.08086     3.93003    0.105641
           4     3.96809     3.93954    0.075303
           5     4.10544     3.97272   0.0671061
           6      4.0466     3.98504   0.0561585
           7     4.13443     4.00638   0.0520404
           8     3.80571     3.98129   0.0515783
           9     4.03681     3.98746   0.0459041
          10     4.15538     4.00425    0.044359
          11     3.86769     3.99184   0.0420009
          12     3.69252      3.9669   0.0457412
          13     3.95747     3.96617    0.042082
          14     4.10421     3.97603   0.0401887
          15     3.89248     3.97046   0.0378259
          16     3.97304     3.97062   0.0353833
          17     3.83388     3.96258   0.0341962
          18      3.7775      3.9523   0.0338405
          19     4.00925     3.95529   0.0321499
          20     3.89992     3.95253   0.0306255
          21     3.85646     3.94795   0.0294877
          22     4.18679     3.95881   0.0301386
          23     4.06564     3.96345   0.0291706
          24     3.81349      3.9572   0.0286192
          25     3.92077     3.95575   0.0274892
          26     4.09128     3.96096   0.0269203
          27     4.10089     3.96614   0.0264174
          28     3.97378     3.96641   0.0254579
          29     3.96626     3.96641   0.0245644
          30     4.03511      3.9687   0.0238417
           1     3.99349     3.99349           0
           2     3.78129     3.88739    0.106101
           3     3.64385     3.80621      0.1017
           4     3.70258      3.7803   0.0764372
           5      3.6182     3.74788    0.067503
           6     3.67099     3.73507   0.0565861
           7     3.76546     3.73941   0.0480207
           8     3.80679     3.74783   0.0424313
           9     3.67935     3.74022   0.0381867
          10     3.76064     3.74227   0.0342162
          11     3.93531     3.75981   0.0355789
          12      3.8115     3.76412   0.0327633
          13     3.81575     3.76809   0.0303984
          14     3.94611     3.78081   0.0308827
          15     3.63525     3.77111   0.0303437
          16     3.67833     3.76531   0.0289702
          17     3.92411     3.77465   0.0287715
          18     3.57613     3.76362   0.0292824
          19     3.63093     3.75664   0.0285653
          20     3.69968     3.75379   0.0272486
          21     3.79743     3.75587   0.0260018
          22     3.70336     3.75348   0.0249064
          23     3.91564     3.76053   0.0248212
          24     3.77593     3.76117   0.0237732
          25     3.90133     3.76678   0.0234816
          26     3.76791     3.76682   0.0225604
          27       3.719     3.76505   0.0217809
          28     3.75498     3.76469   0.0209917
          29     3.78387     3.76535   0.0202657
          30      3.7678     3.76543   0.0195787
           1      3.6017      3.6017           0
           2     3.70269      3.6522   0.0504936
           3     3.53846     3.61428   0.0478258
           4     3.45539     3.57456   0.0521684
           5     3.49602     3.55885    0.043355
           6     3.57182     3.56101   0.0354651
           7     3.61406     3.56859   0.0309165
           8     3.44635     3.55331   0.0308277
           9     3.55322      3.5533   0.0271875
          10     3.66004     3.56398   0.0265567
          11     3.60204     3.56744   0.0242694
          12     3.60729     3.57076   0.0224024
          13     3.49401     3.56485   0.0214361
          14      3.8294     3.58375   0.0274031
          15     3.53587     3.58056   0.0257099
          16      3.6502     3.58491   0.0244401
          17     3.48967     3.57931   0.0236311
          18     3.46795     3.57312   0.0231225
          19     3.73109     3.58144   0.0233986
          20     3.78577     3.59165   0.0244362
          21     3.55067      3.5897   0.0233253
          22     3.47509     3.58449   0.0228418
          23     3.55719      3.5833   0.0218584
          24     3.69256     3.58786   0.0214172
          25     3.63861     3.58989   0.0206427
          26     3.57026     3.58913   0.0198473
          27     3.55192     3.58775   0.0191477
          28      3.5688     3.58708   0.0184636
          29      3.5374     3.58536   0.0178977
          30     3.33539     3.57703   0.0191939
           1     3.61144     3.61144           0
           2     3.38944     3.50044       0.111
           3     3.36434     3.45507   0.0785176
           4     3.56536     3.48264   0.0619894
           5       3.352     3.45652   0.0546651
           6     3.54429     3.47114   0.0469701
           7     3.21769     3.43494   0.0537289
           8     3.39968     3.43053   0.0467389
           9     3.29787     3.41579   0.0437761
          10     3.47774     3.42198   0.0396415
          11     3.59944     3.43812   0.0393188
          12     3.42908     3.43736   0.0359009
          13      3.3287       3.429   0.0340654
          14     3.34655     3.42312   0.0320837
          15     3.43446     3.42387   0.0298778
          16     3.32458     3.41767   0.0286289
          17     3.36463     3.41455   0.0270725
          18     3.36842     3.41198   0.0256525
          19      3.3175     3.40701   0.0247692
          20     3.38454     3.40589    0.023525
          21      3.2459     3.39827    0.023638
          22     3.38648     3.39773   0.0225444
          23     3.25729     3.39163   0.0223906
          24      3.4135     3.39254   0.0214567
          25     3.36974     3.39163   0.0206007
          26      3.4362     3.39334   0.0198667
          27     3.36721     3.39237   0.0191412
          28     3.40239     3.39273   0.0184484
          29     3.38689     3.39253    0.017802
          30     3.46475     3.39494    0.017366
           1     3.44191     3.44191           0
           2     3.10708     3.27449    0.167414
           3     3.22985     3.25961   0.0977957
           4     3.30673     3.27139   0.0701482
           5     3.33383     3.28388   0.0557529
           6     3.08215     3.25026    0.056592
           7     3.21451     3.24515   0.0481007
           8     3.28344     3.24994   0.0419306
           9     3.25828     3.25087   0.0369909
          10     3.23596     3.24937   0.0331192
          11     3.31705     3.25553   0.0305827
          12     3.16349     3.24786   0.0289525
          13     3.11498     3.23764   0.0285264
          14     3.45243     3.25298   0.0305432
          15     3.31272     3.25696   0.0287118
          16     3.22515     3.25497   0.0269309
          17      3.3234       3.259   0.0256154
          18     3.20484     3.25599   0.0243371
          19     3.16115       3.251   0.0235556
          20     3.28494     3.25269   0.0224112
          21     3.18384     3.24942   0.0215679
          22     3.12107     3.24358   0.0213757
          23     3.26251      3.2444   0.0204417
          24     3.24367     3.24437   0.0195715
          25     3.25695     3.24488   0.0187791
          26     3.32205     3.24785   0.0182849
          27     3.04653     3.24039   0.0191093
          28     3.19643     3.23882    0.018481
          29     3.22822     3.23845   0.0178361
          30     3.25304     3.23894   0.0172381
           1      3.2019      3.2019           0
           2     3.02355     3.11273   0.0891752
           3      3.2107     3.14539   0.0609684
           4     3.01321     3.11234    0.054318
           5     3.03446     3.09677   0.0448652
           6     3.03826     3.08701    0.037908
           7     3.02581     3.07827     0.03321
           8     3.10349     3.08142   0.0289329
           9     3.08147     3.08143   0.0255164
          10     3.09937     3.08322    0.022893
          11     3.06369     3.08145   0.0207835
          12       3.101     3.08308   0.0190425
          13     3.20214     3.09223   0.0197665
          14     3.00656     3.08612   0.0192962
          15      3.0038     3.08063   0.0187834
          16     3.03616     3.07785   0.0177887
          17     3.19814     3.08492   0.0181462
          18      3.1413     3.08806   0.0173927
          19     3.11653     3.08955     0.01652
          20     3.20563     3.09536   0.0167124
          21     3.18801     3.09977   0.0164976
          22     3.04346     3.09721   0.0159367
          23     2.98854     3.09249   0.0159442
          24     3.22246      3.0979   0.0161975
          25     3.26453     3.10457   0.0169054
          26     3.05133     3.10252   0.0163707
          27     2.93102     3.09617   0.0169851
          28     3.18971     3.09951   0.0167048
          29      3.1534     3.10137   0.0162252
          30      3.0133     3.09843   0.0159476
           1     2.99027     2.99027           0
           2      3.0184     3.00434   0.0140613
           3     2.91122      2.9733   0.0320823
           4     3.02872     2.98715   0.0265826
           5     2.99078     2.98788   0.0206036
           6      2.8666     2.96767   0.0262977
           7     3.10296     2.98699    0.029454
           8     2.94013     2.98114   0.0261718
           9     3.02184     2.98566   0.0235202
          10     2.81785     2.96888   0.0269102
          11     2.92016     2.96445   0.0247409
          12     2.87161     2.95671   0.0238735
          13     2.92575     2.95433   0.0220892
          14     2.94897     2.95395   0.0204542
          15     2.94014     2.95303   0.0190641
          16      2.9951     2.95566   0.0180256
          17     2.94734     2.95517   0.0169392
          18     3.01939     2.95874   0.0163641
          19     3.02499     2.96222   0.0158668
          20     2.98101     2.96316   0.0150819
          21      3.0294     2.96632   0.0146884
          22     2.89951     2.96328   0.0143303
          23     2.96388     2.96331   0.0136931
          24     2.93784     2.96224    0.013153
          25       3.023     2.96468   0.0128479
          26     2.95456     2.96429     0.01235
          27     2.94014     2.96339   0.0119174
          28     2.86294      2.9598   0.0120312
          29     2.96228     2.95989   0.0116093
          30     3.00256     2.96131   0.0113055
           1     2.72018     2.72018           0
           2     2.81895     2.76956    0.049383
           3       2.814     2.78437   0.0321287
           4      2.8886     2.81043    0.034569
           5     2.70564     2.78947   0.0340035
           6     2.87528     2.80377   0.0312305
           7     2.89467     2.81676   0.0294157
           8     2.88555     2.82536   0.0268871
           9     2.81137      2.8238   0.0237631
          10      2.8205     2.82347   0.0212569
          11     2.95327     2.83527   0.0225597
          12     2.86249     2.83754   0.0207186
          13     2.82161     2.83632   0.0190977
          14     2.80146     2.83383   0.0178554
          15     2.78133     2.83033   0.0169869
          16     2.79108     2.82787    0.016078
          17     2.89786     2.83199   0.0156538
          18     2.89454     2.83547   0.0151621
          19     2.84468     2.83595   0.0143501
          20     2.70646     2.82948   0.0150748
          21     2.93129     2.83432   0.0151365
          22     2.96657     2.84034   0.0156339
          23     2.85048     2.84078   0.0149452
          24     2.73864     2.83652   0.0149284
          25     2.81853      2.8358   0.0143369
          26      2.8985     2.83821   0.0139839
          27     2.77261     2.83578   0.0136737
          28     2.82984     2.83557    0.013178
          29     2.95869     2.83982   0.0134055
          30     2.76684     2.83738   0.0131774
           1     2.60989     2.60989           0
           2     2.74219     2.67604   0.0661478
           3     2.60459     2.65222   0.0450093
           4     2.70325     2.66498   0.0342879
           5     2.60683     2.65335   0.0289942
           6     2.69103     2.65963   0.0244924
           7     2.75189     2.67281   0.0245398
           8     2.64175     2.66893   0.0216039
           9     2.75473     2.67846   0.0213048
          10     2.72939     2.68355   0.0197243
          11     2.59368     2.67538   0.0196231
          12     2.69988     2.67742   0.0180293
          13     2.83475     2.68953   0.0205305
          14     2.64995      2.6867   0.0192165
          15     2.73324      2.6898   0.0181567
          16     2.72579     2.69205   0.0171323
          17     2.60985     2.68722   0.0168037
          18     2.56396     2.68037   0.0172592
          19     2.80805     2.68709   0.0176546
          20      2.8129     2.69338   0.0178911
          21     2.63379     2.69054   0.0172527
          22     2.72117     2.69193   0.0165086
          23     2.78869     2.69614   0.0163258
          24     2.64003      2.6938   0.0158047
          25     2.72083     2.69488   0.0151979
          26     2.62137     2.69206   0.0148728
          27     2.78407     2.69546   0.0147116
          28       2.663      2.6943   0.0142237
          29     2.66172     2.69318   0.0137704
          30     2.70662     2.69363    0.013311
           1     2.59851     2.59851           0
           2     2.53402     2.56626   0.0322453
           3     2.45054     2.52769   0.0428317
           4     2.55914     2.53555   0.0312905
           5     2.60501     2.54944   0.0279368
           6     2.56171     2.55149   0.0229017
           7     2.69136     2.57147   0.0278197
           8     2.53146     2.56647   0.0246061
           9     2.64415      2.5751   0.0233543
          10     2.54728     2.57232   0.0210731
          11     2.58735     2.57368   0.0191102
          12     2.69879     2.58411   0.0203229
          13     2.67842     2.59136   0.0200527
          14     2.63532      2.5945   0.0188288
          15     2.61495     2.59587   0.0175816
          16      2.6858     2.60149     0.01738
          17      2.6456     2.60408   0.0165306
          18     2.50614     2.59864   0.0165077
          19     2.60003     2.59871   0.0156149
          20     2.56951     2.59725   0.0148854
          21     2.61793     2.59824    0.014193
          22     2.64216     2.60024    0.013679
          23     2.59409     2.59997   0.0130735
          24      2.6882     2.60364   0.0130456
          25     2.52947     2.60068   0.0128599
          26      2.5428     2.59845   0.0125543
          27     2.61292     2.59899   0.0120923
          28     2.51846     2.59611   0.0120021
          29     2.55994     2.59486   0.0116478
          30     2.65174     2.59676   0.0114115
           1     2.53747     2.53747           0
           2     2.55141     2.54444  0.00696656
           3      2.4895     2.52613   0.0187494
           4     2.46017     2.50964   0.0211581
           5     2.43245      2.4942   0.0225148
           6     2.44442      2.4859   0.0201689
           7     2.50774     2.48902   0.0173288
           8      2.5098     2.49162   0.0152302
           9     2.49556     2.49206   0.0134389
          10     2.44384     2.48724   0.0129511
          11     2.60211     2.49768   0.0156938
          12     2.48876     2.49694   0.0143456
          13     2.43215     2.49195   0.0141057
          14     2.56584     2.49723   0.0140856
          15     2.51106     2.49815   0.0131453
          16     2.52534     2.49985   0.0124131
          17     2.47709     2.49851   0.0117367
          18      2.4864     2.49784    0.011086
          19     2.35842      2.4905   0.0127987
          20     2.47696     2.48982   0.0121608
          21     2.40805     2.48593    0.012205
          22     2.47849     2.48559   0.0116419
          23     2.50097     2.48626   0.0111443
          24     2.61322     2.49155   0.0119094
          25     2.46562     2.49051     0.01147
          26     2.48504      2.4903   0.0110221
          27     2.44297     2.48855   0.0107499
          28      2.4998     2.48895   0.0103667
          29     2.51658      2.4899   0.0100481
          30     2.53748     2.49149  0.00983603
           1     2.43638     2.43638           0
           2     2.44577     2.44108  0.00469505
           3      2.3537     2.41195   0.0292533
           4     2.35879     2.39866   0.0245874
           5      2.4466     2.40825   0.0213229
           6     2.41548     2.40945   0.0174518
           7     2.38927     2.40657   0.0150285
           8     2.39944     2.40568   0.0130456
           9     2.52529     2.41897   0.0175781
          10      2.4418     2.42125   0.0158872
          11     2.56762     2.43456   0.0195851
          12     2.32337     2.42529   0.0201373
          13     2.40055     2.42339   0.0186211
          14     2.49549     2.42854   0.0179926
          15     2.47105     2.43137   0.0169883
          16     2.41539     2.43037   0.0159225
          17     2.41625     2.42954   0.0149796
          18     2.39884     2.42784   0.0142256
          19     2.48343     2.43076   0.0137705
          20     2.41051     2.42975   0.0131031
          21     2.26001     2.42167   0.0148551
          22     2.37812     2.41969   0.0143014
          23     2.47553     2.42212   0.0138795
          24     2.34916     2.41908   0.0136319
          25     2.35159     2.41638    0.013351
          26     2.30273     2.41201   0.0135514
          27     2.49144     2.41495   0.0133677
          28     2.43408     2.41563   0.0128995
          29     2.37777     2.41433    0.012515
          30     2.37788     2.41311   0.0121516
           1     2.30362     2.30362           0
           2     2.18336     2.24349   0.0601329
           3     2.27272     2.25323   0.0360587
           4     2.33452     2.27356    0.032605
           5     2.29242     2.27733    0.025536
           6     2.44103     2.30461   0.0343381
           7      2.3349     2.30894   0.0293418
           8     2.32528     2.31098   0.0254927
           9     2.37491     2.31808   0.0235779
          10     2.28771     2.31505   0.0213063
          11     2.38478     2.32139   0.0202882
          12     2.41719     2.32937   0.0201678
          13     2.37461     2.33285   0.0188753
          14     2.28527     2.32945   0.0178025
          15     2.29164     2.32693   0.0167638
          16     2.30238      2.3254    0.015756
          17     2.26841     2.32204   0.0151751
          18     2.22715     2.31677   0.0152476
          19     2.30185     2.31599   0.0144441
          20     2.29164     2.31477   0.0137568
          21     2.40208     2.31893     0.01373
          22      2.3617     2.32087   0.0132347
          23     2.29227     2.31963   0.0127072
          24     2.29014      2.3184   0.0122281
          25     2.33873     2.31921   0.0117569
          26     2.26933     2.31729   0.0114575
          27     2.20437     2.31311   0.0117915
          28     2.31934     2.31333   0.0113648
          29     2.48238     2.31916    0.012419
          30     2.24452     2.31668   0.0122532
           1     2.30527     2.30527           0
           2     2.16383     2.23455   0.0707167
           3     2.19061      2.2199    0.043376
           4     2.31059     2.24258   0.0381411
           5     2.24913     2.24389    0.029573
           6     2.17259       2.232    0.026912
           7     2.18686     2.22555   0.0236413
           8     2.18923     2.22101   0.0209713
           9     2.17675      2.2161   0.0191378
          10     2.20756     2.21524   0.0171386
          11     2.17853      2.2119   0.0158577
          12     2.26721     2.21651    0.015192
          13      2.1449       2.211    0.015021
          14     2.22376     2.21192   0.0139366
          15     2.19348     2.21069   0.0130324
          16     2.24377     2.21275   0.0123648
          17     2.25285     2.21511   0.0118518
          18     2.22492     2.21566   0.0111872
          19     2.34089     2.22225   0.0124669
          20     2.20656     2.22146   0.0118531
          21     2.22546     2.22165   0.0112762
          22     2.22731     2.22191   0.0107545
          23     2.29609     2.22514   0.0107704
          24     2.21399     2.22467   0.0103224
          25     2.21437     2.22426  0.00990943
          26     2.25101     2.22529  0.00957611
          27     2.20312     2.22447  0.00925114
          28      2.1646     2.22233  0.00916748
          29     2.33133     2.22609  0.00961109
          30     2.16696     2.22412  0.00949205
           1     2.14542     2.14542           0
           2      2.2284     2.18691   0.0414901
           3     2.22361     2.19914    0.026897
           4     2.09235     2.17245     0.03278
           5     2.11722      2.1614   0.0276899
           6     2.17454     2.16359   0.0227146
           7     2.17775     2.16561   0.0193036
           8     2.17679     2.16701   0.0167757
           9     2.11815     2.16158   0.0157594
          10      2.2161     2.16703   0.0151132
          11     2.16715     2.16704   0.0136704
          12     2.25944     2.17474   0.0146633
          13     2.10387     2.16929   0.0145483
          14     2.08073     2.16297   0.0148807
          15     2.09879     2.15869   0.0144987
          16     2.16937     2.15936   0.0135788
          17     2.11986     2.15703   0.0129649
          18      2.0908     2.15335   0.0127653
          19     2.15864     2.15363   0.0120779
          20     2.22418     2.15716   0.0119888
          21     2.30544     2.16422   0.0134127
          22     2.27908     2.16944   0.0138132
          23     2.16901     2.16942    0.013199
          24     2.13125     2.16783   0.0127368
          25     2.19661     2.16898   0.0122708
          26     2.23449      2.1715   0.0120556
          27     2.10921     2.16919   0.0118278
          28     2.12095     2.16747    0.011527
          29     2.14188     2.16659   0.0111574
          30     2.11964     2.16502   0.0108921
           1     2.04724     2.04724           0
           2     2.08317     2.06521   0.0179653
           3     2.06459       2.065   0.0103742
           4     2.13893     2.08349   0.0198857
           5     2.06058      2.0789     0.01607
           6     2.06958     2.07735   0.0132129
           7     2.07439     2.07693    0.011175
           8     2.06763     2.07576  0.00974728
           9     2.08168     2.07642  0.00862142
          10     2.13787     2.08257  0.00985976
          11     2.13926     2.08772   0.0103005
          12     2.07219     2.08643  0.00949165
          13       2.107     2.08801  0.00887327
          14     2.09402     2.08844  0.00822627
          15     2.10757     2.08971   0.0077637
          16     2.11328     2.09119  0.00741013
          17     2.00807      2.0863  0.00850622
          18     2.08651     2.08631  0.00801975
          19     2.11684     2.08792  0.00775427
          20     2.09564      2.0883  0.00736648
          21     2.15314     2.09139  0.00765708
          22      1.9953     2.08702  0.00850759
          23     2.13239     2.08899  0.00836513
          24     2.06535     2.08801  0.00806935
          25     2.03017      2.0857  0.00807823
          26     2.09822     2.08618  0.00777626
          27     2.10127     2.08674  0.00750356
          28     2.15303      2.0891  0.00760838
          29     2.02011     2.08673  0.00771727
          30     2.06907     2.08614  0.00747879
           1     2.00694     2.00694           0
           2     2.02208     2.01451  0.00757015
           3      1.9856     2.00488   0.0105814
           4     2.05374     2.01709   0.0143244
           5     1.93401     2.00048   0.0199806
           6     2.06954     2.01199   0.0199661
           7     2.04927     2.01731    0.017695
           8     2.02978     2.01887   0.0154034
           9     2.03051     2.02016   0.0136459
          10     2.05443     2.02359   0.0126771
          11     1.98088     2.01971   0.0121064
          12     2.01153     2.01903   0.0110726
          13      2.0009     2.01763   0.0102803
          14     1.97198     2.01437   0.0100609
          15        2.07     2.01808   0.0100737
          16     1.99402     2.01658  0.00954238
          17     1.96828     2.01373  0.00940299
          18     2.01151     2.01361  0.00886609
          19     1.98705     2.01221  0.00850216
          20     2.08655     2.01593  0.00888097
          21      1.9313      2.0119  0.00935953
          22     1.96003     2.00954   0.0092302
          23     2.06568     2.01198  0.00915128
          24     2.05475     2.01376  0.00894106
          25     1.92914     2.01038   0.0092199
          26     2.03644     2.01138  0.00891472
          27     2.08131     2.01397  0.00896059
          28     2.06129     2.01566  0.00879846
          29     2.00566     2.01532  0.00849665
          30       2.027     2.01571  0.00821778
           1     1.93186     1.93186           0
           2     1.92923     1.93054  0.00131451
           3     1.87942      1.9135   0.0170574
           4      1.9321     1.91815   0.0129264
           5     1.95516     1.92555   0.0124509
           6     1.92168     1.92491   0.0101865
           7     1.94305      1.9275  0.00899066
           8      1.9659      1.9323  0.00914689
           9     1.86492     1.92481   0.0110054
          10     1.96614     1.92895   0.0106757
          11     1.94688     1.93058  0.00979323
          12     1.95319     1.93246  0.00913645
          13     1.86532      1.9273   0.0098645
          14     1.91771     1.92661   0.0091584
          15     1.92365     1.92641   0.0085283
          16     1.97302     1.92933  0.00849272
          17      2.0077     1.93394  0.00921389
          18     1.93641     1.93407  0.00868803
          19     1.95101     1.93497  0.00826626
          20     1.87597     1.93202  0.00837847
          21     1.94876     1.93281  0.00800931
          22      2.0089     1.93627  0.00838317
          23     1.88765     1.93416  0.00828463
          24     1.88153     1.93197  0.00822942
          25     1.91114     1.93113  0.00793722
          26     1.87442     1.92895  0.00793164
          27     1.92943     1.92897  0.00763224
          28     1.93663     1.92924  0.00735971
          29     1.98603      1.9312  0.00736645
          30      1.8545     1.92864  0.00756199
           1     1.86025     1.86025           0
           2     1.83722     1.84874   0.0115185
           3      1.8923     1.86326   0.0159719
           4     1.90751     1.87432     0.01581
           5     1.89612     1.87868   0.0129994
           6     1.83401     1.87124   0.0129645
           7     1.82551      1.8647   0.0127566
           8     1.92997     1.87286   0.0137332
           9     1.81994     1.86698   0.0134633
          10     1.82039     1.86232   0.0129118
          11     1.92618     1.86813   0.0130425
          12     1.85432     1.86698   0.0119616
          13     1.90539     1.86993   0.0113929
          14      1.8615     1.86933    0.010565
          15     1.85557     1.86841  0.00987814
          16     1.91049     1.87104   0.0096071
          17     1.91234     1.87347  0.00934562
          18     1.86486     1.87299  0.00882411
          19     1.90648     1.87476  0.00853081
          20     1.90249     1.87614  0.00821094
          21     1.90851     1.87768  0.00796077
          22     1.88194     1.87788  0.00759277
          23     1.83102     1.87584  0.00753574
          24     1.84516     1.87456  0.00732731
          25     1.93579     1.87701  0.00744266
          26     1.93098     1.87909  0.00744585
          27     1.83128     1.87732  0.00738033
          28     1.89269     1.87787  0.00713304
          29     1.89015     1.87829  0.00689571
          30     1.92658      1.8799  0.00685358
           1     1.83552     1.83552           0
           2     1.87615     1.85583   0.0203139
           3     1.86387     1.85851   0.0120299
           4     1.82843     1.85099   0.0113549
           5     1.75284     1.83136   0.0215107
           6     1.83716     1.83233     0.01759
           7     1.78179     1.82511   0.0165263
           8     1.84823       1.828   0.0146012
           9     1.82594     1.82777   0.0128791
          10      1.8869     1.83368   0.0129484
          11     1.79936     1.83056   0.0121208
          12     1.72534     1.82179   0.0141181
          13     1.88606     1.82674   0.0138958
          14     1.84191     1.82782   0.0129106
          15     1.85544     1.82966   0.0121593
          16     1.75118     1.82476   0.0123866
          17      1.8254     1.82479   0.0116353
          18     1.78125     1.82238   0.0112334
          19     1.81131     1.82179   0.0106417
          20     1.82517     1.82196    0.010097
          21     1.78948     1.82041  0.00972792
          22     1.88976     1.82357  0.00979614
          23     1.85299     1.82485  0.00944754
          24     1.82358     1.82479  0.00904549
          25     1.77524     1.82281  0.00889963
          26     1.85549     1.82407  0.00864237
          27     1.78836     1.82275  0.00842063
          28      1.8155     1.82249  0.00811844
          29     1.77132     1.82072  0.00802975
          30     1.82111     1.82074  0.00775749
           1     1.78103     1.78103           0
           2      1.7974     1.78921  0.00818178
           3      1.7423     1.77358   0.0163353
           4     1.73347     1.76355   0.0152959
           5     1.76075     1.76299   0.0118615
           6     1.81377     1.77145   0.0128617
           7     1.80502     1.77625   0.0118809
           8     1.75031     1.77301    0.010788
           9     1.72725     1.76792    0.010787
          10     1.82268      1.7734   0.0110938
          11      1.7539     1.77163   0.0101901
          12     1.84538     1.77777   0.0111493
          13     1.79865     1.77938   0.0103808
          14     1.72024     1.77515    0.010498
          15     1.71905     1.77141   0.0104645
          16     1.72605     1.76858   0.0101909
          17     1.76809     1.76855  0.00957277
          18     1.81097     1.77091  0.00932786
          19     1.73323     1.76892  0.00904336
          20     1.77763     1.76936  0.00859034
          21     1.75013     1.76844  0.00822217
          22     1.74572     1.76741  0.00790727
          23     1.76336     1.76723   0.0075577
          24     1.73137     1.76574  0.00738868
          25     1.83511     1.76851  0.00761081
          26     1.79061     1.76936  0.00736146
          27     1.80355     1.77063  0.00719586
          28     1.70097     1.76814  0.00736687
          29     1.76566     1.76806  0.00710882
          30     1.71289     1.76622  0.00710968
           1     1.71708     1.71708           0
           2      1.7231     1.72009  0.00301333
           3     1.72752     1.72257  0.00302776
           4     1.70719     1.71872   0.0044006
           5     1.73277     1.72153  0.00441775
           6     1.67423     1.71365  0.00866912
           7     1.76204     1.72056   0.0100734
           8     1.73933     1.72291  0.00903383
           9     1.78794     1.73013    0.010756
          10     1.72071     1.72919  0.00966648
          11     1.75729     1.73175  0.00910924
          12     1.65288     1.72517   0.0105994
          13     1.74022     1.72633  0.00981842
          14     1.69439     1.72405  0.00937213
          15     1.76863     1.72702  0.00921729
          16     1.75164     1.72856  0.00875815
          17     1.72857     1.72856  0.00822685
          18     1.69953     1.72695  0.00792224
          19     1.75369     1.72836  0.00762473
          20     1.79369     1.73162  0.00793687
          21     1.75588     1.73278  0.00763736
          22     1.68313     1.73052  0.00762362
          23     1.73997     1.73093  0.00729619
          24     1.73713     1.73119  0.00699034
          25     1.67487     1.72894  0.00707323
          26     1.67918     1.72702  0.00706003
          27     1.67795     1.72521  0.00703243
          28     1.73376     1.72551   0.0067835
          29     1.77857     1.72734   0.0067963
          30     1.75254     1.72818  0.00661934
           1     1.63361     1.63361           0
           2     1.68351     1.65856   0.0249512
           3      1.6818     1.66631   0.0163567
           4     1.63709       1.659    0.013679
           5     1.61043     1.64929   0.0143749
           6     1.65424     1.65012    0.011766
           7     1.66104     1.65168   0.0100658
           8     1.69125     1.65662   0.0100229
           9      1.7309     1.66488   0.0120937
          10     1.68074     1.66646   0.0109326
          11     1.63562     1.66366   0.0102788
          12     1.66866     1.66407  0.00939244
          13     1.69744     1.66664   0.0090129
          14     1.66208     1.66632  0.00835068
          15     1.62147     1.66333  0.00832911
          16     1.61243     1.66015   0.0084154
          17     1.64549     1.65928  0.00795175
          18     1.70855     1.66202  0.00798096
          19     1.70474     1.66427  0.00787691
          20     1.66707     1.66441  0.00747401
          21     1.64488     1.66348  0.00716979
          22      1.6811     1.66428  0.00688292
          23     1.64914     1.66362  0.00660973
          24     1.68537     1.66453  0.00639287
          25      1.6289      1.6631  0.00629523
          26     1.65524      1.6628  0.00605581
          27     1.66388     1.66284  0.00582735
          28     1.68236     1.66354   0.0056585
          29     1.66272     1.66351  0.00545996
          30     1.64555     1.66291  0.00530868
           1     1.59136     1.59136           0
           2     1.60495     1.59815   0.0067964
           3     1.62109      1.6058  0.00859313
           4     1.59623     1.60341  0.00652998
           5     1.64112     1.61095  0.00908233
           6      1.6369     1.61528  0.00858505
           7     1.61409     1.61511  0.00725767
           8     1.59306     1.61235  0.00686273
           9     1.67983     1.61985  0.00963541
          10      1.5761     1.61547  0.00966521
          11     1.61996     1.61588  0.00875202
          12     1.57593     1.61255  0.00865534
          13     1.65093      1.6155  0.00849136
          14     1.60518     1.61477  0.00789595
          15     1.57228     1.61193  0.00787753
          16     1.66521     1.61526  0.00808609
          17     1.58788     1.61365  0.00776452
          18     1.64069     1.61515  0.00747303
          19     1.61245     1.61501  0.00707021
          20     1.65619     1.61707  0.00701623
          21     1.65079     1.61868  0.00686424
          22     1.59298     1.61751  0.00664818
          23     1.67434     1.61998  0.00681624
          24     1.56175     1.61755  0.00696244
          25      1.6185     1.61759  0.00667825
          26     1.64405     1.61861  0.00649645
          27     1.62789     1.61895  0.00626066
          28     1.65098      1.6201  0.00614036
          29      1.6187     1.62005  0.00592504
          30     1.57383     1.61851  0.00592782
           1     1.54093     1.54093           0
           2      1.5874     1.56416   0.0232348
           3     1.63255     1.58696   0.0264492
           4     1.55305     1.57848   0.0205337
           5     1.56334     1.57545   0.0161909
           6     1.55823     1.57258    0.013528
           7     1.61574     1.57875   0.0129896
           8     1.57074     1.57775   0.0112937
           9     1.56202       1.576   0.0101122
          10     1.54452     1.57285   0.0095768
          11     1.56344       1.572  0.00870466
          12     1.59196     1.57366  0.00811845
          13      1.5512     1.57193  0.00766516
          14     1.54446     1.56997  0.00736286
          15     1.60989     1.57263  0.00735306
          16      1.5462     1.57098  0.00707379
          17     1.59228     1.57223  0.00676181
          18     1.60459     1.57403  0.00662377
          19     1.57234     1.57394  0.00626609
          20     1.58499     1.57449  0.00597016
          21     1.55374      1.5735  0.00576412
          22     1.55731     1.57277  0.00554495
          23     1.54097     1.57139  0.00547584
          24     1.52442     1.56943  0.00559607
          25      1.6167     1.57132   0.0056909
          26     1.61284     1.57292  0.00569611
          27     1.55405     1.57222  0.00552545
          28     1.52213     1.57043  0.00561689
          29     1.55866     1.57002  0.00543491
          30     1.55987     1.56969  0.00526152
           1     1.52661     1.52661           0
           2     1.51926     1.52294  0.00367719
           3     1.50593     1.51727   0.0060546
           4      1.5293     1.52028  0.00523296
           5     1.57091      1.5304   0.0109082
           6     1.52754     1.52993  0.00891928
           7     1.55324     1.53326  0.00824138
           8     1.58095     1.53922  0.00929945
           9      1.5271     1.53787  0.00831116
          10     1.57384     1.54147  0.00825812
          11     1.55572     1.54276  0.00758122
          12      1.5444      1.5429  0.00692202
          13     1.50708     1.54014  0.00693806
          14     1.53867     1.54004  0.00642426
          15     1.49249     1.53687  0.00676894
          16     1.48631     1.53371  0.00707638
          17     1.57623     1.53621  0.00710219
          18     1.53914     1.53637  0.00669798
          19     1.54086     1.53661  0.00634005
          20     1.58687     1.53912  0.00651862
          21     1.53123     1.53875  0.00621183
          22      1.4764     1.53591  0.00656574
          23     1.51428     1.53497  0.00634392
          24     1.53905     1.53514  0.00607622
          25     1.46576     1.53237  0.00645515
          26     1.55726     1.53332  0.00627536
          27     1.52732      1.5331  0.00604255
          28     1.53692     1.53324  0.00582434
          29      1.5091     1.53241  0.00568122
          30     1.56547     1.53351  0.00559817
           1     1.51998     1.51998           0
           2     1.50879     1.51438  0.00559515
           3     1.42963     1.48613   0.0284341
           4     1.54712     1.50138   0.0252338
           5     1.48119     1.49734   0.0199588
           6     1.47844     1.49419    0.016598
           7     1.46562     1.49011   0.0146094
           8     1.43205     1.48285    0.014586
           9     1.45007     1.47921   0.0133695
          10      1.5014     1.48143   0.0121622
          11     1.48374     1.48164   0.0110032
          12     1.48032     1.48153   0.0100451
          13     1.53983     1.48601   0.0102709
          14     1.50655     1.48748  0.00962144
          15     1.45183      1.4851  0.00926699
          16     1.43876     1.48221  0.00913957
          17     1.51184     1.48395   0.0087603
          18     1.50224     1.48497  0.00832158
          19     1.51672     1.48664  0.00804687
          20     1.48981      1.4868  0.00763558
          21     1.51818     1.48829  0.00741501
          22     1.50126     1.48888  0.00709445
          23     1.49482     1.48914  0.00678391
          24     1.48352     1.48891  0.00649931
          25     1.48005     1.48855  0.00624397
          26     1.49753      1.4889  0.00600895
          27     1.44849      1.4874  0.00597263
          28     1.48192      1.4872  0.00575869
          29     1.45723     1.48617   0.0056519
          30     1.44662     1.48485  0.00561719
           1     1.41806     1.41806           0
           2     1.44437     1.43122   0.0131556
           3      1.4628     1.44175   0.0129819
           4     1.43394     1.43979  0.00938478
           5     1.51541     1.45492   0.0167797
           6     1.44451     1.45318     0.01381
           7     1.49584     1.45928    0.013167
           8     1.44848     1.45793   0.0114825
           9      1.4505      1.4571   0.0101602
          10     1.41535     1.45293   0.0100007
          11     1.44703     1.45239  0.00906188
          12     1.49202     1.45569  0.00890708
          13     1.47718     1.45735  0.00835837
          14     1.46562     1.45794  0.00776088
          15     1.40011     1.45408   0.0081891
          16     1.42191     1.45207   0.0079197
          17     1.44859     1.45187  0.00744209
          18     1.41557     1.44985  0.00730051
          19     1.45663     1.45021  0.00691481
          20     1.40477     1.44793  0.00694226
          21     1.46123     1.44857   0.0066337
          22      1.4285     1.44766  0.00639045
          23     1.46573     1.44844  0.00615662
          24     1.40438     1.44661  0.00617378
          25     1.43207     1.44602  0.00595015
          26     1.42217     1.44511  0.00578985
          27     1.49668     1.44702  0.00588965
          28     1.46089     1.44751  0.00569699
          29     1.45115     1.44764  0.00549846
          30     1.52259     1.45014  0.00587027
           1     1.44464     1.44464           0
           2     1.41883     1.43173   0.0129067
           3     1.41969     1.42772  0.00846367
           4      1.4594     1.43564  0.00992752
           5     1.42857     1.43423  0.00781869
           6     1.36702     1.42303    0.012892
           7     1.39615     1.41919   0.0115527
           8     1.40718     1.41769   0.0101168
           9     1.41944     1.41788  0.00892432
          10     1.44255     1.42035  0.00835457
          11     1.42519     1.42079  0.00756981
          12      1.4464     1.42292  0.00723244
          13     1.38435     1.41995  0.00728462
          14     1.44853       1.422  0.00704636
          15     1.41742     1.42169  0.00656689
          16      1.4114     1.42105  0.00617637
          17     1.41949     1.42096  0.00580241
          18     1.40817     1.42025   0.0055165
          19     1.40664     1.41953    0.005267
          20     1.36282     1.41669  0.00574506
          21     1.39915     1.41586  0.00552815
          22      1.3914     1.41475  0.00538687
          23      1.4108     1.41457   0.0051502
          24      1.3875     1.41345  0.00505833
          25     1.37833     1.41204  0.00505102
          26     1.41117     1.41201  0.00485298
          27     1.43741     1.41295  0.00476359
          28     1.40866      1.4128  0.00459287
          29     1.47033     1.41478  0.00485549
          30     1.47503     1.41679  0.00510268
           1     1.39319     1.39319           0
           2     1.34884     1.37102   0.0221733
           3     1.36849     1.37018   0.0128294
           4     1.36346      1.3685   0.0092257
           5     1.36842     1.36848  0.00714621
           6     1.37727     1.36995  0.00601608
           7     1.40567     1.37505   0.0072038
           8     1.39891     1.37803  0.00691517
           9     1.33355     1.37309  0.00785022
          10     1.35872     1.37165  0.00716694
          11     1.38746     1.37309  0.00664006
          12     1.39366      1.3748  0.00629914
          13     1.38874     1.37588  0.00589271
          14     1.40733     1.37812  0.00589996
          15      1.3474     1.37607  0.00586209
          16     1.33677     1.37362  0.00600863
          17     1.39693     1.37499  0.00580834
          18     1.36744     1.37457  0.00549218
          19     1.38877     1.37532  0.00524857
          20     1.39266     1.37618  0.00505414
          21     1.35689     1.37527  0.00489445
          22     1.39014     1.37594  0.00471542
          23     1.37109     1.37573  0.00451069
          24     1.36098     1.37512  0.00436216
          25     1.33636     1.37357    0.004462
          26     1.34085     1.37231  0.00446782
          27     1.34247      1.3712   0.0044389
          28     1.39373     1.37201  0.00435245
          29     1.39197      1.3727  0.00425573
          30     1.38852     1.37322  0.00414513
