           1    -1.00662    -1.00662           0
           2    -1.00227    -1.00444  0.00217453
           3    -1.00448    -1.00445  0.00125552
           4   -0.993359    -1.00168  0.00291237
           5    -1.00179     -1.0017  0.00225601
           6    -1.00376    -1.00204  0.00187378
           7    -1.00248    -1.00211  0.00158486
           8    -1.00189    -1.00208   0.0013728
           9   -0.999904    -1.00184  0.00123459
          10   -0.994159    -1.00107  0.00134502
          11    -1.00767    -1.00167  0.00135644
          12     -1.0063    -1.00206  0.00129697
          13    -1.00299    -1.00213   0.0011952
          14    -1.00231    -1.00214  0.00110662
          15    -1.00223    -1.00215  0.00103022
          16    -1.00635    -1.00241 0.000998785
          17    -1.00209    -1.00239 0.000938389
          18    -1.00595    -1.00259 0.000906542
          19   -0.998786    -1.00239 0.000880539
          20     -1.0075    -1.00264 0.000873588
          21    -1.00797     -1.0029 0.000868769
          22    -1.00643    -1.00306 0.000843788
          23    -1.00815    -1.00328 0.000836148
          24   -0.998463    -1.00308 0.000825322
          25    -1.00944    -1.00333 0.000831539
          26    -1.00376    -1.00335 0.000799083
          27    -1.00464     -1.0034 0.000770396
          28    -1.00796    -1.00356  0.00076002
          29    -1.00658    -1.00366 0.000740707
          30     -1.0038    -1.00367 0.000715606
           1   -0.996685   -0.996685           0
           2    -1.00196   -0.999325  0.00263995
           3   -0.987525   -0.995392  0.00421839
           4   -0.992489   -0.994666  0.00306983
           5   -0.990899   -0.993913   0.0024944
           6   -0.995001   -0.994094  0.00204473
           7   -0.991387   -0.993707  0.00177086
           8   -0.987738   -0.992961  0.00170547
           9   -0.997349   -0.993449  0.00158115
          10   -0.998721   -0.993976   0.0015093
          11    -0.99706   -0.994256  0.00139371
          12   -0.993529   -0.994196  0.00127372
          13   -0.998233   -0.994506  0.00121212
          14    -1.00404   -0.995187  0.00131252
          15   -0.991975   -0.994973   0.0012405
          16    -1.00208   -0.995417  0.00124241
          17   -0.998104   -0.995575  0.00117769
          18   -0.998933   -0.995761  0.00112591
          19   -0.994728   -0.995707  0.00106639
          20    -1.00236    -0.99604    0.001065
          21   -0.989206   -0.995714  0.00106399
          22   -0.989234    -0.99542  0.00105638
          23    -1.00231   -0.995719  0.00105289
          24   -0.997112   -0.995777  0.00100974
          25    -0.99771   -0.995855 0.000971587
          26   -0.993262   -0.995755  0.00093878
          27   -0.990857   -0.995574 0.000921374
          28     -1.0044   -0.995889  0.00094217
          29   -0.998659   -0.995984 0.000914104
          30   -0.993887   -0.995914 0.000885871
           1   -0.989929   -0.989929           0
           2   -0.981458   -0.985693  0.00423555
           3    -0.97295   -0.981446  0.00490135
           4   -0.998893   -0.985807  0.00557121
           5   -0.987297   -0.986105  0.00432572
           6   -0.985785   -0.986052  0.00353233
           7   -0.986445   -0.986108   0.0029859
           8   -0.985594   -0.986044  0.00258666
           9    -0.98824   -0.986288  0.00229423
          10   -0.996335   -0.987293   0.0022848
          11    -0.98139   -0.986756   0.0021352
          12    -0.98789   -0.986851  0.00195145
          13   -0.979677   -0.986299  0.00187798
          14   -0.979236   -0.985794  0.00181039
          15   -0.993893   -0.986334  0.00176974
          16   -0.987502   -0.986407  0.00165705
          17   -0.992934   -0.986791  0.00160317
          18   -0.982606   -0.986559  0.00152927
          19   -0.991792   -0.986834  0.00147253
          20   -0.984319   -0.986708  0.00140262
          21   -0.994541   -0.987081  0.00138531
          22   -0.984506   -0.986964  0.00132602
          23   -0.984146   -0.986842  0.00127297
          24   -0.987013   -0.986849  0.00121879
          25   -0.985921   -0.986812  0.00116961
          26   -0.986522     -0.9868  0.00112378
          27   -0.984965   -0.986732   0.0010835
          28   -0.989583   -0.986834  0.00104903
          29   -0.992547   -0.987031   0.0010312
          30   -0.991544   -0.987182  0.00100753
           1   -0.974054   -0.974054           0
           2   -0.978384   -0.976219  0.00216539
           3   -0.979701    -0.97738   0.0017059
           4   -0.978742    -0.97772  0.00125344
           5    -0.98288   -0.978752  0.00141694
           6   -0.983384   -0.979524  0.00139083
           7   -0.968584   -0.977961  0.00195559
           8   -0.978252   -0.977998  0.00169398
           9   -0.975622   -0.977734  0.00151708
          10   -0.976839   -0.977644  0.00135987
          11   -0.981295   -0.977976  0.00127405
          12   -0.974915   -0.977721  0.00119068
          13   -0.978408   -0.977774  0.00109654
          14   -0.975664   -0.977623  0.00102633
          15   -0.983796   -0.978035  0.00104031
          16   -0.960387   -0.976932  0.00147091
          17   -0.986495   -0.977494  0.00149182
          18   -0.978824   -0.977568  0.00140844
          19   -0.972554   -0.977304  0.00135814
          20   -0.977495   -0.977314  0.00128848
          21   -0.970214   -0.976976  0.00127136
          22   -0.976416    -0.97695  0.00121246
          23   -0.973871   -0.976816  0.00116626
          24   -0.971386    -0.97659   0.0011393
          25   -0.988721   -0.977075  0.00119566
          26   -0.976149    -0.97704  0.00114931
          27    -0.96498   -0.976593  0.00119272
          28   -0.971752    -0.97642  0.00116226
          29   -0.977385   -0.976453  0.00112196
          30   -0.972226   -0.976313  0.00109303
           1   -0.959686   -0.959686           0
           2   -0.965902   -0.962794  0.00310789
           3   -0.978428   -0.968005  0.00551152
           4   -0.970626    -0.96866  0.00395193
           5    -0.96182   -0.967292  0.00335295
           6   -0.968989   -0.967575  0.00275225
           7   -0.970947   -0.968057  0.00237543
           8   -0.961867   -0.967283  0.00219787
           9    -0.95654   -0.966089   0.0022764
          10   -0.962727   -0.965753  0.00206366
          11   -0.967683   -0.965929  0.00187488
          12   -0.967201   -0.966035   0.0017148
          13   -0.965416   -0.965987  0.00157811
          14    -0.97029   -0.966294  0.00149302
          15   -0.963777   -0.966127  0.00140002
          16   -0.965444   -0.966084   0.0013103
          17   -0.965655   -0.966059  0.00123107
          18   -0.967288   -0.966127  0.00116267
          19   -0.964175   -0.966024  0.00110456
          20   -0.960575   -0.965752  0.00108272
          21   -0.960026   -0.965479  0.00106536
          22   -0.969834   -0.965677  0.00103489
          23    -0.95972   -0.965418  0.00102223
          24   -0.966985   -0.965483 0.000980884
          25   -0.960388   -0.965279 0.000962657
          26   -0.954286   -0.964857  0.00101696
          27   -0.962476   -0.964768 0.000982531
          28   -0.970081   -0.964958 0.000965617
          29   -0.966666   -0.965017 0.000933585
          30   -0.964383   -0.964996 0.000902176
           1   -0.945525   -0.945525           0
           2   -0.953944   -0.949734  0.00420928
           3   -0.956946   -0.952138  0.00341832
           4   -0.950828   -0.951811  0.00243922
           5   -0.949564   -0.951361  0.00194209
           6   -0.951099   -0.951318  0.00158631
           7   -0.948064   -0.950853  0.00141896
           8   -0.952643   -0.951077  0.00124907
           9   -0.957787   -0.951822  0.00133018
          10   -0.953134   -0.951953  0.00119696
          11   -0.961446   -0.952816  0.00138453
          12   -0.952385    -0.95278  0.00126441
          13   -0.951913   -0.952714    0.001165
          14   -0.944869   -0.952153  0.00121545
          15   -0.950536   -0.952045  0.00113665
          16   -0.952745   -0.952089  0.00106414
          17    -0.95652    -0.95235    0.001033
          18    -0.95265   -0.952367 0.000974065
          19   -0.951533   -0.952323 0.000922418
          20   -0.951227   -0.952268 0.000876795
          21   -0.943085   -0.951831 0.000941693
          22   -0.949125   -0.951708 0.000906252
          23   -0.953267   -0.951775 0.000868603
          24    -0.95646   -0.951971 0.000854224
          25   -0.949481   -0.951871 0.000825373
          26   -0.955217      -0.952 0.000803365
          27   -0.944721    -0.95173  0.00081869
          28   -0.949396   -0.951647 0.000793303
          29     -0.9526    -0.95168 0.000766164
          30   -0.949669   -0.951613 0.000743212
           1   -0.932553   -0.932553           0
           2   -0.947145   -0.939849  0.00729595
           3   -0.938603   -0.939434  0.00423274
           4   -0.937385   -0.938922   0.0030365
           5   -0.943269   -0.939791   0.0025076
           6   -0.939388   -0.939724  0.00204855
           7   -0.933659   -0.938858  0.00193605
           8   -0.937168   -0.938646  0.00168991
           9   -0.942883   -0.939117  0.00156294
          10   -0.938625   -0.939068   0.0013988
          11    -0.93859   -0.939024  0.00126601
          12   -0.937856   -0.938927  0.00115979
          13   -0.947525   -0.939588  0.00125524
          14   -0.933395   -0.939146  0.00124348
          15   -0.933122   -0.938745   0.0012253
          16    -0.94769   -0.939304  0.00127526
          17   -0.932989   -0.938932  0.00125417
          18   -0.941801   -0.939092  0.00119314
          19   -0.943376   -0.939317   0.0011509
          20    -0.94383   -0.939543  0.00111491
          21   -0.936803   -0.939412  0.00106849
          22   -0.934224   -0.939176   0.0010457
          23    -0.93812    -0.93913  0.00100026
          24   -0.925778   -0.938574  0.00110756
          25   -0.934546   -0.938413  0.00107448
          26   -0.942931   -0.938587  0.00104686
          27   -0.934655   -0.938441  0.00101781
          28   -0.940395   -0.938511 0.000983264
          29   -0.938205     -0.9385 0.000948812
          30   -0.938042   -0.938485 0.000916766
           1   -0.927671   -0.927671           0
           2   -0.919661   -0.923666  0.00400451
           3   -0.927615   -0.924982  0.00266049
           4   -0.929138   -0.926021   0.0021491
           5   -0.921114    -0.92504  0.00193245
           6   -0.928135   -0.925556  0.00166002
           7   -0.928167   -0.925929  0.00145171
           8   -0.926452   -0.925994  0.00125892
           9    -0.92585   -0.925978  0.00111038
          10   -0.928409   -0.926221  0.00102246
          11   -0.923765   -0.925998 0.000951426
          12   -0.921689   -0.925639 0.000939842
          13    -0.92212   -0.925368 0.000905916
          14   -0.927448   -0.925517 0.000851768
          15   -0.933199   -0.926029 0.000943972
          16   -0.921071   -0.925719 0.000935796
          17   -0.923377   -0.925581 0.000889759
          18   -0.927963   -0.925713 0.000849241
          19   -0.933269   -0.926111 0.000896339
          20   -0.930712   -0.926341 0.000880911
          21   -0.923082   -0.926186 0.000852167
          22   -0.926363   -0.926194  0.00081255
          23   -0.933267   -0.926502 0.000835104
          24   -0.926406   -0.926498 0.000799561
          25   -0.923558    -0.92638 0.000775875
          26   -0.921863   -0.926206 0.000765414
          27   -0.928346   -0.926285 0.000740771
          28   -0.926448   -0.926291 0.000713849
          29    -0.92531   -0.926257 0.000689625
          30   -0.926198   -0.926255 0.000666244
           1   -0.918988   -0.918988           0
           2   -0.912494   -0.915741  0.00324677
           3   -0.909469    -0.91365  0.00280791
           4   -0.916613   -0.914391   0.0021191
           5   -0.913565   -0.914226  0.00164974
           6   -0.912634    -0.91396  0.00137288
           7   -0.917507   -0.914467  0.00126608
           8   -0.913673   -0.914368  0.00110094
           9   -0.904472   -0.913268  0.00146688
          10   -0.908598   -0.912801  0.00139265
          11   -0.915009   -0.913002  0.00127558
          12    -0.90426   -0.912273  0.00137354
          13    -0.91317   -0.912342  0.00126535
          14   -0.911344   -0.912271  0.00117366
          15   -0.905072   -0.911791  0.00119338
          16    -0.90883   -0.911606  0.00113154
          17   -0.900852   -0.910974  0.00123689
          18   -0.907123    -0.91076  0.00118561
          19    -0.92046    -0.91127  0.00123221
          20   -0.916167   -0.911515  0.00119434
          21   -0.904267    -0.91117  0.00118733
          22   -0.910191   -0.911125  0.00113294
          23   -0.911175   -0.911127  0.00108257
          24   -0.902912   -0.910785  0.00109155
          25   -0.913114   -0.910878  0.00105111
          26   -0.920198   -0.911237  0.00107161
          27   -0.906801   -0.911072  0.00104416
          28   -0.912951    -0.91114  0.00100841
          29   -0.912413   -0.911184 0.000974009
          30   -0.905963    -0.91101 0.000956936
           1   -0.902376   -0.902376           0
           2   -0.905048   -0.903712    0.001336
           3   -0.904761   -0.904061 0.000846956
           4   -0.896969   -0.902288  0.00187145
           5   -0.896825   -0.901196  0.00181525
           6   -0.901061   -0.901173  0.00148232
           7   -0.899037   -0.900868  0.00128943
           8   -0.900073   -0.900769   0.0011211
           9   -0.897303   -0.900384  0.00106107
          10    -0.89512   -0.899857  0.00108522
          11   -0.901908   -0.900044 0.000999159
          12   -0.900359    -0.90007 0.000912483
          13   -0.891637   -0.899421  0.00106082
          14   -0.901333   -0.899558 0.000991571
          15   -0.900834   -0.899643 0.000927018
          16   -0.899064   -0.899607 0.000867899
          17   -0.895663   -0.899375 0.000847607
          18    -0.89865   -0.899335 0.000800145
          19   -0.898696   -0.899301 0.000757607
          20   -0.904859   -0.899579  0.00077058
          21   -0.904794   -0.899827 0.000773891
          22   -0.897527   -0.899723 0.000745244
          23   -0.900266   -0.899746 0.000712496
          24   -0.895903   -0.899586 0.000700704
          25    -0.89845   -0.899541 0.000673626
          26   -0.892599   -0.899274 0.000700105
          27   -0.897949   -0.899225  0.00067546
          28     -0.9011   -0.899292 0.000654326
          29   -0.901229   -0.899358 0.000634886
          30   -0.900996   -0.899413 0.000615782
           1   -0.885402   -0.885402           0
           2   -0.886944   -0.886173 0.000770773
           3   -0.884982   -0.885776 0.000596459
           4   -0.886238   -0.885891 0.000437265
           5   -0.890581   -0.886829 0.000997141
           6    -0.88795   -0.887016 0.000835301
           7   -0.881789   -0.886269  0.00102764
           8   -0.881441   -0.885666   0.0010753
           9   -0.880957   -0.885143   0.0010831
          10   -0.881936   -0.884822  0.00102044
          11   -0.887422   -0.885058 0.000952806
          12   -0.883697   -0.884945 0.000877154
          13   -0.886116   -0.885035  0.00081188
          14    -0.88306   -0.884894 0.000764772
          15   -0.886689   -0.885014  0.00072195
          16    -0.88659   -0.885112  0.00068247
          17    -0.88491     -0.8851 0.000641178
          18   -0.891792   -0.885472 0.000709673
          19   -0.888347   -0.885623 0.000688128
          20   -0.886996   -0.885692 0.000656414
          21   -0.878738   -0.885361 0.000706748
          22    -0.88147   -0.885184  0.00069668
          23   -0.890293   -0.885406 0.000701779
          24   -0.889694   -0.885585 0.000695252
          25   -0.888093   -0.885685 0.000674366
          26   -0.883647   -0.885607 0.000652636
          27   -0.887611   -0.885681 0.000632372
          28   -0.886586   -0.885713 0.000610227
          29   -0.882891   -0.885616 0.000596795
          30   -0.885997   -0.885629 0.000576699
           1   -0.873084   -0.873084           0
           2   -0.872325   -0.872705 0.000379467
           3   -0.880862   -0.875424  0.00272778
           4   -0.883022   -0.877323  0.00270713
           5   -0.870997   -0.876058   0.0024491
           6   -0.872326   -0.875436  0.00209418
           7   -0.878669   -0.875898  0.00182918
           8   -0.872327   -0.875452  0.00164578
           9   -0.871359   -0.874997    0.001521
          10   -0.874167   -0.874914  0.00136295
          11   -0.875931   -0.875006   0.0012363
          12   -0.870471   -0.874628  0.00119018
          13   -0.876656   -0.874784  0.00110586
          14   -0.878109   -0.875022  0.00105101
          15   -0.874928   -0.875016 0.000978459
          16   -0.871109   -0.874771 0.000947275
          17   -0.871889   -0.874602 0.000905819
          18    -0.88262   -0.875047 0.000963217
          19   -0.871195   -0.874845 0.000933401
          20    -0.87273   -0.874739 0.000891794
          21   -0.872484   -0.874631 0.000855034
          22   -0.878198   -0.874794 0.000831204
          23   -0.869028   -0.874543 0.000832866
          24   -0.871768   -0.874427  0.00080575
          25   -0.878394   -0.874586 0.000788966
          26   -0.874155   -0.874569 0.000758195
          27   -0.874222   -0.874556 0.000729687
          28   -0.872155   -0.874471 0.000708356
          29   -0.873562   -0.874439 0.000684211
          30   -0.873254     -0.8744  0.00066219
           1   -0.859083   -0.859083           0
           2   -0.857491   -0.858287 0.000796213
           3    -0.85951   -0.858695 0.000614463
           4    -0.86551   -0.860399  0.00175824
           5   -0.861113   -0.860541   0.0013694
           6    -0.85543    -0.85969  0.00140567
           7    -0.86737   -0.860787  0.00161716
           8   -0.860958   -0.860808  0.00140067
           9   -0.855082   -0.860172  0.00138952
          10   -0.864612   -0.860616  0.00131977
          11   -0.865631   -0.861072  0.00127789
          12   -0.865804   -0.861466  0.00123141
          13   -0.860431   -0.861387  0.00113552
          14   -0.860462   -0.861321  0.00105336
          15   -0.860652   -0.861276 0.000981639
          16   -0.860474   -0.861226 0.000919606
          17   -0.860922   -0.861208 0.000864005
          18   -0.857631   -0.861009 0.000838475
          19   -0.865992   -0.861272 0.000835349
          20    -0.86283   -0.861349 0.000796302
          21   -0.866096   -0.861576 0.000790444
          22   -0.861605   -0.861577  0.00075366
          23     -0.8641   -0.861687 0.000728456
          24   -0.860521   -0.861638 0.000699133
          25   -0.867001   -0.861852 0.000704065
          26   -0.867042   -0.862052 0.000705277
          27   -0.864857   -0.862156 0.000686559
          28    -0.86402   -0.862223 0.000664925
          29   -0.858471   -0.862093 0.000654497
          30   -0.864338   -0.862168 0.000636718
           1   -0.854641   -0.854641           0
           2   -0.851769   -0.853205    0.001436
           3    -0.84338    -0.84993  0.00337837
           4   -0.850591   -0.850095  0.00239457
           5   -0.848638   -0.849804   0.0018776
           6   -0.844334   -0.848892  0.00178363
           7   -0.843222   -0.848082  0.00171133
           8   -0.848575   -0.848144  0.00148334
           9   -0.845652   -0.847867  0.00133715
          10   -0.845287   -0.847609   0.0012235
          11   -0.851277   -0.847942  0.00115584
          12   -0.849338   -0.848059  0.00106153
          13   -0.849524   -0.848172 0.000982949
          14   -0.850043   -0.848305 0.000919794
          15   -0.848054   -0.848288 0.000856446
          16   -0.849896   -0.848389  0.00080741
          17   -0.850345   -0.848504 0.000767113
          18   -0.851703   -0.848682 0.000744759
          19   -0.846174    -0.84855 0.000716726
          20   -0.847623   -0.848503 0.000681522
          21   -0.845348   -0.848353 0.000665445
          22   -0.849929   -0.848425 0.000638507
          23   -0.842307   -0.848159 0.000665579
          24   -0.848321   -0.848166  0.00063728
          25   -0.848752   -0.848189 0.000611707
          26   -0.843743   -0.848018 0.000612086
          27   -0.847152   -0.847986 0.000589852
          28   -0.849159   -0.848028 0.000569937
          29   -0.850311   -0.848107 0.000555539
          30   -0.850773   -0.848195 0.000544009
           1   -0.838715   -0.838715           0
           2   -0.833033   -0.835874  0.00284085
           3   -0.838612   -0.836787  0.00187711
           4   -0.837236   -0.836899  0.00133207
           5   -0.838066   -0.837132  0.00105787
           6   -0.832958   -0.836437  0.00110909
           7   -0.838682   -0.836757 0.000990708
           8   -0.834979   -0.836535  0.00088632
           9     -0.8406   -0.836987 0.000902776
          10   -0.836473   -0.836935   0.0008091
          11   -0.834009   -0.836669 0.000778694
          12   -0.839041   -0.836867 0.000737822
          13   -0.838943   -0.837027 0.000697239
          14   -0.836475   -0.836987 0.000646721
          15   -0.836547   -0.836958 0.000602781
          16   -0.834365   -0.836796  0.00058668
          17   -0.838211   -0.836879  0.00055734
          18   -0.839678   -0.837035 0.000547982
          19   -0.833016   -0.836823 0.000559824
          20   -0.833646   -0.836664 0.000554338
          21   -0.832704   -0.836476 0.000559998
          22   -0.831433   -0.836246 0.000581062
          23   -0.837179   -0.836287 0.000556702
          24   -0.837761   -0.836348  0.00053653
          25   -0.839348   -0.836468 0.000528425
          26   -0.832131   -0.836302 0.000534401
          27   -0.837026   -0.836328 0.000514927
          28    -0.83259   -0.836195 0.000513841
          29    -0.83575    -0.83618 0.000496043
          30   -0.835178   -0.836146 0.000480385
           1   -0.822032   -0.822032           0
           2   -0.829201   -0.825617  0.00358421
           3   -0.825251   -0.825495  0.00207293
           4   -0.830797    -0.82682  0.00197633
           5   -0.825168    -0.82649  0.00156611
           6   -0.823943   -0.826065  0.00134732
           7   -0.830304   -0.826671   0.0012897
           8   -0.828626   -0.826915  0.00114333
           9   -0.821524   -0.826316  0.00117285
          10   -0.820023   -0.825687  0.00122333
          11   -0.821714   -0.825326  0.00116399
          12   -0.826494   -0.825423  0.00106702
          13   -0.826604   -0.825514  0.00098571
          14   -0.826597   -0.825591 0.000915862
          15   -0.820835   -0.825274 0.000909681
          16   -0.829873   -0.825562 0.000898167
          17   -0.822065   -0.825356 0.000868392
          18   -0.825952   -0.825389 0.000819396
          19   -0.827869    -0.82552 0.000785988
          20   -0.822075   -0.825347 0.000765286
          21   -0.825139   -0.825337    0.000728
          22   -0.826618   -0.825396 0.000696556
          23   -0.823508   -0.825314 0.000670624
          24   -0.830103   -0.825513 0.000672367
          25   -0.827752   -0.825603 0.000651102
          26   -0.822336   -0.825477 0.000638048
          27   -0.825988   -0.825496 0.000614253
          28   -0.827584    -0.82557 0.000596587
          29   -0.826271   -0.825595 0.000576155
          30   -0.822896   -0.825505  0.00056384
           1   -0.808551   -0.808551           0
           2   -0.814168    -0.81136  0.00280845
           3   -0.809174   -0.810631  0.00177757
           4   -0.816471   -0.812091  0.00192641
           5   -0.813398   -0.812352  0.00151489
           6    -0.81444     -0.8127   0.0012849
           7   -0.813745   -0.812849  0.00109614
           8   -0.811362   -0.812664 0.000967331
           9   -0.809644   -0.812328 0.000916718
          10    -0.81095    -0.81219 0.000831435
          11    -0.81258   -0.812226 0.000752894
          12   -0.816454   -0.812578 0.000772367
          13   -0.810063   -0.812385  0.00073634
          14   -0.810231   -0.812231  0.00069885
          15   -0.815306   -0.812436 0.000682124
          16   -0.812032    -0.81241 0.000638569
          17   -0.810413   -0.812293  0.00061123
          18    -0.81194   -0.812273 0.000576607
          19   -0.813755   -0.812351 0.000550963
          20   -0.814835   -0.812476  0.00053724
          21   -0.815521   -0.812621 0.000531192
          22   -0.810578   -0.812528 0.000514912
          23   -0.816168   -0.812686 0.000516841
          24     -0.8115   -0.812637 0.000497297
          25   -0.806567   -0.812394 0.000535218
          26   -0.812703   -0.812406 0.000514358
          27   -0.813108   -0.812432 0.000495625
          28   -0.810073   -0.812347 0.000484969
          29   -0.807612   -0.812184 0.000495618
          30   -0.814366   -0.812257 0.000484306
           1   -0.804337   -0.804337           0
           2   -0.802718   -0.803528 0.000809467
           3   -0.801317   -0.802791 0.000872525
           4   -0.797353   -0.801431  0.00149284
           5   -0.804484   -0.802042  0.00130763
           6   -0.802766   -0.802163  0.00107447
           7   -0.798752   -0.801675  0.00103051
           8   -0.801414   -0.801643 0.000893048
           9   -0.804125   -0.801919 0.000834475
          10   -0.797421   -0.801469 0.000871412
          11   -0.799153   -0.801258 0.000815863
          12   -0.801075   -0.801243 0.000744935
          13   -0.802996   -0.801378 0.000698384
          14   -0.801361   -0.801377 0.000646579
          15   -0.802487   -0.801451 0.000606467
          16   -0.801843   -0.801475 0.000567829
          17   -0.801125   -0.801455 0.000533781
          18    -0.79958    -0.80135 0.000513919
          19   -0.799122   -0.801233 0.000500072
          20   -0.798656   -0.801104 0.000491598
          21   -0.803406   -0.801214 0.000480276
          22   -0.796624   -0.801005 0.000503208
          23   -0.801144   -0.801011  0.00048087
          24    -0.80569   -0.801206 0.000499974
          25    -0.80016   -0.801164  0.00048138
          26   -0.805375   -0.801326 0.000490032
          27   -0.800219   -0.801285 0.000473312
          28   -0.801971    -0.80131 0.000456752
          29   -0.804349   -0.801415 0.000453013
          30   -0.801069   -0.801403 0.000437803
           1   -0.793575   -0.793575           0
           2   -0.790895   -0.792235  0.00133992
           3   -0.789025   -0.791165  0.00132044
           4   -0.791813   -0.791327 0.000947659
           5   -0.789937   -0.791049 0.000784945
           6   -0.792005   -0.791208 0.000660417
           7   -0.791622   -0.791268 0.000561277
           8   -0.792559   -0.791429 0.000512179
           9   -0.790216   -0.791294  0.00047138
          10   -0.792808   -0.791446 0.000447978
          11   -0.791812   -0.791479 0.000406577
          12   -0.786657   -0.791077 0.000547004
          13   -0.784915   -0.790603 0.000691288
          14   -0.787897    -0.79041 0.000668556
          15   -0.787119    -0.79019 0.000659934
          16   -0.790204   -0.790191 0.000617313
          17   -0.792076   -0.790302 0.000590372
          18   -0.792052   -0.790399 0.000565033
          19   -0.786892   -0.790215 0.000565449
          20   -0.788732   -0.790141 0.000541531
          21   -0.792127   -0.790235  0.00052371
          22   -0.791448    -0.79029  0.00050237
          23   -0.785074   -0.790063 0.000530911
          24   -0.790414   -0.790078 0.000508519
          25   -0.790019   -0.790076  0.00048776
          26   -0.786054   -0.789921  0.00049349
          27   -0.795333   -0.790121 0.000515429
          28   -0.789615   -0.790103  0.00049701
          29   -0.791238   -0.790142 0.000481158
          30   -0.791611   -0.790191 0.000467414
           1   -0.778811   -0.778811           0
           2   -0.777624   -0.778218 0.000593547
           3     -0.7724   -0.776278  0.00196918
           4   -0.776766     -0.7764  0.00139775
           5   -0.780628   -0.777246  0.00137372
           6   -0.775505   -0.776956  0.00115854
           7   -0.778179   -0.777131 0.000994613
           8   -0.779202    -0.77739 0.000899435
           9    -0.77697   -0.777343 0.000794594
          10   -0.777188   -0.777327 0.000710875
          11   -0.780856   -0.777648 0.000718595
          12   -0.780148   -0.777857 0.000688264
          13   -0.777129   -0.777801 0.000635582
          14   -0.779566   -0.777927 0.000601793
          15   -0.776854   -0.777855 0.000564784
          16   -0.778149   -0.777874 0.000528627
          17   -0.777205   -0.777834 0.000498111
          18   -0.779203    -0.77791 0.000475738
          19   -0.776387    -0.77783 0.000457088
          20   -0.774048   -0.777641 0.000473079
          21   -0.779862   -0.777747 0.000462255
          22   -0.778401   -0.777776 0.000441746
          23   -0.779784   -0.777864 0.000431034
          24   -0.776789   -0.777819 0.000415104
          25   -0.776907   -0.777783 0.000399823
          26    -0.78223   -0.777954 0.000420508
          27   -0.777866    -0.77795 0.000404647
          28    -0.77392   -0.777806 0.000415648
          29   -0.779452   -0.777863 0.000405056
          30   -0.778952   -0.777899 0.000393002
           1   -0.767616   -0.767616           0
           2   -0.767122   -0.767369 0.000246773
           3    -0.76516   -0.766633 0.000749908
           4   -0.768344   -0.767061 0.000681357
           5   -0.767012   -0.767051 0.000527864
           6   -0.764423   -0.766613 0.000614434
           7   -0.768925   -0.766943 0.000615443
           8   -0.770312   -0.767364 0.000679288
           9   -0.766304   -0.767247 0.000610545
          10   -0.767642   -0.767286  0.00054752
          11   -0.765262   -0.767102 0.000528333
          12   -0.768703   -0.767236 0.000500407
          13   -0.768472   -0.767331 0.000470029
          14   -0.766779   -0.767291  0.00043694
          15   -0.763562   -0.767043 0.000476743
          16   -0.767375   -0.767063 0.000446435
          17    -0.77143    -0.76732 0.000491752
          18   -0.766322   -0.767265  0.00046693
          19   -0.766434   -0.767221 0.000443833
          20   -0.767948   -0.767257 0.000422623
          21   -0.767078   -0.767249 0.000402086
          22   -0.768665   -0.767313 0.000388739
          23   -0.765359   -0.767228 0.000381051
          24   -0.767125   -0.767224 0.000364855
          25   -0.767453   -0.767233 0.000350076
          26   -0.768407   -0.767278 0.000339359
          27   -0.769042   -0.767344 0.000333016
          28   -0.765945   -0.767294 0.000324767
          29   -0.768754   -0.767344 0.000317388
          30   -0.767175   -0.767338 0.000306677
           1   -0.754933   -0.754933           0
           2   -0.758284   -0.756609  0.00167533
           3   -0.757992    -0.75707  0.00107163
           4   -0.758873   -0.757521 0.000881719
           5    -0.75472    -0.75696  0.00088333
           6   -0.756006   -0.756801 0.000738577
           7    -0.75921   -0.757145 0.000712764
           8   -0.757896   -0.757239 0.000624368
           9   -0.759006   -0.757436   0.0005846
          10   -0.757322   -0.757424 0.000523006
          11   -0.757128   -0.757397 0.000473843
          12   -0.757675    -0.75742 0.000433176
          13   -0.755726    -0.75729 0.000419248
          14   -0.758116   -0.757349 0.000392609
          15    -0.75619   -0.757272 0.000373574
          16    -0.75697   -0.757253 0.000349956
          17   -0.756865    -0.75723 0.000329517
          18   -0.755285   -0.757122 0.000328922
          19   -0.757901   -0.757163 0.000313819
          20   -0.757867   -0.757198 0.000299786
          21   -0.758377   -0.757254 0.000290623
          22   -0.756676   -0.757228 0.000278344
          23   -0.758726   -0.757293 0.000273829
          24   -0.752805   -0.757106 0.000322031
          25   -0.755984   -0.757061 0.000312127
          26   -0.758215   -0.757106 0.000303147
          27   -0.757594   -0.757124 0.000292263
          28   -0.757109   -0.757123 0.000281633
          29   -0.754762   -0.757042 0.000283683
          30   -0.756251   -0.757016 0.000275329
           1   -0.746589   -0.746589           0
           2   -0.747543   -0.747066  0.00047656
           3   -0.743649   -0.745927  0.00117183
           4   -0.747287   -0.746267 0.000895614
           5   -0.746592   -0.746332 0.000696778
           6   -0.745546   -0.746201 0.000583789
           7   -0.745683   -0.746127 0.000498907
           8   -0.745226   -0.746014 0.000446512
           9    -0.74514   -0.745917 0.000405591
          10   -0.746734   -0.745999 0.000371852
          11   -0.744194   -0.745835 0.000374249
          12   -0.748819   -0.746083 0.000422551
          13    -0.74744   -0.746188 0.000402458
          14   -0.751129   -0.746541  0.00051325
          15   -0.747585    -0.74661 0.000482855
          16    -0.74683   -0.746624 0.000451879
          17   -0.748683   -0.746745   0.0004414
          18   -0.744349   -0.746612 0.000436936
          19    -0.74705   -0.746635 0.000413941
          20    -0.74753    -0.74668 0.000395238
          21    -0.74379   -0.746542  0.00040034
          22   -0.746366   -0.746534 0.000381794
          23   -0.744811   -0.746459 0.000372428
          24   -0.745121   -0.746403 0.000360904
          25   -0.746563    -0.74641 0.000346225
          26   -0.745747   -0.746384 0.000333619
          27   -0.746921   -0.746404  0.00032164
          28   -0.750206    -0.74654 0.000338377
          29   -0.747213   -0.746563 0.000327324
          30   -0.745826   -0.746539 0.000317178
           1   -0.730745   -0.730745           0
           2   -0.736785   -0.733765  0.00302037
           3   -0.735941   -0.734491   0.0018887
           4   -0.734429   -0.734475   0.0013356
           5   -0.735994   -0.734779   0.0010782
           6   -0.732567    -0.73441 0.000954393
           7   -0.736122   -0.734655 0.000842877
           8   -0.736097   -0.734835 0.000751887
           9   -0.735179   -0.734873 0.000664199
          10   -0.736218   -0.735008 0.000609111
          11   -0.736381   -0.735133 0.000564934
          12   -0.735363   -0.735152 0.000516068
          13   -0.735842   -0.735205 0.000477671
          14   -0.735888   -0.735254 0.000444919
          15   -0.737691   -0.735416 0.000444924
          16   -0.733023   -0.735267 0.000442246
          17   -0.736353   -0.735331 0.000420306
          18   -0.733972   -0.735255 0.000403395
          19   -0.731979   -0.735083 0.000418725
          20   -0.736358   -0.735146 0.000402327
          21   -0.735834   -0.735179 0.000384088
          22   -0.738339   -0.735323 0.000393369
          23   -0.736735   -0.735384 0.000380858
          24   -0.732561   -0.735267 0.000383148
          25   -0.734222   -0.735225  0.00036987
          26   -0.730178   -0.735031 0.000404925
          27   -0.735232   -0.735038 0.000389711
          28   -0.738031   -0.735145  0.00039045
          29   -0.736864   -0.735204 0.000381381
          30   -0.735965    -0.73523 0.000369321
           1   -0.724682   -0.724682           0
           2   -0.727635   -0.726159  0.00147659
           3   -0.725165   -0.725828 0.000914551
           4     -0.7253   -0.725696 0.000659989
           5   -0.726034   -0.725763 0.000515676
           6   -0.725234   -0.725675 0.000430194
           7   -0.722979    -0.72529 0.000529694
           8   -0.728058   -0.725636 0.000574569
           9   -0.727468    -0.72584 0.000546066
          10   -0.726306   -0.725886  0.00049064
          11   -0.722896   -0.725614  0.00052044
          12   -0.725669   -0.725619 0.000475116
          13   -0.723946    -0.72549 0.000455604
          14   -0.723719   -0.725364 0.000440375
          15   -0.726895   -0.725466 0.000422481
          16   -0.725561   -0.725472  0.00039524
          17   -0.722573   -0.725301 0.000408536
          18   -0.725885   -0.725334 0.000386535
          19   -0.724398   -0.725284 0.000368925
          20   -0.726645   -0.725352 0.000356548
          21   -0.724393   -0.725307  0.00034221
          22   -0.725216   -0.725303 0.000326311
          23   -0.721013   -0.725116 0.000363315
          24   -0.727164   -0.725201  0.00035816
          25   -0.726634   -0.725259 0.000348281
          26   -0.724662   -0.725236 0.000335404
          27   -0.720493    -0.72506 0.000367452
          28   -0.725171   -0.725064 0.000354108
          29   -0.727941   -0.725163 0.000355786
          30   -0.723398   -0.725104  0.00034872
           1    -0.71681    -0.71681           0
           2   -0.711979   -0.714395   0.0024156
           3   -0.715602   -0.714797  0.00145152
           4   -0.716696   -0.715272  0.00113086
           5   -0.715297   -0.715277 0.000875976
           6   -0.713838   -0.715037 0.000754366
           7    -0.71287   -0.714727 0.000708721
           8   -0.713318   -0.714551 0.000638562
           9   -0.716857   -0.714807 0.000618707
          10   -0.717618   -0.715088 0.000620666
          11   -0.714842   -0.715066 0.000561861
          12   -0.714007   -0.714978  0.00052044
          13   -0.717849   -0.715199 0.000527228
          14    -0.71789   -0.715391 0.000524616
          15   -0.717451   -0.715528 0.000507332
          16   -0.715234    -0.71551 0.000474923
          17   -0.713259   -0.715377 0.000465344
          18   -0.715504   -0.715385 0.000438787
          19   -0.716113   -0.715423 0.000416819
          20   -0.716224   -0.715463 0.000397454
          21   -0.718693   -0.715617 0.000408147
          22   -0.716496   -0.715657 0.000391202
          23   -0.717359   -0.715731 0.000381066
          24   -0.714609   -0.715684 0.000367824
          25   -0.710427   -0.715474 0.000410724
          26   -0.713761   -0.715408  0.00040007
          27   -0.713916   -0.715353 0.000388915
          28   -0.715722   -0.715366 0.000374999
          29   -0.716436   -0.715403 0.000363713
          30    -0.71529   -0.715399   0.0003514
           1   -0.703877   -0.703877           0
           2   -0.703405   -0.703641 0.000235973
           3   -0.703882   -0.703722 0.000158068
           4   -0.702286   -0.703363 0.000375963
           5   -0.706925   -0.704075 0.000769711
           6   -0.706511   -0.704481 0.000748149
           7   -0.706525   -0.704773  0.00069647
           8   -0.705921   -0.704916 0.000619984
           9   -0.708334   -0.705296 0.000665728
          10    -0.70577   -0.705344  0.00059733
          11   -0.706001   -0.705403 0.000543604
          12   -0.705999   -0.705453 0.000498719
          13   -0.705449   -0.705453 0.000458755
          14   -0.707119   -0.705572 0.000441076
          15   -0.703115   -0.705408 0.000442086
          16   -0.704985   -0.705382 0.000414378
          17   -0.701548   -0.705156 0.000449829
          18   -0.705808   -0.705192 0.000425648
          19   -0.706078   -0.705239 0.000405313
          20   -0.705133   -0.705234 0.000384551
          21   -0.703338   -0.705143 0.000376749
          22   -0.704704   -0.705123  0.00035977
          23   -0.704769   -0.705108 0.000344116
          24   -0.702636   -0.705005 0.000345187
          25   -0.704429   -0.704982 0.000331891
          26   -0.704125   -0.704949 0.000320569
          27   -0.703663   -0.704901 0.000312123
          28   -0.702947   -0.704832  0.00030876
          29   -0.704351   -0.704815 0.000298384
          30   -0.702922   -0.704752 0.000295094
           1   -0.695327   -0.695327           0
           2   -0.695905   -0.695616 0.000289013
           3   -0.692677   -0.694636 0.000993824
           4   -0.696182   -0.695023 0.000802033
           5   -0.697237   -0.695466 0.000762947
           6   -0.695976   -0.695551 0.000628735
           7   -0.693615   -0.695274 0.000599063
           8   -0.697355   -0.695534 0.000580332
           9   -0.693772   -0.695338 0.000547994
          10   -0.695901   -0.695395 0.000493361
          11   -0.695595   -0.695413 0.000446633
          12   -0.697073   -0.695551  0.00043055
          13   -0.693653   -0.695405 0.000422106
          14   -0.695942   -0.695444 0.000392671
          15   -0.696657   -0.695524 0.000374401
          16   -0.696194   -0.695566 0.000352713
          17   -0.693257    -0.69543 0.000358088
          18   -0.697555   -0.695548 0.000357644
          19   -0.692996   -0.695414 0.000363997
          20   -0.696142   -0.695451 0.000347231
          21    -0.69429   -0.695395 0.000334876
          22   -0.695108   -0.695382 0.000319559
          23   -0.693057   -0.695281 0.000321652
          24   -0.695563   -0.695293 0.000308182
          25   -0.692708   -0.695189 0.000313152
          26   -0.696989   -0.695259 0.000308727
          27    -0.69377   -0.695204 0.000302148
          28   -0.694888   -0.695192 0.000291376
          29   -0.693498   -0.695134 0.000287155
          30   -0.697356   -0.695208 0.000287136
           1   -0.684451   -0.684451           0
           2   -0.685913   -0.685182 0.000730773
           3   -0.684161   -0.684842 0.000541981
           4   -0.687037   -0.685391 0.000669397
           5    -0.68412   -0.685136 0.000577418
           6   -0.685667   -0.685225 0.000479673
           7   -0.682442   -0.684827 0.000567822
           8    -0.68556   -0.684919 0.000500195
           9   -0.685354   -0.684967 0.000443771
          10   -0.688644   -0.685335 0.000541039
          11   -0.685533   -0.685353 0.000489721
          12   -0.685548   -0.685369 0.000447348
          13   -0.684396   -0.685294 0.000418257
          14   -0.684229   -0.685218 0.000394632
          15   -0.688908   -0.685464 0.000442131
          16   -0.682713   -0.685292 0.000447884
          17   -0.687375   -0.685415 0.000438191
          18   -0.685217   -0.685404 0.000413276
          19   -0.686709   -0.685472 0.000396912
          20   -0.686989   -0.685548 0.000384099
          21   -0.684404   -0.685494 0.000369392
          22   -0.685579   -0.685498 0.000352223
          23   -0.682115   -0.685351   0.0003673
          24   -0.684589   -0.685319 0.000353093
          25   -0.687232   -0.685395 0.000347212
          26   -0.685727   -0.685408 0.000333835
          27   -0.684802   -0.685386 0.000322017
          28   -0.684762   -0.685363 0.000311101
          29   -0.687584    -0.68544 0.000309794
          30   -0.683647    -0.68538   0.0003052
           1   -0.677836   -0.677836           0
           2   -0.681554   -0.679695  0.00185915
           3   -0.674557   -0.677982  0.00202131
           4   -0.675875   -0.677455  0.00152328
           5   -0.674573   -0.676879   0.0013132
           6   -0.674095   -0.676415  0.00116831
           7   -0.677813   -0.676615  0.00100741
           8   -0.677033   -0.676667 0.000874009
           9    -0.67677   -0.676678 0.000770889
          10   -0.678896     -0.6769  0.00072428
          11   -0.677917   -0.676993 0.000661625
          12    -0.67473   -0.676804 0.000632729
          13   -0.675513   -0.676705  0.00059044
          14   -0.674533    -0.67655 0.000568216
          15   -0.677509   -0.676614 0.000532832
          16   -0.677375   -0.676661 0.000500684
          17   -0.676766   -0.676667 0.000470351
          18   -0.674945   -0.676572 0.000453662
          19   -0.675712   -0.676526 0.000431502
          20   -0.678576   -0.676629 0.000421998
          21   -0.677727   -0.676681 0.000404794
          22   -0.676094   -0.676654 0.000386878
          23    -0.67549   -0.676604 0.000373127
          24   -0.677652   -0.676647 0.000359903
          25   -0.675843   -0.676615 0.000346704
          26   -0.678702   -0.676696 0.000342636
          27   -0.679326   -0.676793 0.000343792
          28   -0.674939   -0.676727 0.000337837
          29   -0.677004   -0.676736  0.00032612
          30    -0.67592   -0.676709 0.000316236
           1   -0.668155   -0.668155           0
           2   -0.670538   -0.669347  0.00119141
           3   -0.665563   -0.668085  0.00143673
           4   -0.666077   -0.667583   0.0011332
           5   -0.668673   -0.667801 0.000904423
           6   -0.669929   -0.668156 0.000819195
           7   -0.668698   -0.668233 0.000696665
           8   -0.668499   -0.668267 0.000604242
           9   -0.669479   -0.668401 0.000549652
          10   -0.664315   -0.667993 0.000639241
          11   -0.666788   -0.667883 0.000588497
          12   -0.667711   -0.667869 0.000537414
          13   -0.665021    -0.66765 0.000540718
          14   -0.667324   -0.667626 0.000501147
          15   -0.667904   -0.667645  0.00046691
          16   -0.665949   -0.667539 0.000449426
          17   -0.663854   -0.667322 0.000474551
          18   -0.667764   -0.667347 0.000448083
          19   -0.667216    -0.66734   0.0004239
          20   -0.668642   -0.667405 0.000407385
          21   -0.668108   -0.667438 0.000388946
          22   -0.667398   -0.667437  0.00037085
          23   -0.666353    -0.66739 0.000357477
          24   -0.664856   -0.667284 0.000358164
          25   -0.667053   -0.667275 0.000343663
          26   -0.668167   -0.667309 0.000331959
          27   -0.669337   -0.667384 0.000328135
          28   -0.665281   -0.667309 0.000324994
          29    -0.66869   -0.667357 0.000317184
          30   -0.664817   -0.667272 0.000317907
           1   -0.655119   -0.655119           0
           2   -0.657381    -0.65625  0.00113099
           3   -0.655852   -0.656117 0.000666375
           4   -0.657962   -0.656579 0.000659334
           5   -0.660817   -0.657426 0.000989687
           6   -0.660494   -0.657938 0.000956243
           7   -0.660305   -0.658276 0.000876106
           8   -0.656215   -0.658018 0.000801291
           9   -0.658463   -0.658068   0.0007084
          10   -0.661119   -0.658373 0.000703252
          11   -0.656681   -0.658219 0.000654439
          12   -0.657929   -0.658195 0.000597907
          13   -0.654288   -0.657894  0.00062676
          14   -0.657017   -0.657832 0.000583639
          15   -0.658893   -0.657902 0.000547924
          16   -0.658119   -0.657916 0.000512715
          17   -0.658868   -0.657972 0.000484854
          18   -0.656643   -0.657898 0.000463045
          19   -0.657264   -0.657865 0.000439268
          20   -0.657318   -0.657837 0.000417621
          21     -0.6558    -0.65774 0.000408911
          22   -0.659719    -0.65783 0.000400123
          23   -0.660973   -0.657967  0.00040601
          24   -0.656413   -0.657902 0.000394081
          25   -0.657012   -0.657867 0.000379665
          26   -0.658816   -0.657903 0.000366594
          27   -0.660199   -0.657988 0.000362862
          28   -0.659852   -0.658055 0.000355943
          29   -0.657186   -0.658025 0.000344754
          30   -0.658971   -0.658056 0.000334554
           1   -0.650891   -0.650891           0
           2   -0.646955   -0.648923  0.00196827
           3   -0.650202   -0.649349  0.00121372
           4   -0.647785   -0.648958 0.000943165
           5   -0.649299   -0.649026  0.00073374
           6   -0.646565   -0.648616 0.000726096
           7   -0.648772   -0.648638 0.000614069
           8   -0.651604   -0.649009 0.000648247
           9   -0.648989   -0.649007 0.000571705
          10   -0.649249   -0.649031  0.00051192
          11   -0.650796   -0.649191  0.00049006
          12   -0.647332   -0.649037 0.000473443
          13   -0.648243   -0.648975 0.000439761
          14   -0.650031   -0.649051  0.00041406
          15   -0.646678   -0.648893 0.000416663
          16   -0.649353   -0.648921 0.000390815
          17   -0.649494   -0.648955 0.000368649
          18   -0.646769   -0.648834 0.000368183
          19   -0.645053   -0.648635 0.000401106
          20   -0.648023   -0.648604  0.00038175
          21   -0.648442   -0.648596 0.000363199
          22   -0.646698    -0.64851 0.000356889
          23   -0.652886     -0.6487 0.000390498
          24   -0.646031   -0.648589 0.000390066
          25   -0.652839   -0.648759 0.000410946
          26   -0.649208   -0.648776 0.000395201
          27     -0.6474   -0.648725 0.000383685
          28   -0.646042    -0.64863 0.000381943
          29    -0.64713   -0.648578 0.000372147
          30   -0.650452    -0.64864 0.000364914
           1   -0.640598   -0.640598           0
           2   -0.640505   -0.640551 4.64267e-05
           3    -0.64086   -0.640654 0.000106289
           4    -0.64245   -0.641103 0.000455063
           5    -0.64229   -0.641341 0.000424989
           6   -0.644304   -0.641834 0.000603615
           7   -0.642416   -0.641917 0.000516865
           8   -0.635815   -0.641155 0.000884492
           9   -0.641094   -0.641148 0.000780078
          10   -0.638891   -0.640922 0.000733322
          11   -0.639286   -0.640774 0.000679779
          12   -0.641242   -0.640813 0.000621778
          13   -0.639159   -0.640685 0.000585926
          14   -0.642077   -0.640785 0.000551489
          15   -0.640839   -0.640788 0.000513421
          16   -0.641472   -0.640831  0.00048216
          17   -0.639105    -0.64073 0.000464148
          18   -0.639409   -0.640656 0.000443707
          19   -0.642956   -0.640777 0.000436802
          20   -0.640892   -0.640783 0.000414426
          21   -0.640411   -0.640765 0.000394596
          22   -0.638898    -0.64068 0.000385684
          23   -0.639721   -0.640639 0.000370889
          24   -0.641368   -0.640669 0.000356398
          25   -0.641268   -0.640693 0.000342685
          26   -0.638856   -0.640622 0.000336735
          27   -0.639403   -0.640577 0.000327158
          28   -0.641144   -0.640597 0.000315906
          29   -0.640008   -0.640577 0.000305495
          30   -0.637498   -0.640475 0.000312476
           1   -0.631239   -0.631239           0
           2   -0.633412   -0.632326  0.00108635
           3   -0.634834   -0.633162  0.00104515
           4   -0.632789   -0.633068 0.000744894
           5   -0.631593   -0.632773 0.000648094
           6   -0.631522   -0.632565 0.000568758
           7   -0.630896   -0.632326 0.000536583
           8   -0.633351   -0.632454 0.000482017
           9    -0.63211   -0.632416 0.000426819
          10   -0.632525   -0.632427 0.000381915
          11   -0.630911   -0.632289 0.000371927
          12   -0.632883   -0.632339 0.000343105
          13   -0.632647   -0.632362   0.0003165
          14   -0.632639   -0.632382 0.000293688
          15   -0.629863   -0.632214 0.000320877
          16   -0.632061   -0.632205 0.000300305
          17   -0.631285   -0.632151 0.000287233
          18   -0.630289   -0.632047 0.000289888
          19   -0.630987   -0.631991 0.000279821
          20   -0.632491   -0.632016 0.000266634
          21   -0.632181   -0.632024 0.000253741
          22   -0.631879   -0.632018 0.000242023
          23    -0.63109   -0.631977 0.000234752
          24   -0.632201   -0.631987 0.000224951
          25   -0.632796   -0.632019 0.000218182
          26   -0.631231   -0.631989   0.0002118
          27   -0.630943    -0.63195 0.000207454
          28   -0.631512   -0.631934 0.000200518
          29   -0.632111    -0.63194 0.000193576
          30   -0.634023    -0.63201 0.000199486
           1    -0.62725    -0.62725           0
           2   -0.620223   -0.623737  0.00351357
           3   -0.623629   -0.623701  0.00202888
           4     -0.6238   -0.623726  0.00143485
           5     -0.6243   -0.623841  0.00111736
           6    -0.62138    -0.62343  0.00100025
           7   -0.621103   -0.623098  0.00090842
           8   -0.624987   -0.623334 0.000821395
           9   -0.623394   -0.623341 0.000724433
          10   -0.626578   -0.623664 0.000724313
          11   -0.620789   -0.623403 0.000705385
          12   -0.622103   -0.623295 0.000652977
          13   -0.621494   -0.623156 0.000616423
          14   -0.622985   -0.623144 0.000570828
          15   -0.627006   -0.623401 0.000590505
          16   -0.623115   -0.623383 0.000552656
          17   -0.624075   -0.623424 0.000520722
          18   -0.624966    -0.62351  0.00049836
          19   -0.625452   -0.623612 0.000482361
          20   -0.625202   -0.623692 0.000464465
          21   -0.622924   -0.623655 0.000443304
          22   -0.621607   -0.623562 0.000432804
          23   -0.622173   -0.623502 0.000417945
          24   -0.623958   -0.623521 0.000400604
          25   -0.622171   -0.623467 0.000388017
          26   -0.622263    -0.62342 0.000375661
          27    -0.62432   -0.623454 0.000363012
          28    -0.62138    -0.62338 0.000357564
          29    -0.62574   -0.623461 0.000354486
          30   -0.623531   -0.623463 0.000342474
           1   -0.617188   -0.617188           0
           2   -0.616129   -0.616658 0.000529627
           3   -0.617324    -0.61688 0.000377922
           4    -0.61643   -0.616768 0.000289978
           5   -0.615439   -0.616502 0.000347948
           6   -0.610935   -0.615574 0.000970379
           7   -0.613264   -0.615244 0.000884052
           8   -0.617268   -0.615497 0.000806342
           9   -0.615898   -0.615542  0.00071252
          10   -0.616795   -0.615667 0.000649496
          11     -0.6145   -0.615561 0.000596989
          12   -0.613612   -0.615398 0.000568665
          13   -0.615016   -0.615369 0.000523924
          14    -0.61632   -0.615437 0.000489793
          15   -0.613841    -0.61533 0.000468222
          16   -0.614566   -0.615283 0.000440582
          17   -0.615899   -0.615319 0.000415439
          18    -0.61409   -0.615251 0.000397589
          19   -0.613708   -0.615169 0.000384749
          20   -0.614971    -0.61516 0.000365139
          21   -0.615036   -0.615154 0.000347367
          22   -0.615465   -0.615168 0.000331503
          23   -0.616234   -0.615214 0.000320135
          24   -0.616853   -0.615282 0.000314024
          25   -0.617032   -0.615352 0.000309225
          26   -0.613906   -0.615297  0.00030226
          27   -0.614294    -0.61526 0.000293212
          28   -0.616917   -0.615319  0.00028868
          29   -0.616689   -0.615366 0.000282525
          30    -0.61416   -0.615326 0.000275892
           1   -0.609939   -0.609939           0
           2    -0.60596    -0.60795   0.0019896
           3   -0.606606   -0.607502  0.00123299
           4   -0.606751   -0.607314 0.000891833
           5   -0.608369   -0.607525 0.000722315
           6   -0.607974     -0.6076 0.000594499
           7     -0.6082   -0.607686 0.000509702
           8   -0.606061   -0.607483 0.000485885
           9   -0.608803   -0.607629 0.000452918
          10   -0.606705   -0.607537 0.000415516
          11    -0.60654   -0.607446 0.000386622
          12   -0.606796   -0.607392 0.000357066
          13   -0.605929   -0.607279 0.000347189
          14   -0.608158   -0.607342 0.000327497
          15   -0.606766   -0.607304  0.00030729
          16    -0.60722   -0.607299 0.000287491
          17   -0.604691   -0.607145 0.000310586
          18   -0.607625   -0.607172 0.000294033
          19   -0.608034   -0.607217 0.000281802
          20   -0.607663   -0.607239 0.000268268
          21   -0.606021   -0.607181 0.000261684
          22   -0.607297   -0.607187 0.000249561
          23   -0.606587   -0.607161 0.000239885
          24   -0.606927   -0.607151 0.000229879
          25   -0.611454   -0.607323  0.00027971
          26   -0.603702   -0.607184 0.000302681
          27   -0.607652   -0.607201  0.00029177
          28   -0.606939   -0.607192 0.000281313
          29    -0.60778   -0.607212 0.000272195
          30   -0.605128   -0.607142 0.000271985
           1   -0.598526   -0.598526           0
           2    -0.59958   -0.599053 0.000527093
           3   -0.600649   -0.599585 0.000612827
           4    -0.59933   -0.599521 0.000438005
           5   -0.597417     -0.5991 0.000540584
           6    -0.60056   -0.599343 0.000503993
           7   -0.603104   -0.599881 0.000685642
           8   -0.601493   -0.600082 0.000627073
           9   -0.600184   -0.600094 0.000553141
          10   -0.599685   -0.600053 0.000496431
          11   -0.600993   -0.600138 0.000457112
          12   -0.599212   -0.600061 0.000424357
          13   -0.601147   -0.600144 0.000399182
          14    -0.60149   -0.600241 0.000381864
          15   -0.598206   -0.600105 0.000380489
          16   -0.598909    -0.60003 0.000363673
          17    -0.59929   -0.599987 0.000344373
          18   -0.599211   -0.599944 0.000327529
          19   -0.600161   -0.599955 0.000310023
          20   -0.596865   -0.599801 0.000332231
          21   -0.602235   -0.599916 0.000336601
          22   -0.601099    -0.59997 0.000325404
          23   -0.597668    -0.59987 0.000326644
          24   -0.596947   -0.599748 0.000335615
          25    -0.60058   -0.599782 0.000323627
          26   -0.600833   -0.599822 0.000313549
          27   -0.598467   -0.599772 0.000305859
          28   -0.599901   -0.599776  0.00029477
          29   -0.601393   -0.599832 0.000289834
          30   -0.599791   -0.599831 0.000280009
           1   -0.589487   -0.589487           0
           2   -0.589607   -0.589547 6.00533e-05
           3   -0.590174   -0.589756 0.000211887
           4   -0.593357   -0.590656 0.000912487
           5   -0.593332   -0.591192  0.00088653
           6   -0.590783   -0.591124 0.000727046
           7   -0.591292   -0.591148  0.00061494
           8   -0.590855   -0.591111 0.000533812
           9   -0.595214   -0.591567 0.000655303
          10   -0.593559   -0.591766  0.00061904
          11   -0.589474   -0.591558 0.000597468
          12   -0.592398   -0.591628 0.000549893
          13   -0.592552   -0.591699 0.000510806
          14   -0.592046   -0.591724 0.000473563
          15   -0.592536   -0.591778 0.000444182
          16   -0.591142   -0.591738 0.000417393
          17   -0.592459    -0.59178  0.00039436
          18   -0.589212   -0.591638 0.000398254
          19   -0.593069   -0.591713 0.000384167
          20   -0.591535   -0.591704 0.000364561
          21   -0.591781   -0.591708 0.000346786
          22   -0.589241   -0.591596 0.000349143
          23   -0.592975   -0.591656 0.000338962
          24   -0.592894   -0.591707 0.000328605
          25   -0.590978   -0.591678 0.000316535
          26   -0.591615   -0.591676 0.000304127
          27   -0.592968   -0.591723 0.000296533
          28   -0.590082   -0.591665 0.000291699
          29   -0.591885   -0.591672 0.000281563
          30   -0.590183   -0.591623  0.00027651
           1   -0.582367   -0.582367           0
           2   -0.583204   -0.582785 0.000418667
           3   -0.582551   -0.582707 0.000254092
           4    -0.58297   -0.582773 0.000191279
           5   -0.587087   -0.583636 0.000875395
           6   -0.586545   -0.584121 0.000863767
           7   -0.580798   -0.583646 0.000870758
           8   -0.584817   -0.583792 0.000768173
           9   -0.584556   -0.583877 0.000682754
          10   -0.584488   -0.583938 0.000613718
          11    -0.58555   -0.584085 0.000574142
          12   -0.585435   -0.584197 0.000536061
          13   -0.584721   -0.584238 0.000494749
          14   -0.585126   -0.584301 0.000462426
          15   -0.584567   -0.584319 0.000430859
          16   -0.585168   -0.584372 0.000406509
          17   -0.585637   -0.584446 0.000389032
          18   -0.583952   -0.584419  0.00036781
          19   -0.586506   -0.584529 0.000364849
          20   -0.585889   -0.584597  0.00035275
          21   -0.585422   -0.584636 0.000337826
          22   -0.585675   -0.584683 0.000325551
          23   -0.581469   -0.584543 0.000341017
          24   -0.584149   -0.584527 0.000326912
          25   -0.585804   -0.584578 0.000317697
          26   -0.581664   -0.584466 0.000325163
          27    -0.58638   -0.584537 0.000320818
          28   -0.582184   -0.584453 0.000320365
          29   -0.585021   -0.584472  0.00030974
          30   -0.584369   -0.584469 0.000299257
           1   -0.579593   -0.579593           0
           2    -0.57732   -0.578457  0.00113653
           3   -0.575077    -0.57733  0.00130382
           4   -0.577962   -0.577488 0.000935365
           5   -0.578651    -0.57772 0.000760965
           6   -0.576473   -0.577513 0.000655182
           7   -0.579117   -0.577742 0.000599293
           8   -0.576738   -0.577616 0.000533955
           9   -0.577253   -0.577576 0.000472627
          10   -0.575804   -0.577399 0.000458357
          11   -0.577857    -0.57744 0.000416685
          12   -0.579664   -0.577626 0.000423111
          13    -0.57774   -0.577635 0.000389304
          14    -0.57701    -0.57759 0.000363177
          15   -0.577302   -0.577571 0.000338643
          16   -0.577519   -0.577568 0.000316788
          17   -0.575907    -0.57747 0.000313191
          18   -0.578126   -0.577506 0.000297519
          19   -0.577029   -0.577481 0.000282544
          20   -0.576556   -0.577435 0.000272008
          21   -0.576223   -0.577377 0.000265094
          22   -0.578407   -0.577424 0.000257055
          23   -0.576626   -0.577389 0.000248063
          24   -0.578421   -0.577432  0.00024136
          25    -0.57582   -0.577368 0.000240319
          26    -0.57755   -0.577375 0.000230998
          27   -0.576442    -0.57734 0.000224946
          28   -0.579203   -0.577407 0.000226745
          29   -0.577696   -0.577417 0.000219014
          30   -0.578632   -0.577457  0.00021543
           1   -0.570992   -0.570992           0
           2   -0.572034   -0.571513 0.000521093
           3   -0.568975   -0.570667 0.000897869
           4    -0.56672    -0.56968  0.00117349
           5     -0.5699   -0.569724 0.000910041
           6   -0.570471   -0.569849 0.000753412
           7   -0.571606     -0.5701 0.000684434
           8    -0.57163   -0.570291 0.000622833
           9   -0.571644   -0.570441 0.000569503
          10   -0.569104   -0.570308 0.000526645
          11   -0.571589   -0.570424 0.000490407
          12    -0.57136   -0.570502 0.000454427
          13    -0.56781   -0.570295 0.000466484
          14   -0.571101   -0.570353 0.000435699
          15   -0.572961   -0.570527 0.000441319
          16   -0.571268   -0.570573 0.000415407
          17    -0.56922   -0.570493 0.000398244
          18   -0.572381   -0.570598 0.000389837
          19   -0.570546   -0.570595 0.000368759
          20   -0.571472   -0.570639  0.00035257
          21   -0.568328   -0.570529 0.000352962
          22   -0.569354   -0.570476 0.000340751
          23   -0.573967   -0.570627 0.000359249
          24   -0.568121   -0.570523 0.000359464
          25   -0.570732   -0.570531 0.000344887
          26   -0.568443   -0.570451 0.000340953
          27   -0.571351   -0.570484 0.000329771
          28   -0.571552   -0.570523 0.000320053
          29   -0.570659   -0.570527 0.000308856
          30   -0.570418   -0.570524 0.000298405
           1   -0.562211   -0.562211           0
           2   -0.559294   -0.560752  0.00145851
           3   -0.560858   -0.560788 0.000842805
           4    -0.56278   -0.561286 0.000776662
           5   -0.562357     -0.5615  0.00063859
           6   -0.562665   -0.561694 0.000556368
           7   -0.563727   -0.561984 0.000552667
           8   -0.562093   -0.561998 0.000478817
           9    -0.56422   -0.562245 0.000489149
          10   -0.561947   -0.562215 0.000438518
          11   -0.562567   -0.562247 0.000397944
          12   -0.563445   -0.562347 0.000376736
          13   -0.566906   -0.562698 0.000493012
          14   -0.561961   -0.562645 0.000459465
          15   -0.561987   -0.562601  0.00042998
          16   -0.561203   -0.562514 0.000411594
          17   -0.563464    -0.56257 0.000390644
          18   -0.561097   -0.562488 0.000377281
          19   -0.562306   -0.562478    0.000357
          20    -0.56177   -0.562443 0.000340528
          21   -0.563476   -0.562492 0.000327622
          22   -0.562662     -0.5625 0.000312471
          23   -0.563552   -0.562546 0.000302059
          24    -0.56065   -0.562467  0.00029979
          25   -0.563565    -0.56251 0.000290888
          26   -0.561465    -0.56247 0.000282354
          27   -0.561316   -0.562428 0.000275039
          28   -0.562608   -0.562434 0.000265113
          29   -0.564264   -0.562497 0.000263478
          30   -0.564018   -0.562548 0.000259544
           1   -0.556044   -0.556044           0
           2   -0.555916    -0.55598 6.41067e-05
           3   -0.555945   -0.555968 3.87899e-05
           4   -0.557383   -0.556322 0.000354724
           5   -0.554008   -0.555859 0.000538138
           6    -0.55672   -0.556003 0.000462212
           7   -0.555634    -0.55595 0.000394176
           8    -0.55441   -0.555758 0.000391878
           9   -0.555754   -0.555757 0.000345605
          10   -0.554425   -0.555624 0.000336619
          11   -0.555905   -0.555649 0.000305554
          12   -0.557551   -0.555808 0.000320781
          13   -0.555403   -0.555777 0.000296714
          14   -0.556905   -0.555857 0.000286286
          15   -0.556506   -0.555901 0.000270004
          16   -0.556029   -0.555909 0.000252694
          17   -0.558909   -0.556085   0.0002958
          18   -0.554442   -0.555994  0.00029344
          19    -0.55479   -0.555931 0.000284712
          20   -0.555023   -0.555885 0.000273886
          21   -0.555805   -0.555881 0.000260546
          22   -0.553916   -0.555792 0.000263997
          23   -0.557619   -0.555871 0.000264467
          24   -0.557772   -0.555951 0.000265301
          25   -0.555459   -0.555931 0.000255228
          26   -0.554473   -0.555875 0.000251548
          27   -0.556403   -0.555894 0.000242842
          28   -0.555613   -0.555884 0.000234224
          29   -0.556328     -0.5559 0.000226521
          30    -0.55702   -0.555937 0.000222001
           1   -0.547547   -0.547547           0
           2    -0.55108   -0.549314  0.00176621
           3   -0.547791   -0.548806  0.00113908
           4   -0.545865   -0.548071   0.0010906
           5   -0.549163   -0.548289 0.000872563
           6   -0.550331   -0.548629 0.000789557
           7   -0.549637   -0.548773 0.000682651
           8   -0.548895   -0.548789 0.000591388
           9   -0.548895     -0.5488  0.00052169
          10   -0.549701    -0.54889 0.000475221
          11   -0.550114   -0.549002  0.00044402
          12   -0.549648   -0.549056  0.00040889
          13   -0.548549   -0.549017 0.000378141
          14   -0.549244   -0.549033 0.000350467
          15    -0.54877   -0.549015 0.000326736
          16   -0.547461   -0.548918 0.000320693
          17   -0.549964    -0.54898 0.000307458
          18   -0.548385   -0.548947  0.00029175
          19    -0.54814   -0.548904 0.000279215
          20   -0.550759   -0.548997 0.000280657
          21    -0.54958   -0.549025 0.000268399
          22   -0.550011    -0.54907 0.000259805
          23   -0.549819   -0.549102 0.000250384
          24   -0.547259   -0.549025 0.000251731
          25   -0.548541   -0.549006 0.000242228
          26   -0.550088   -0.549048 0.000236414
          27   -0.549168   -0.549052 0.000227534
          28    -0.54591    -0.54894 0.000246308
          29   -0.548565   -0.548927 0.000238015
          30     -0.5471   -0.548866 0.000237867
           1   -0.540929   -0.540929           0
           2   -0.543044   -0.541986  0.00105744
           3   -0.542433   -0.542135 0.000628436
           4   -0.541758   -0.542041 0.000454257
           5    -0.54227   -0.542087  0.00035484
           6   -0.542647    -0.54218  0.00030439
           7   -0.540664   -0.541964 0.000336321
           8   -0.542151   -0.541987 0.000292203
           9   -0.543826   -0.542192 0.000328878
          10    -0.54235   -0.542207 0.000294586
          11   -0.546254   -0.542575 0.000454256
          12   -0.542355   -0.542557 0.000415084
          13   -0.544258   -0.542688 0.000403617
          14   -0.544998   -0.542853 0.000408484
          15   -0.542802   -0.542849 0.000380293
          16   -0.543959   -0.542919 0.000362431
          17   -0.543104    -0.54293 0.000340618
          18   -0.543072   -0.542938 0.000321236
          19    -0.54154   -0.542864 0.000312628
          20   -0.543377    -0.54289 0.000297693
          21   -0.545743   -0.543026 0.000314067
          22   -0.539711   -0.542875  0.00033522
          23   -0.542691   -0.542867 0.000320414
          24   -0.541033    -0.54279 0.000316145
          25   -0.540969   -0.542718 0.000311869
          26    -0.54334   -0.542741 0.000300589
          27   -0.542939   -0.542749 0.000289335
          28    -0.54314   -0.542763  0.00027916
          29   -0.544646   -0.542828 0.000277079
          30   -0.541026   -0.542768 0.000274341
           1   -0.533137   -0.533137           0
           2   -0.535404    -0.53427  0.00113325
           3   -0.536085   -0.534875 0.000891085
           4   -0.538383   -0.535752  0.00107971
           5   -0.533021   -0.535206 0.000998947
           6   -0.537909   -0.535656 0.000931771
           7   -0.536774   -0.535816 0.000803515
           8   -0.536539   -0.535906 0.000701706
           9   -0.535452   -0.535856 0.000620903
          10   -0.535691   -0.535839 0.000555599
          11   -0.534887   -0.535753 0.000509957
          12   -0.537556   -0.535903 0.000489181
          13   -0.536369   -0.535939 0.000451407
          14    -0.53781   -0.536073 0.000438777
          15   -0.537696   -0.536181 0.000422575
          16   -0.535146   -0.536116 0.000400543
          17    -0.53594   -0.536106 0.000376387
          18   -0.535038   -0.536046 0.000359785
          19   -0.536401   -0.536065 0.000340833
          20   -0.537815   -0.536153 0.000334971
          21   -0.536963   -0.536191 0.000320951
          22   -0.535053   -0.536139 0.000310358
          23   -0.535636   -0.536118 0.000297363
          24   -0.536691   -0.536141 0.000285703
          25   -0.532297   -0.535988 0.000314227
          26   -0.535394   -0.535965 0.000302763
          27   -0.535312   -0.535941 0.000292336
          28   -0.534568   -0.535892 0.000285938
          29     -0.5368   -0.535923 0.000277675
          30     -0.5355   -0.535909 0.000268631
           1   -0.530223   -0.530223           0
           2   -0.529351   -0.529787    0.000436
           3   -0.530238   -0.529937  0.00029326
           4   -0.529137   -0.529737 0.000288256
           5   -0.530284   -0.529847 0.000248605
           6   -0.528601   -0.529639  0.00029033
           7   -0.529556   -0.529627 0.000245661
           8   -0.530094   -0.529686 0.000220623
           9   -0.529579   -0.529674 0.000194933
          10   -0.530295   -0.529736 0.000185091
          11   -0.529765   -0.529738 0.000167443
          12   -0.529226   -0.529696   0.0001587
          13   -0.526805   -0.529473 0.000266025
          14   -0.530489   -0.529546 0.000256755
          15   -0.527585   -0.529415  0.00027244
          16   -0.530357   -0.529474 0.000261547
          17   -0.530498   -0.529534 0.000252957
          18     -0.5283   -0.529466 0.000248145
          19   -0.527468   -0.529361 0.000257198
          20   -0.530061   -0.529396 0.000246498
          21   -0.531168    -0.52948 0.000249188
          22   -0.530745   -0.529537 0.000244448
          23   -0.527989    -0.52947 0.000243091
          24   -0.527941   -0.529406   0.0002413
          25   -0.530595   -0.529454 0.000236277
          26   -0.529048   -0.529438 0.000227543
          27   -0.530778   -0.529488 0.000224505
          28   -0.532291   -0.529588 0.000238373
          29   -0.528992   -0.529568 0.000230924
          30   -0.527686   -0.529505  0.00023174
           1    -0.52334    -0.52334           0
           2    -0.52331   -0.523325   1.528e-05
           3   -0.523235   -0.523295 3.12532e-05
           4   -0.522037   -0.522981 0.000315154
           5   -0.524178    -0.52322 0.000342008
           6   -0.523332   -0.523239 0.000279865
           7   -0.521435   -0.522981 0.000349821
           8   -0.524276   -0.523143 0.000343499
           9   -0.521939   -0.523009 0.000331157
          10   -0.522514    -0.52296 0.000300306
          11    -0.52223   -0.522893 0.000279616
          12    -0.52418   -0.523001 0.000276869
          13   -0.528136   -0.523396 0.000470011
          14   -0.522904    -0.52336 0.000436561
          15   -0.523823   -0.523391 0.000407584
          16   -0.522668   -0.523346 0.000383928
          17   -0.523276   -0.523342 0.000360661
          18   -0.523806   -0.523368 0.000341009
          19   -0.522251   -0.523309  0.00032787
          20   -0.524378   -0.523362   0.0003156
          21   -0.524263   -0.523405 0.000303246
          22   -0.522576   -0.523368  0.00029158
          23   -0.522074   -0.523311 0.000284236
          24   -0.524616   -0.523366 0.000277511
          25   -0.524452   -0.523409 0.000269702
          26    -0.52528   -0.523481 0.000268924
          27   -0.522559   -0.523447 0.000261017
          28   -0.525182   -0.523509  0.00025904
          29   -0.523946   -0.523524 0.000250403
          30   -0.523588   -0.523526 0.000241921
           1   -0.516854   -0.516854           0
           2   -0.519592   -0.518223  0.00136888
           3   -0.514657   -0.517034  0.00142732
           4   -0.519449   -0.517638  0.00117609
           5   -0.516972   -0.517505 0.000920681
           6   -0.518511   -0.517673 0.000770228
           7   -0.516349   -0.517484 0.000677852
           8   -0.519055    -0.51768 0.000619031
           9   -0.515714   -0.517462 0.000588029
          10   -0.518671   -0.517582 0.000539674
          11   -0.519435   -0.517751 0.000516398
          12   -0.518766   -0.517835 0.000478931
          13   -0.515831   -0.517681 0.000466763
          14   -0.519394   -0.517804 0.000449119
          15   -0.519244     -0.5179 0.000428987
          16    -0.51579   -0.517768  0.00042238
          17   -0.517123    -0.51773 0.000398563
          18   -0.516337   -0.517652 0.000383659
          19     -0.5194   -0.517744 0.000374373
          20   -0.516783   -0.517696   0.0003584
          21    -0.51875   -0.517746 0.000344576
          22   -0.518997   -0.517803  0.00033342
          23   -0.519979   -0.517898 0.000332342
          24    -0.51671   -0.517848 0.000322017
          25   -0.518858   -0.517889 0.000311498
          26   -0.515857   -0.517811 0.000309316
          27   -0.519065   -0.517857 0.000301242
          28   -0.516482   -0.517808 0.000294411
          29   -0.516268   -0.517755 0.000288999
          30   -0.518584   -0.517783 0.000280565
           1   -0.511272   -0.511272           0
           2   -0.511871   -0.511572 0.000299253
           3   -0.510292   -0.511145  0.00046037
           4   -0.511037   -0.511118 0.000326641
           5   -0.508915   -0.510677 0.000508073
           6   -0.512583   -0.510995 0.000522439
           7    -0.51309   -0.511294 0.000533435
           8   -0.512112   -0.511397 0.000473142
           9   -0.511628   -0.511422 0.000418065
          10   -0.512901    -0.51157 0.000402087
          11   -0.511997   -0.511609 0.000365764
          12   -0.512743   -0.511703 0.000347017
          13   -0.514913    -0.51195 0.000403546
          14   -0.508773   -0.511723 0.000437153
          15   -0.512102   -0.511749 0.000407749
          16   -0.513035   -0.511829 0.000389796
          17   -0.513201    -0.51191 0.000374944
          18   -0.511545   -0.511889 0.000354081
          19    -0.50919   -0.511747 0.000363815
          20   -0.511463   -0.511733 0.000345439
          21   -0.509727   -0.511638 0.000342189
          22   -0.510837   -0.511601 0.000328288
          23   -0.510677   -0.511561 0.000316252
          24    -0.51066   -0.511523 0.000305109
          25   -0.511802   -0.511535 0.000292862
          26   -0.511655   -0.511539 0.000281411
          27   -0.514214   -0.511638 0.000288343
          28   -0.511806   -0.511644 0.000277919
          29   -0.511575   -0.511642 0.000268175
          30   -0.512104   -0.511657  0.00025954
           1   -0.507324   -0.507324           0
           2   -0.504691   -0.506008  0.00131664
           3   -0.504572   -0.505529  0.00089822
           4   -0.505936   -0.505631 0.000643237
           5   -0.506603   -0.505825 0.000534814
           6   -0.504961   -0.505681 0.000459811
           7   -0.506096   -0.505741 0.000393114
           8   -0.506535    -0.50584 0.000354639
           9   -0.505985   -0.505856  0.00031318
          10   -0.507214   -0.505992 0.000311317
          11   -0.504774   -0.505881 0.000302581
          12    -0.50393   -0.505718 0.000320536
          13   -0.506107   -0.505748 0.000296365
          14   -0.506172   -0.505779 0.000276041
          15   -0.506607   -0.505834 0.000262842
          16   -0.505993   -0.505844 0.000246068
          17    -0.50597   -0.505851 0.000231259
          18    -0.50375   -0.505734 0.000247322
          19   -0.508482   -0.505879 0.000275037
          20   -0.507579   -0.505964 0.000274411
          21   -0.507163   -0.506021 0.000267183
          22   -0.508178   -0.506119 0.000272962
          23   -0.506331   -0.506128 0.000260987
          24   -0.505391   -0.506098 0.000251756
          25   -0.504807   -0.506046 0.000246933
          26   -0.503851   -0.505962 0.000251819
          27   -0.507085   -0.506003  0.00024586
          28   -0.506586   -0.506024  0.00023783
          29   -0.506042   -0.506025 0.000229483
          30    -0.50802   -0.506091 0.000231468
           1   -0.500556   -0.500556           0
           2   -0.499136   -0.499846 0.000709973
           3   -0.499072   -0.499588 0.000484344
           4   -0.499225   -0.499498 0.000354303
           5   -0.498539   -0.499306 0.000334788
           6   -0.498673     -0.4992 0.000293011
           7   -0.497845   -0.499007 0.000314317
           8   -0.501087   -0.499267  0.00037645
           9   -0.499902   -0.499337 0.000339426
          10   -0.498601   -0.499264 0.000312387
          11   -0.499694   -0.499303 0.000285255
          12   -0.502169   -0.499542 0.000353321
          13   -0.501611   -0.499701 0.000361901
          14   -0.501513    -0.49983 0.000359196
          15   -0.497317   -0.499663 0.000374035
          16   -0.499552   -0.499656 0.000349946
          17    -0.50107   -0.499739 0.000339077
          18   -0.499327   -0.499716 0.000320504
          19   -0.500659   -0.499766 0.000307204
          20   -0.500515   -0.499803 0.000293837
          21   -0.501185   -0.499869 0.000287132
          22   -0.497085   -0.499743 0.000301597
          23   -0.498332   -0.499681 0.000294635
          24   -0.498811   -0.499645 0.000284414
          25   -0.499611   -0.499644 0.000272804
          26   -0.498806   -0.499611 0.000264073
          27   -0.499063   -0.499591 0.000254914
          28   -0.500678    -0.49963 0.000248691
          29        -0.5   -0.499643 0.000240302
          30   -0.497326   -0.499565 0.000244662
           1    -0.49466    -0.49466           0
           2   -0.495372   -0.495016 0.000356187
           3   -0.495106   -0.495046 0.000207813
           4   -0.493175   -0.494578 0.000490388
           5   -0.497864   -0.495235 0.000758993
           6   -0.495782   -0.495327 0.000626385
           7   -0.494005   -0.495138 0.000562038
           8   -0.494197    -0.49502 0.000500736
           9    -0.49627   -0.495159 0.000462927
          10   -0.496008   -0.495244 0.000422674
          11   -0.496379   -0.495347 0.000395994
          12   -0.495068   -0.495324  0.00036224
          13   -0.496345   -0.495402 0.000342341
          14   -0.493657   -0.495278 0.000340587
          15   -0.492971   -0.495124 0.000352411
          16   -0.494581    -0.49509  0.00033139
          17   -0.494747    -0.49507 0.000311939
          18   -0.495214   -0.495078 0.000294207
          19   -0.496135   -0.495133 0.000283795
          20   -0.494786   -0.495116 0.000269791
          21   -0.494438   -0.495084 0.000258645
          22   -0.493969   -0.495033 0.000251763
          23   -0.494591   -0.495014 0.000241337
          24   -0.492245   -0.494899 0.000258259
          25   -0.492583   -0.494806 0.000264464
          26    -0.49559   -0.494836 0.000255873
          27   -0.494687   -0.494831 0.000246276
          28   -0.494559   -0.494821 0.000237516
          29     -0.4929   -0.494755 0.000238556
          30   -0.494072   -0.494732 0.000231587
           1   -0.487708   -0.487708           0
           2   -0.489448   -0.488578 0.000870267
           3   -0.489205   -0.488787  0.00054424
           4   -0.490055   -0.489104 0.000498569
           5   -0.488975   -0.489078 0.000387052
           6   -0.489486   -0.489146 0.000323249
           7   -0.489332   -0.489173 0.000274487
           8   -0.491202   -0.489427 0.000347637
           9   -0.487596   -0.489223   0.0003679
          10   -0.487114   -0.489012 0.000390842
          11   -0.487021   -0.488831 0.000397171
          12   -0.489153   -0.488858 0.000363558
          13   -0.488993   -0.488868 0.000334586
          14   -0.487755   -0.488789  0.00031981
          15    -0.48891   -0.488797 0.000297837
          16   -0.488896   -0.488803 0.000278669
          17   -0.489589   -0.488849 0.000265817
          18   -0.490877   -0.488962 0.000274764
          19   -0.488553   -0.488941 0.000260793
          20   -0.488722    -0.48893 0.000247652
          21    -0.49029   -0.488994 0.000244308
          22   -0.486896   -0.488899 0.000251712
          23   -0.490005   -0.488947 0.000245282
          24   -0.487855   -0.488902  0.00023921
          25   -0.487934   -0.488863 0.000232681
          26   -0.491904    -0.48898 0.000252302
          27   -0.488431    -0.48896 0.000243627
          28   -0.488839   -0.488955 0.000234805
          29   -0.488313   -0.488933 0.000227644
          30    -0.49059   -0.488988 0.000226753
           1   -0.485195   -0.485195           0
           2   -0.482296   -0.483746  0.00144912
           3    -0.48256    -0.48335 0.000925285
           4   -0.484299   -0.483587 0.000695894
           5   -0.485145   -0.483899 0.000622569
           6   -0.480945   -0.483407 0.000707614
           7    -0.48443   -0.483553 0.000615661
           8   -0.485256   -0.483766 0.000574126
           9   -0.485583   -0.483968 0.000545095
          10   -0.486892    -0.48426  0.00056851
          11   -0.485821   -0.484402 0.000533466
          12   -0.480053    -0.48404  0.00060702
          13   -0.483259    -0.48398 0.000561599
          14   -0.483222   -0.483925 0.000522749
          15   -0.482557   -0.483834 0.000495125
          16   -0.484895   -0.483901 0.000467866
          17   -0.482072   -0.483793 0.000452455
          18   -0.482225   -0.483706 0.000435383
          19    -0.48348   -0.483694 0.000412002
          20   -0.484731   -0.483746 0.000394283
          21   -0.481977   -0.483662 0.000384377
          22   -0.482371   -0.483603 0.000371158
          23   -0.482162    -0.48354 0.000360143
          24   -0.480981   -0.483434 0.000360923
          25   -0.483624   -0.483441 0.000346269
          26   -0.483755   -0.483453 0.000332904
          27   -0.483477   -0.483454 0.000320338
          28   -0.485834   -0.483539 0.000320172
          29   -0.484219   -0.483563 0.000309822
          30   -0.484136   -0.483582 0.000299927
           1   -0.479408   -0.479408           0
           2   -0.478843   -0.479125  0.00028264
           3   -0.478353   -0.478868 0.000304719
           4    -0.47994   -0.479136 0.000343904
           5   -0.477487   -0.478806 0.000423881
           6    -0.47964   -0.478945 0.000372946
           7   -0.478357   -0.478861  0.00032622
           8   -0.475569    -0.47845 0.000499154
           9   -0.479549   -0.478572 0.000456849
          10   -0.476971   -0.478412 0.000438853
          11   -0.479264   -0.478489 0.000404447
          12   -0.477626   -0.478417 0.000376153
          13   -0.478701   -0.478439 0.000346699
          14   -0.478808   -0.478465 0.000322058
          15   -0.476839   -0.478357 0.000318816
          16   -0.477377   -0.478296 0.000304453
          17      -0.479   -0.478337 0.000288969
          18   -0.478884   -0.478368 0.000274129
          19   -0.478488   -0.478374 0.000259377
          20   -0.480892     -0.4785 0.000276409
          21   -0.479518   -0.478548 0.000267355
          22   -0.478949   -0.478566 0.000255562
          23   -0.476882   -0.478493 0.000254944
          24   -0.479368    -0.47853 0.000246797
          25   -0.478255   -0.478519 0.000236975
          26   -0.477426   -0.478477 0.000231521
          27   -0.476907   -0.478419 0.000230244
          28   -0.479164   -0.478445  0.00022346
          29   -0.477396   -0.478409 0.000218633
          30   -0.477974   -0.478394 0.000211716
           1   -0.475132   -0.475132           0
           2   -0.473704   -0.474418 0.000714027
           3   -0.471769   -0.473535 0.000974479
           4   -0.472265   -0.473218 0.000758738
           5   -0.473356   -0.473245 0.000588363
           6    -0.47358   -0.473301 0.000483632
           7   -0.474469   -0.473468  0.00044146
           8   -0.473483    -0.47347  0.00038232
           9   -0.472417   -0.473353 0.000356881
          10   -0.470867   -0.473104  0.00040459
          11   -0.475625   -0.473333 0.000431807
          12   -0.473167    -0.47332 0.000394428
          13   -0.474039   -0.473375 0.000367017
          14   -0.473151   -0.473359 0.000340167
          15   -0.469812   -0.473123 0.000395212
          16   -0.471767   -0.473038 0.000379265
          17   -0.474479   -0.473123 0.000366199
          18   -0.473353   -0.473135 0.000345492
          19   -0.472919   -0.473124 0.000327002
          20   -0.474798   -0.473208 0.000321313
          21   -0.471376    -0.47312 0.000317827
          22   -0.471855   -0.473063 0.000308447
          23   -0.473602   -0.473086 0.000295661
          24   -0.472355   -0.473056  0.00028471
          25   -0.472574   -0.473037 0.000273763
          26    -0.47223   -0.473006 0.000264846
          27   -0.474693   -0.473068 0.000262401
          28   -0.472214   -0.473038 0.000254688
          29   -0.473211   -0.473044 0.000245822
          30   -0.473834    -0.47307 0.000238945
           1   -0.471143   -0.471143           0
           2   -0.465901   -0.468522  0.00262067
           3    -0.46794   -0.468328  0.00152544
           4   -0.472414   -0.469349  0.00148557
           5   -0.467001    -0.46888  0.00124291
           6    -0.46543   -0.468305  0.00116636
           7   -0.467308   -0.468162 0.000995994
           8   -0.468038   -0.468147 0.000862696
           9   -0.469028   -0.468245 0.000767103
          10   -0.470556   -0.468476  0.00072401
          11   -0.467991   -0.468432 0.000656372
          12   -0.471033   -0.468649 0.000637201
          13   -0.468255   -0.468618 0.000586921
          14   -0.466231   -0.468448 0.000569506
          15   -0.467682   -0.468397 0.000532635
          16   -0.468007   -0.468372 0.000498831
          17   -0.468388   -0.468373 0.000468571
          18   -0.468806   -0.468397 0.000442425
          19   -0.469161   -0.468437 0.000420421
          20   -0.467068   -0.468369 0.000404682
          21   -0.467276   -0.468317 0.000388433
          22    -0.46682   -0.468249 0.000376555
          23   -0.469646    -0.46831 0.000364901
          24    -0.46768   -0.468283 0.000350348
          25   -0.467226   -0.468241 0.000338694
          26   -0.467758   -0.468223 0.000325937
          27   -0.469545   -0.468272 0.000317432
          28   -0.466902   -0.468223 0.000309772
          29   -0.466415    -0.46816 0.000305331
          30   -0.467308   -0.468132 0.000296343
           1   -0.463668   -0.463668           0
           2   -0.461932     -0.4628 0.000867733
           3   -0.463845   -0.463148 0.000610277
           4   -0.462616   -0.463015 0.000451614
           5    -0.46173   -0.462758 0.000434098
           6   -0.462329   -0.462687 0.000361583
           7   -0.462464   -0.462655 0.000307245
           8   -0.461403   -0.462498 0.000308715
           9   -0.462029   -0.462446 0.000277201
          10   -0.463786    -0.46258 0.000281824
          11   -0.462933   -0.462612 0.000256927
          12   -0.460531   -0.462439 0.000291717
          13   -0.461826   -0.462392 0.000272449
          14   -0.461857   -0.462354 0.000255108
          15   -0.461082   -0.462269 0.000252176
          16   -0.461325    -0.46221 0.000243148
          17   -0.462367   -0.462219 0.000228584
          18   -0.461781   -0.462195 0.000216878
          19   -0.462123   -0.462191 0.000205181
          20   -0.462966    -0.46223  0.00019847
          21   -0.463304   -0.462281 0.000195593
          22     -0.4616    -0.46225  0.00018904
          23   -0.463806   -0.462318 0.000192889
          24   -0.465466   -0.462449 0.000226538
          25   -0.461362   -0.462405 0.000221595
          26   -0.460133   -0.462318 0.000230141
          27   -0.463183    -0.46235 0.000223761
          28   -0.464085   -0.462412 0.000224353
          29   -0.463761   -0.462458 0.000221419
          30   -0.461673   -0.462432 0.000215506
