0 0.315323 0.00385883
1 0.453465 0.166283
2 0.564804 0.229111
3 0.123931 0.212213
4 1.02406 0.221961
5 0.589625 0.197601
6 0.433834 0.218873
7 0.650033 0.202698
8 0.385647 0.280369
9 -0.151962 0.203889
10 0.681688 0.207638
11 0.421324 0.238534
12 0.651394 0.148171
13 0.298122 0.199648
14 0.399575 0.203017
15 0.344575 0.286985
16 0.380627 0.211357
17 0.256361 0.2218
18 0.0668454 0.213416
19 0.454837 0.191896
20 0.40691 0.212285
21 0.542416 0.132648
22 0.363979 0.228772
23 0.535437 0.13409
24 0.00525725 0.153618
25 0.384147 0.195348
26 0.416015 0.182956
27 0.298421 0.17369
28 0.374907 0.154449
29 0.564023 0.233835
30 0.469256 0.187432
31 0.347533 0.198363
32 0.635311 0.196117
33 0.288887 0.204075
34 0.0431495 0.150543
35 0.504944 0.14348
36 0.4567 0.175838
37 0.0175443 0.163824
38 0.389239 0.199403
39 0.171555 0.153846
40 0.139529 0.164665
41 0.42391 0.18042
42 0.577561 0.144535
43 0.41043 0.203759
44 0.661553 0.196007
45 0.245955 0.176411
46 0.302164 0.182173
47 0.159189 0.167372
48 0.33039 0.142755
49 0.251212 0.195692
50 0.300037 0.126318
51 0.177137 0.139584
52 0.116965 0.178143
53 0.35633 0.152609
54 0.0455836 0.143738
55 0.127828 0.135454
56 0.34537 0.122416
57 0.339337 0.104826
58 0.080332 0.12738
59 0.257912 0.152141
60 0.377394 0.176345
61 0.528438 0.163977
62 0.613836 0.120742
63 0.373173 0.124736
64 0.30248 0.137413
65 0.413417 0.158906
66 0.306935 0.204396
67 0.334522 0.150459
68 0.34229 0.14256
69 0.486635 0.144409
70 0.166871 0.18171
71 0.209732 0.191033
72 0.24888 0.168123
73 0.298726 0.104405
74 0.422443 0.0984277
75 0.240313 0.144766
76 0.361153 0.142246
77 0.114306 0.199381
78 0.322283 0.139168
79 0.259243 0.107733
80 0.11446 0.13794
81 0.25006 0.143049
82 0.533756 0.117127
83 0.155281 0.15836
84 0.402259 0.119866
85 0.340316 0.156045
86 0.366606 0.143225
87 0.148561 0.132582
88 0.20242 0.126554
89 0.25547 0.165827
90 0.21964 0.0924885
91 0.280846 0.168863
92 0.11376 0.156279
93 0.405127 0.155212
94 0.210551 0.142829
95 0.314417 0.16224
96 0.259097 0.163251
97 0.232396 0.122203
98 0.614863 0.154461
99 0.344373 0.154149
100 0.328453 0.122096
101 0.245947 0.172313
102 0.0993947 0.15398
103 0.266963 0.167946
104 0.279579 0.166438
105 0.0121714 0.176225
106 0.2187 0.154999
107 0.260509 0.131568
108 0.548652 0.126013
109 0.20466 0.195424
110 0.352862 0.124033
111 0.0569107 0.144817
112 0.113664 0.133916
113 0.454904 0.130372
114 0.491397 0.173005
115 0.496161 0.125383
116 0.229243 0.185433
117 0.469615 0.123933
118 0.151447 0.140887
119 0.412426 0.167788
120 0.139029 0.145391
121 0.0919706 0.182549
122 0.404712 0.136892
123 0.604333 0.17416
124 0.482638 0.120822
125 0.285015 0.189859
126 0.635563 0.134047
127 -0.12979 0.160511
128 0.138299 0.161909
129 0.536847 0.143709
130 0.179478 0.168857
131 0.0103713 0.141952
132 0.307011 0.14094
133 0.36394 0.161212
134 0.670721 0.118078
135 0.18746 0.15305
136 0.359823 0.169553
137 0.16438 0.128455
138 0.282549 0.143024
139 0.363729 0.137189
140 0.158375 0.134452
141 0.25943 0.11173
142 0.403769 0.118417
143 0.0971399 0.183191
144 0.390243 0.135594
145 0.156583 0.149204
146 0.150728 0.144335
147 0.318096 0.154153
148 0.181689 0.115879
149 0.109121 0.115118
150 0.499836 0.130114
151 0.00509562 0.13846
152 0.353458 0.131452
153 0.184906 0.173778
154 0.304334 0.137133
155 0.142052 0.107406
156 0.380853 0.138389
157 0.470227 0.118408
158 0.156467 0.163018
159 0.366798 0.126067
160 0.168673 0.156844
161 0.0392112 0.1544
162 0.245753 0.147668
163 0.299048 0.145654
164 0.338953 0.161206
165 0.384103 0.140814
166 0.242206 0.138789
167 0.21369 0.130181
168 0.464461 0.150774
169 0.408607 0.142957
170 0.222067 0.111284
171 0.218891 0.134908
172 0.563297 0.110422
173 0.257698 0.155836
174 0.405563 0.126329
175 0.228664 0.164547
176 0.291144 0.129393
177 0.3095 0.170537
178 0.399514 0.166359
179 0.118928 0.122763
180 0.269018 0.16768
181 0.307542 0.113015
182 0.390154 0.17418
183 0.220983 0.0903676
184 0.279518 0.135219
185 0.380333 0.141089
186 0.403929 0.173668
187 -0.0579425 0.147311
188 0.264815 0.120947
189 0.148798 0.131019
190 0.217969 0.134027
191 0.15219 0.179094
192 0.441147 0.187573
193 0.321479 0.110487
194 0.161717 0.162062
195 0.410586 0.135589
196 0.0348223 0.166934
197 0.457607 0.162302
198 0.479247 0.194709
199 0.219995 0.105226
200 -0.0491758 0.163901
201 0.23721 0.163023
202 0.342794 0.16729
203 0.790095 0.130353
204 0.206675 0.158798
205 0.451991 0.0971755
206 0.13961 0.140002
207 0.0608733 0.108264
208 0.257855 0.136254
209 0.533904 0.12625
210 0.265808 0.147572
211 0.241509 0.133568
212 0.659665 0.129537
213 0.129149 0.147922
214 0.421261 0.137384
215 0.40326 0.149716
216 0.348836 0.167928
217 0.551986 0.150832
218 0.361782 0.22488
219 0.400163 0.133905
220 -0.130557 0.127197
221 0.259197 0.178404
222 0.203938 0.127788
223 0.0872683 0.165169
224 0.462296 0.122596
225 0.394471 0.15649
226 0.382109 0.137935
227 0.212606 0.189708
228 0.32269 0.142211
229 0.444706 0.196578
230 0.427407 0.170377
231 0.128305 0.175591
232 0.19645 0.128456
233 0.341683 0.140301
234 0.273054 0.141386
235 0.490174 0.167162
236 0.273875 0.189526
237 0.573165 0.142523
238 0.285851 0.205097
239 0.415184 0.218833
240 0.214435 0.167722
241 0.339803 0.177646
242 0.0227941 0.163044
243 0.248855 0.152646
244 0.279011 0.111577
245 0.361175 0.145939
246 0.43084 0.210239
247 0.429991 0.141243
248 0.359714 0.147395
249 0.334147 0.143331
250 0.319473 0.158703
251 0.317565 0.127555
252 0.301409 0.20058
253 0.511778 0.187458
254 0.254289 0.168738
255 -0.274952 0.182555
256 0.398556 0.181381
257 0.385371 0.184474
258 0.133597 0.187102
259 0.60744 0.180795
260 0.52921 0.166869
261 0.369874 0.142474
262 0.386079 0.181919
263 0.326311 0.221723
264 0.610227 0.258035
265 0.521183 0.20605
266 0.0459196 0.258871
267 0.61933 0.130001
268 0.153619 0.141347
269 0.285824 0.212779
270 0.266588 0.192058
271 0.491174 0.194212
272 0.355742 0.21099
273 0.319482 0.152959
274 0.390287 0.187058
275 0.229263 0.157121
276 0.442576 0.143891
277 0.482184 0.16672
278 0.201875 0.145864
279 0.242254 0.152924
280 0.630952 0.124574
281 0.583702 0.196256
282 0.336288 0.189203
283 0.0738658 0.167454
284 0.2764 0.200017
285 0.33289 0.202039
286 0.54975 0.198597
287 0.252825 0.25266
288 0.433604 0.191724
289 0.122111 0.221762
290 0.0036289 0.221223
291 0.656968 0.201741
292 0.542918 0.235484
293 0.337828 0.17161
294 0.139177 0.254283
295 0.134155 0.228514
296 0.0703169 0.230543
297 0.200908 0.254477
298 0.818612 0.233048
299 0.311653 0.00420612
