0 -0.775429 0.00379333
1 -0.775785 0.00351959
2 -0.776857 0.00329799
3 -0.779165 0.0031833
4 -0.779905 0.00339738
5 -0.781425 0.00369777
6 -0.78004 0.00357955
7 -0.780965 0.00321521
8 -0.780903 0.00310567
9 -0.784364 0.00321008
10 -0.784336 0.00281894
11 -0.783242 0.00272504
12 -0.780173 0.00320654
13 -0.775856 0.00291663
14 -0.77953 0.00285607
15 -0.776114 0.0034913
16 -0.774745 0.00349349
17 -0.774012 0.00369987
18 -0.774291 0.00396182
19 -0.775646 0.00417275
20 -0.776464 0.00378719
21 -0.778451 0.00381393
22 -0.776527 0.00382038
23 -0.779275 0.00380499
24 -0.77935 0.00369818
25 -0.778281 0.00337463
26 -0.77976 0.00319148
27 -0.779563 0.00275424
28 -0.774982 0.00347465
29 -0.775785 0.00309636
30 -0.778153 0.00282124
31 -0.777871 0.00239762
32 -0.777715 0.00266689
33 -0.777286 0.00307665
34 -0.777737 0.00246259
35 -0.776988 0.00258584
36 -0.776221 0.00297117
37 -0.779172 0.00325617
38 -0.778906 0.00324712
39 -0.778431 0.00309633
40 -0.778565 0.0031279
41 -0.780154 0.00308014
42 -0.777798 0.00296105
43 -0.776619 0.0033641
44 -0.77645 0.00324428
45 -0.774265 0.00318525
46 -0.777814 0.00321491
47 -0.779169 0.00331423
48 -0.77899 0.00304061
49 -0.780299 0.00279359
50 -0.780391 0.0026498
51 -0.780755 0.00266532
52 -0.782561 0.00265613
53 -0.781915 0.00214099
54 -0.782746 0.00250767
55 -0.781726 0.00269003
56 -0.782509 0.00274509
57 -0.780024 0.00277446
58 -0.777842 0.00314161
59 -0.779199 0.00243739
60 -0.779817 0.00269129
61 -0.779995 0.00240637
62 -0.779495 0.00238054
63 -0.780135 0.00199997
64 -0.781835 0.00225217
65 -0.783995 0.00252691
66 -0.784533 0.00216428
67 -0.78254 0.0024791
68 -0.782492 0.00259839
69 -0.782512 0.00211852
70 -0.781885 0.00209394
71 -0.781751 0.00226922
72 -0.782704 0.00247525
73 -0.7807 0.00256072
74 -0.778327 0.00268356
75 -0.780214 0.00256249
76 -0.780149 0.00326284
77 -0.779543 0.00346414
78 -0.779493 0.0036821
79 -0.779038 0.00332236
80 -0.778953 0.00345578
81 -0.777111 0.00299296
82 -0.778161 0.00291388
83 -0.77694 0.00275716
84 -0.778363 0.0031326
85 -0.778925 0.00315361
86 -0.777519 0.00364715
87 -0.778629 0.00384466
88 -0.779335 0.00343037
89 -0.779945 0.00371304
90 -0.779006 0.00378738
91 -0.778517 0.00387419
92 -0.77751 0.00301425
93 -0.777526 0.00312202
94 -0.778829 0.00311281
95 -0.780978 0.00294055
96 -0.782563 0.00279887
97 -0.781832 0.00305923
98 -0.780921 0.00281859
99 -0.78197 0.00265385
100 -0.78168 0.00215393
101 -0.780917 0.00218873
102 -0.78083 0.00255132
103 -0.779826 0.00255849
104 -0.781866 0.00227674
105 -0.783072 0.00207519
106 -0.781963 0.0018031
107 -0.779734 0.00263722
108 -0.778796 0.00276983
109 -0.777919 0.00286271
110 -0.778165 0.00254906
111 -0.780581 0.00273293
112 -0.781945 0.00285223
113 -0.781687 0.00328907
114 -0.782808 0.0030891
115 -0.783242 0.00285095
116 -0.782201 0.00290232
117 -0.783527 0.00323026
118 -0.781915 0.00353775
119 -0.779459 0.00322621
120 -0.778262 0.00285755
121 -0.77968 0.00276016
122 -0.780297 0.00289032
123 -0.780369 0.00263551
124 -0.78031 0.00229852
125 -0.780487 0.0024698
126 -0.781065 0.00271117
127 -0.779551 0.00263898
128 -0.778614 0.00324364
129 -0.780468 0.00281873
130 -0.781559 0.00297395
131 -0.781495 0.00310266
132 -0.782351 0.00290049
133 -0.78202 0.00335054
134 -0.782127 0.00304845
135 -0.780528 0.00334742
136 -0.780125 0.00294724
137 -0.780056 0.00290023
138 -0.78043 0.0032497
139 -0.779751 0.00338242
140 -0.780163 0.0034044
141 -0.778256 0.00307295
142 -0.778261 0.00270973
143 -0.778486 0.00259038
144 -0.777742 0.00285082
145 -0.778119 0.00266708
146 -0.778899 0.00294871
147 -0.779829 0.00219281
148 -0.78272 0.00163681
149 -0.783772 0.00160459
150 -0.781384 0.0016782
151 -0.78085 0.00214575
152 -0.779918 0.00185092
153 -0.777548 0.00232848
154 -0.777412 0.00230156
155 -0.776034 0.0022592
156 -0.778456 0.00244418
157 -0.781124 0.00240874
158 -0.782391 0.00264139
159 -0.78081 0.00256693
160 -0.77922 0.0026318
161 -0.778262 0.00282569
162 -0.778422 0.00253537
163 -0.778142 0.00245765
164 -0.778839 0.00312086
165 -0.780694 0.00298395
166 -0.781936 0.00308241
167 -0.782533 0.00315894
168 -0.781696 0.00332892
169 -0.780146 0.0030464
170 -0.780491 0.0030082
171 -0.781208 0.00299819
172 -0.781074 0.00317709
173 -0.781102 0.00294875
174 -0.780994 0.00266018
175 -0.781702 0.00282106
176 -0.779907 0.00294566
177 -0.780022 0.00285718
178 -0.781275 0.00286372
179 -0.781922 0.0030448
180 -0.783495 0.00276078
181 -0.78406 0.00244476
182 -0.784263 0.00284164
183 -0.782958 0.00263637
184 -0.781776 0.00252386
185 -0.781512 0.00248419
186 -0.780904 0.00264237
187 -0.780107 0.00234331
188 -0.782912 0.00213881
189 -0.780521 0.00251155
190 -0.778167 0.00272226
191 -0.778921 0.0026311
192 -0.778971 0.00226173
193 -0.778491 0.00209223
194 -0.779422 0.00196085
195 -0.778796 0.0020868
196 -0.779021 0.00262204
197 -0.779014 0.00310207
198 -0.780396 0.00300617
199 -0.780337 0.00273172
200 -0.77937 0.00256758
201 -0.7812 0.0025248
202 -0.782291 0.00267037
203 -0.781696 0.00276219
204 -0.781161 0.00289052
205 -0.781597 0.00249365
206 -0.782352 0.00272164
207 -0.782298 0.00261154
208 -0.781887 0.00196308
209 -0.782052 0.00202279
210 -0.781345 0.00267842
211 -0.783435 0.00213173
212 -0.78331 0.00202062
213 -0.782891 0.00222404
214 -0.783155 0.00234188
215 -0.781727 0.00245184
216 -0.781537 0.0021636
217 -0.782283 0.0026387
218 -0.782744 0.00272561
219 -0.784837 0.00223054
220 -0.784089 0.0020322
221 -0.785467 0.00211942
222 -0.786661 0.00239399
223 -0.786407 0.00259041
224 -0.786939 0.00206938
225 -0.787075 0.00251478
226 -0.78585 0.00275744
227 -0.786974 0.00249491
228 -0.786335 0.00286266
229 -0.786101 0.00280399
230 -0.786544 0.00257195
231 -0.785622 0.00244151
232 -0.784843 0.00297657
233 -0.786438 0.00295223
234 -0.783994 0.00259907
235 -0.783467 0.00242985
236 -0.78311 0.00207304
237 -0.783714 0.00206104
238 -0.784214 0.0019309
239 -0.783204 0.00202333
240 -0.783205 0.00250506
241 -0.78001 0.00241089
242 -0.781177 0.00243755
243 -0.780957 0.00248977
244 -0.781582 0.00260526
245 -0.78121 0.00303555
246 -0.782142 0.00320201
247 -0.779751 0.00306423
248 -0.77807 0.00302262
249 -0.780928 0.00264586
250 -0.782049 0.00288638
251 -0.783589 0.00278594
252 -0.781946 0.00288771
253 -0.783232 0.00338525
254 -0.782543 0.00362064
255 -0.783197 0.00316079
256 -0.781527 0.00312922
257 -0.783755 0.00358068
258 -0.784447 0.00354192
259 -0.785176 0.00289242
260 -0.785039 0.00268945
261 -0.78548 0.00249535
262 -0.784092 0.00258769
263 -0.78485 0.00255397
264 -0.783877 0.00273171
265 -0.784618 0.00256537
266 -0.783282 0.00233066
267 -0.784014 0.00283223
268 -0.782014 0.00257662
269 -0.782471 0.00297081
270 -0.782848 0.0027542
271 -0.781325 0.00300091
272 -0.78075 0.00326298
273 -0.781468 0.00350854
274 -0.782402 0.00389379
275 -0.780978 0.00403573
276 -0.781151 0.00405022
277 -0.78069 0.00376268
278 -0.781425 0.00368456
279 -0.778319 0.00365836
280 -0.778673 0.00402028
281 -0.778878 0.0044555
282 -0.778912 0.00392266
283 -0.780775 0.00368823
284 -0.781999 0.00316345
285 -0.781334 0.00297245
286 -0.778505 0.00266109
287 -0.777839 0.00219281
288 -0.776765 0.00283848
289 -0.776224 0.00287994
290 -0.775741 0.00334693
291 -0.775548 0.00327468
292 -0.776126 0.00292272
293 -0.7759 0.00321747
294 -0.775459 0.00290599
295 -0.775362 0.00329908
296 -0.772501 0.00282323
297 -0.773715 0.00259974
298 -0.773402 0.00329164
299 -0.772126 0.00363535
