0 0.316602 0.0027088
1 0.800623 0.593704
2 0.84218 0.76003
3 0.715942 0.879792
4 1.0436 0.72154
5 0.00646698 0.861229
6 1.33572 0.670884
7 1.64407 0.712409
8 1.63495 0.557681
9 0.280605 0.54523
10 1.06863 0.616377
11 0.331059 0.798206
12 1.32043 0.632963
13 0.572701 0.653749
14 0.173072 0.532928
15 1.60892 0.730319
16 -0.571763 0.871264
17 0.782559 0.539759
18 0.260042 0.743329
19 1.32523 0.745932
20 -0.43206 0.7423
21 2.09558 0.79379
22 0.696433 0.717725
23 0.857125 0.697737
24 -0.96602 0.772287
25 0.856009 0.621385
26 1.35601 0.595956
27 0.645097 0.767953
28 0.823559 0.725399
29 0.838367 0.733645
30 -0.146215 0.552661
31 -0.126559 0.706226
32 1.62199 0.874743
33 0.926659 0.794799
34 -0.790744 0.545538
35 0.278356 0.782611
36 0.743564 0.758511
37 -1.18383 0.659739
38 2.00538 0.800232
39 -0.238794 0.605372
40 0.167702 0.579197
41 0.428327 0.487639
42 1.80013 0.648426
43 0.732894 0.552197
44 1.4199 0.938948
45 -0.242899 0.795955
46 0.767688 0.645527
47 -0.177228 0.489701
48 0.453287 0.563918
49 -0.998166 0.697408
50 0.00940853 0.704755
51 0.140791 0.681531
52 -0.258522 0.774648
53 0.428742 0.835144
54 0.0914534 0.606709
55 -0.383487 0.618335
56 0.32076 0.527023
57 0.577632 0.583638
58 0.407481 0.614865
59 -0.169534 0.618646
60 1.23464 0.667997
61 1.83034 0.560867
62 1.29295 0.780282
63 -0.959051 0.551179
64 0.121407 0.539886
65 0.848368 0.739234
66 -0.403508 0.64646
67 0.953301 0.607415
68 0.793552 0.58834
69 1.1388 0.513259
70 -0.443509 0.771819
71 -0.997287 0.501764
72 0.0818841 0.724183
73 0.477468 0.534987
74 -0.164088 0.30639
75 -0.278492 0.492456
76 0.238218 0.587793
77 0.266296 0.710148
78 -0.251675 0.606258
79 0.848718 0.716754
80 0.400886 0.574247
81 0.00309978 0.599764
82 1.08214 0.675989
83 0.124513 0.632538
84 -0.144537 0.608857
85 0.268653 0.639979
86 0.408129 0.743713
87 0.325655 0.521967
88 -0.00916804 0.72231
89 0.811639 0.578726
90 0.186616 0.641871
91 -0.527754 0.579991
92 1.04786 0.787512
93 -0.0118812 0.682421
94 0.3076 0.777865
95 -0.0153861 0.518264
96 -0.203938 0.680939
97 1.89988 0.859511
98 1.27492 0.701146
99 0.270385 0.779128
100 0.74858 0.59579
101 0.737177 0.859371
102 0.14978 0.690241
103 0.635437 0.732027
104 0.628154 0.653229
105 0.458119 0.567969
106 -0.348946 0.722018
107 0.206287 0.464511
108 0.756323 0.484312
109 -0.0394423 0.783056
110 -0.267252 0.699508
111 -0.437301 0.652455
112 0.0365675 0.709574
113 0.718151 0.624489
114 0.618715 0.611602
115 0.377986 0.749261
116 0.174477 0.814736
117 0.433924 0.560793
118 0.42527 0.651653
119 1.94038 0.552498
120 -0.114519 0.648855
121 -0.461458 0.721291
122 0.566597 0.602232
123 0.565618 0.534322
124 0.973884 0.41664
125 1.10204 0.692246
126 2.16993 0.577794
127 -1.23694 0.642872
128 -0.217972 0.576777
129 1.40286 0.74104
130 0.563084 0.681413
131 -0.641941 0.677161
132 1.36007 0.765162
133 0.707233 0.610012
134 1.5522 0.684281
135 0.0646176 0.538693
136 0.408593 0.773487
137 0.0531529 0.772552
138 -0.467137 0.734989
139 -0.449315 0.403144
140 0.346192 0.786736
141 0.0380666 0.656674
142 0.648832 0.493697
143 -0.706719 0.819934
144 1.28725 0.551741
145 -0.100491 0.645205
146 0.464997 0.669876
147 0.840276 0.68237
148 0.386131 0.486888
149 -0.36933 0.539832
150 0.478334 0.604014
151 -0.606632 0.749373
152 0.375815 0.502643
153 -0.0551291 0.695339
154 0.196521 0.479987
155 0.176234 0.502703
156 -0.438004 0.90278
157 0.0558565 0.815972
158 0.167372 0.809966
159 0.635892 0.635346
160 0.452837 0.875307
161 -1.13732 0.73845
162 -0.0723765 0.681416
163 0.103751 0.61373
164 -0.0879736 0.577419
165 -0.511905 0.494282
166 1.1712 0.705292
167 0.19214 0.439138
168 0.360509 0.843497
169 -0.343835 0.69675
170 -0.0380113 0.529706
171 0.0980829 0.48242
172 -0.693564 0.645387
173 1.07299 0.694652
174 -0.114907 0.579227
175 0.297192 0.771316
176 -0.367248 0.65048
177 0.0155019 0.703255
178 0.315995 0.554668
179 -0.0535266 0.538609
180 0.18323 0.615059
181 0.504125 0.642363
182 0.35255 0.688927
183 0.631587 0.739245
184 0.615893 0.587676
185 1.71193 0.695402
186 0.156519 0.635252
187 0.112622 0.608106
188 -0.676223 0.512381
189 0.466878 0.498398
190 0.0881723 0.713612
191 0.0986347 0.712169
192 -0.493027 0.520276
193 0.849757 0.534172
194 -0.606934 0.674808
195 0.607506 0.671148
196 -1.48502 0.594144
197 -0.235206 0.731358
198 1.52558 0.693978
199 0.390165 0.664934
200 -1.30265 0.718681
201 -0.106966 0.78272
202 -0.208007 0.826387
203 2.53465 0.579209
204 -0.625994 0.525168
205 1.23736 0.485082
206 -0.962269 0.602145
207 0.170757 0.813402
208 -0.610362 0.739275
209 1.61429 0.578689
210 -0.664712 0.716649
211 0.221361 0.711188
212 -0.317441 0.667071
213 -0.867103 0.525083
214 0.655537 0.715171
215 0.960353 0.449649
216 1.85236 0.516217
217 1.66323 0.558539
218 0.194875 0.978232
219 1.05979 0.770158
220 -0.0796515 0.740973
221 -0.248226 0.534334
222 -0.0988254 0.613054
223 0.535402 0.651011
224 0.724439 0.644029
225 0.0776627 0.79201
226 -0.4816 0.736556
227 0.485334 0.506254
228 0.168146 0.549688
229 -0.550665 0.75743
230 0.846178 0.801186
231 0.274845 0.656346
232 0.401841 0.542214
233 -0.0171821 0.571184
234 1.13753 0.728368
235 0.500727 0.750576
236 0.168523 0.485032
237 1.34874 0.759921
238 0.140715 0.864352
239 1.11699 0.629085
240 -0.44517 0.461641
241 1.04167 0.49158
242 0.227512 0.716748
243 -0.164384 0.711244
244 0.857701 0.624961
245 0.00741234 0.72123
246 0.501833 0.747368
247 -0.718653 0.60975
248 1.06225 0.621986
249 -0.202673 0.50471
250 0.39139 0.586158
251 -0.176399 0.6639
252 1.02042 0.518369
253 0.86187 0.75053
254 -0.934301 0.628566
255 -0.874476 0.736458
256 1.60911 0.681783
257 0.370436 0.772234
258 -0.389022 0.89652
259 1.02488 0.560798
260 1.14034 0.80229
261 0.0328667 0.687102
262 -0.257452 0.693893
263 0.659134 0.835835
264 1.10641 0.809681
265 0.48472 0.643106
266 -0.496502 0.724033
267 0.243546 0.566935
268 -0.610138 0.642037
269 1.02049 0.692727
270 -0.323497 0.698749
271 1.02721 0.794563
272 -0.514865 0.653083
273 -1.25568 0.518279
274 -0.0720789 0.727043
275 -0.21361 0.790926
276 0.349754 0.744867
277 1.04113 0.694681
278 0.107888 0.713366
279 0.302045 0.592987
280 1.49464 0.745209
281 1.54892 0.712771
282 -0.0358512 0.841184
283 -0.163321 0.657296
284 1.01296 0.621056
285 0.267744 0.636912
286 0.525906 0.69507
287 0.775933 0.57966
288 1.58641 0.875202
289 -0.360603 0.982869
290 0.0279073 0.864067
291 1.60827 0.894972
292 0.443126 0.684029
293 0.327323 0.731835
294 -1.12288 0.909495
295 -0.00799412 0.917681
296 0.555337 0.539988
297 -0.3575 0.744725
298 1.58876 0.863263
299 0.316196 0.00320032
