           1     88.9597     88.9597           0
           2     85.7825     87.3711     1.58858
           3     91.8007     88.8476      1.7382
           4     92.0626     89.6514     1.46856
           5     90.5988     89.8408     1.15322
           6     90.2281     89.9054    0.943807
           7     87.8238      89.608    0.851288
           8     89.0661     89.5403    0.740343
           9     93.3222     89.9605    0.776457
          10     88.6753      89.832    0.706277
          11     89.6143     89.8122    0.639157
          12     91.9104      89.987    0.609104
          13     89.5423     89.9528    0.561338
          14     89.5962     89.9273    0.520322
          15     91.5931     90.0384     0.49696
          16     92.7195      90.206    0.494142
          17     92.5125     90.3416    0.483589
          18     89.7228     90.3073    0.457227
          19     92.4143     90.4182    0.446484
          20     83.4374     90.0691    0.548853
          21     92.4377     90.1819    0.534108
          22     90.8607     90.2128    0.510186
          23     85.8883     90.0247    0.522501
          24      79.544      89.588    0.664051
          25     87.8927     89.5202    0.640535
          26      91.435     89.5939    0.619797
          27     90.5282     89.6285    0.597403
          28     90.7603     89.6689     0.57709
          29     91.1051     89.7184    0.559033
          30     84.7082     89.5514    0.565309
           1     85.2299     85.2299           0
           2      78.131     81.6804     3.54945
           3     84.8548     82.7386     2.30633
           4     86.4781     83.6734     1.87979
           5     78.2644     82.5916     1.81396
           6     84.1691     82.8545     1.50425
           7     84.8443     83.1388     1.30271
           8     86.4214     83.5491     1.20048
           9     82.9291     83.4802     1.06097
          10     81.2867     83.2609    0.973978
          11     66.2463     81.7141     1.78008
          12     79.5083     81.5303     1.63535
          13     85.3496     81.8241     1.53272
          14     79.3098     81.6445     1.43034
          15     79.6387     81.5108     1.33827
          16     80.3432     81.4378     1.25397
          17     82.9085     81.5243     1.18107
          18     85.8977     81.7673     1.13972
          19     80.0135      81.675     1.08201
          20     91.3351      82.158     1.13445
          21     77.3011     81.9267     1.10358
          22      86.957     82.1553     1.07678
          23     83.2139     82.2014     1.02993
          24     83.8401     82.2696    0.988442
          25     84.4218     82.3557     0.95198
          26     87.6213     82.5583    0.936786
          27       80.46     82.4805    0.904767
          28     83.4532     82.5153    0.872547
          29       76.82     82.3189    0.864524
          30      82.527     82.3258    0.835238
           1     68.7996     68.7996           0
           2     64.5542     66.6769     2.12273
           3     76.5581     69.9706     3.51437
           4     74.3592     71.0678     2.71645
           5     68.1502     70.4843     2.18356
           6      77.029      71.575     2.09008
           7      68.182     71.0903     1.83174
           8     77.0432     71.8344     1.75218
           9     69.9957     71.6301     1.55873
          10     65.5353     71.0207     1.52157
          11     77.2436     71.5864     1.48804
          12     69.8204     71.4392     1.36634
          13     74.1349     71.6466     1.27384
          14     66.6958     71.2929     1.23122
          15     62.7136      70.721     1.28099
          16      79.502     71.2698     1.31795
          17     72.6315     71.3499     1.24059
          18     73.1219     71.4484     1.17378
          19     83.6735     72.0918     1.28325
          20     76.0196     72.2882     1.23313
          21     72.1481     72.2815     1.17296
          22     70.7326     72.2111     1.12059
          23     65.9864     71.9405     1.10444
          24     64.6327      71.636     1.10038
          25     65.0255     71.3715     1.08807
          26     69.8667     71.3137     1.04698
          27     72.3214      71.351     1.00815
          28     68.8462     71.2615    0.975589
          29      81.584     71.6175      1.0064
          30     76.3344     71.7747    0.984903
           1      66.931      66.931           0
           2      64.282     65.6065     1.32448
           3     61.1182     64.1104     1.68019
           4     63.9683     64.0749     1.18861
           5     60.4625     63.3524     1.17032
           6     63.4894     63.3753    0.955836
           7     62.7825     63.2906    0.812256
           8     64.3951     63.4286    0.716857
           9     68.7829     64.0236    0.868107
          10     59.6035     63.5815    0.893453
          11      63.374     63.5627    0.808379
          12      65.135     63.6937    0.749488
          13     67.5279     63.9886    0.749867
          14     66.3651     64.1584    0.714693
          15     63.4008     64.1079    0.667257
          16     63.9212     64.0962    0.624271
          17     54.7635     63.5472    0.803273
          18     61.1712     63.4152    0.768751
          19     65.8344     63.5426    0.738229
          20     57.6552     63.2482    0.759694
          21      72.896     63.7076    0.856293
          22     56.1293     63.3631    0.886136
          23     63.3923     63.3644    0.846733
          24      63.472     63.3689    0.810698
          25     57.6435     63.1399    0.810618
          26     63.4979     63.1536    0.778938
          27     65.9498     63.2572    0.756654
          28     70.8065     63.5268    0.777383
          29     69.1998     63.7224    0.775187
          30     69.7734     63.9241    0.775588
           1     57.8702     57.8702           0
           2     56.0979      56.984    0.886138
           3     56.1594     56.7092    0.580782
           4     55.6049     56.4331    0.494839
           5     57.8713     56.7207    0.479229
           6       53.72     56.2206    0.635004
           7       63.61     57.2762     1.18422
           8     58.0893     57.3779     1.03059
           9     64.9577     58.2201     1.23911
          10     54.6763     57.8657     1.16357
          11     60.4672     58.1022     1.07873
          12     57.0525     58.0147     0.98862
          13     55.2079     57.7988    0.934677
          14     60.5351     57.9943     0.88714
          15     50.1183     57.4692    0.978659
          16     55.9648     57.3752    0.920268
          17      58.331     57.4314    0.866268
          18     57.9894     57.4624    0.817313
          19     52.2373     57.1874    0.820557
          20     58.5307     57.2546    0.781341
          21     58.6932     57.3231    0.746354
          22     52.9884      57.126    0.738393
          23     61.9429     57.3355    0.735985
          24     50.9919     57.0712    0.752593
          25     53.0929      56.912    0.739194
          26     51.1027     56.6886    0.744513
          27     60.8232     56.8417    0.732591
          28     63.1771      57.068    0.741317
          29     59.3554     57.1469    0.719633
          30      59.773     57.2344    0.700721
           1     51.5503     51.5503           0
           2     46.4152     48.9828     2.56755
           3     46.3023     48.0893     1.73083
           4     46.2031     47.6177     1.31158
           5     49.3736     47.9689     1.07493
           6     50.2394     48.3473     0.95578
           7      56.048     49.4474     1.36481
           8     52.9908     49.8903     1.26223
           9     45.3903     49.3903     1.22032
          10     47.3774      49.189     1.10989
          11     46.0666     48.9052     1.04329
          12     49.8293     48.9822      0.9555
          13     46.9489     48.8258    0.892739
          14     52.4691      49.086    0.866517
          15     51.3894     49.2396    0.821169
          16     43.8231      48.901    0.839424
          17     52.1567     49.0925    0.811424
          18      50.602     49.1764    0.769601
          19     47.4492     49.0855    0.733623
          20     43.6173     48.8121    0.747753
          21      48.251     48.7854    0.711757
          22     46.9248     48.7008    0.683883
          23     47.2377     48.6372    0.656562
          24     40.3603     48.2923    0.716999
          25      42.921     48.0775    0.720501
          26     53.4122     48.2827    0.722003
          27     51.9109      48.417    0.707625
          28       53.03     48.5818    0.701505
          29     45.5178     48.4761    0.685079
          30     42.4627     48.2757    0.691537
           1     42.7679     42.7679           0
           2     41.1638     41.9658    0.802035
           3     43.1279     42.3532    0.603709
           4     42.5786     42.4095    0.430589
           5     43.0171      42.531    0.354982
           6     44.5029     42.8597    0.438188
           7     44.4221     43.0829    0.432398
           8     44.8618     43.3052    0.435516
           9     41.1619     43.0671    0.451931
          10     41.7799     42.9384    0.424219
          11     45.7784     43.1966    0.462492
          12     43.7981     43.2467    0.425161
          13     45.7253     43.4373     0.43509
          14     39.3466     43.1451    0.497635
          15     48.1407     43.4782    0.570556
          16     45.0122     43.5741    0.542249
          17     48.4344       43.86    0.584109
          18     46.5179     44.0076    0.570156
          19     38.1034     43.6969    0.622434
          20     45.3673     43.7804     0.59637
          21     40.6564     43.6316    0.586443
          22     40.2935     43.4799    0.579373
          23     42.6833     43.4453    0.554692
          24     41.4078     43.3604     0.53782
          25     44.3565     43.4002    0.517395
          26     40.0997     43.2733     0.51305
          27     37.0041     43.0411    0.545559
          28     43.1332     43.0444    0.525724
          29     39.3006     42.9153    0.523441
          30     38.4789     42.7674     0.52687
           1     36.0957     36.0957           0
           2     40.6638     38.3798     2.28404
           3     33.8645     36.8747     2.00106
           4     37.1695     36.9484     1.41688
           5     39.1036     37.3794     1.17912
           6     32.7678     36.6108     1.23193
           7     37.4327     36.7282     1.04777
           8     35.9216     36.6274     0.91298
           9     35.1138     36.4592    0.822549
          10      36.791     36.4924    0.736457
          11     35.8308     36.4323    0.668861
          12     40.4855       36.77    0.697782
          13     39.1669     36.9544    0.667821
          14     38.6865     37.0781    0.630539
          15     40.7251     37.3213     0.63536
          16      38.244     37.3789    0.597117
          17     47.8672     37.9959     0.83381
          18     36.0223     37.8862    0.793733
          19     35.7483     37.7737    0.759182
          20     39.3603      37.853    0.724579
          21     36.3015     37.7792    0.693161
          22     35.3414     37.6684    0.670128
          23     38.8354     37.7191    0.642336
          24     36.6578     37.6749    0.616578
          25     38.0221     37.6888    0.591564
          26     36.6313     37.6481     0.56981
          27     35.4309      37.566    0.554415
          28     32.4943     37.3848    0.564118
          29     35.8232      37.331    0.546976
          30     38.0762     37.3558    0.529012
           1     35.8311     35.8311           0
           2      31.142     33.4866     2.34453
           3     30.7606     32.5779     1.63031
           4     32.1764     32.4775     1.15717
           5     33.9431     32.7706    0.943044
           6     37.8377     33.6152     1.14284
           7     29.5254     33.0309     1.12883
           8     31.9567     32.8966    0.986777
           9     29.5906     32.5293    0.944605
          10     34.1485     32.6912    0.860256
          11     30.7529      32.515    0.797833
          12     30.9034     32.3807    0.740597
          13     35.2326     32.6001    0.715702
          14     30.9138     32.4796     0.67347
          15     27.2604     32.1317    0.717047
          16      31.919     32.1184    0.670868
          17     35.3168     32.3065    0.657657
          18     33.3813     32.3662    0.622913
          19     29.7443     32.2283    0.605161
          20     30.9379     32.1637     0.57772
          21     30.8279     32.1001    0.553191
          22     34.9283     32.2287    0.542887
          23     31.8239     32.2111    0.519045
          24     34.0106     32.2861    0.502572
          25     27.2875     32.0861    0.521871
          26     32.6239     32.1068    0.501823
          27     34.9955     32.2138     0.49459
          28     30.8384     32.1647    0.479123
          29     28.4619      32.037    0.479615
          30     29.2062     31.9426    0.472862
           1     23.5052     23.5052           0
           2     28.9227      26.214     2.70875
           3     27.3227     26.5836     1.60698
           4     27.9303     26.9202     1.18513
           5     27.1295     26.9621    0.918953
           6     30.9807     27.6318     1.00577
           7     25.0811     27.2675    0.924846
           8     23.8253     26.8372    0.909198
           9     27.0729     26.8634    0.802265
          10     32.3806     27.4151    0.905153
          11     28.2517     27.4911    0.822266
          12      26.825     27.4356    0.752673
          13     25.8364     27.3126    0.703202
          14     28.3503     27.3867    0.655244
          15     25.0021     27.2278    0.630374
          16     28.5169     27.3083     0.59514
          17     27.4865     27.3188    0.559134
          18     29.3993     27.4344    0.539679
          19     29.9409     27.5663    0.527256
          20     25.7043     27.4732    0.508789
          21     28.4512     27.5198     0.48619
          22     28.2447     27.5527    0.464734
          23      26.986     27.5281    0.444752
          24     26.7096      27.494    0.427181
          25     24.0919     27.3579    0.431745
          26     29.3559     27.4348    0.421865
          27     29.7324     27.5199    0.414764
          28      27.636      27.524    0.399698
          29     26.0982     27.4748     0.38879
          30     27.9589      27.491    0.375954
           1     23.3553     23.3553           0
           2       21.96     22.6576    0.697668
           3     26.6167     23.9773      1.3798
           4     28.0388     24.9927     1.40816
           5     21.8042      24.355      1.2635
           6     24.6652     24.4067     1.03293
           7     23.8263     24.3238    0.876918
           8     25.0725     24.4174    0.765178
           9     24.3858     24.4139    0.674833
          10     25.4372     24.5162    0.612202
          11     24.5479     24.5191    0.553765
          12     27.6198     24.7775    0.567726
          13     21.7266     24.5428    0.572539
          14     23.1889     24.4461    0.538817
          15     29.0148     24.7507    0.586842
          16     23.8965     24.6973     0.55153
          17     25.8296     24.7639    0.522337
          18     25.2333       24.79    0.493154
          19     26.6751     24.8892    0.476912
          20     24.7158     24.8805    0.452522
          21     23.6344     24.8212    0.434505
          22     25.3939     24.8472    0.415101
          23     23.4051     24.7845    0.401568
          24     25.5471     24.8163    0.385783
          25     22.9817     24.7429    0.377236
          26     25.1019     24.7567      0.3627
          27      25.902     24.7991    0.351576
          28     21.7119     24.6889    0.356278
          29     23.5685     24.6502    0.345937
          30     25.3505     24.6736    0.335021
           1     19.6395     19.6395           0
           2     23.1182     21.3788     1.73939
           3     20.8844      21.214     1.01767
           4     22.6511     21.5733    0.804305
           5     18.6215     20.9829    0.858302
           6     18.1305     20.5075     0.84684
           7     21.9205     20.7094    0.743631
           8     20.4498     20.6769     0.64482
           9     23.5452     20.9956    0.651889
          10     20.6519     20.9613    0.584079
          11     21.1556     20.9789    0.528615
          12     21.5411     21.0258    0.484826
          13     20.7247     21.0026    0.446576
          14     22.9838     21.1441    0.436996
          15     19.6184     21.0424    0.419344
          16     21.6576     21.0809     0.39414
          17     20.4338     21.0428    0.372182
          18     20.6655     21.0218    0.351522
          19     20.3019      20.984    0.334658
          20     21.2098     20.9952    0.317685
          21     19.1579     20.9078     0.31459
          22     22.6861     20.9886    0.310651
          23      21.599     21.0151    0.298022
          24     21.2295     21.0241    0.285474
          25     19.6628     20.9696    0.279179
          26     22.5974     21.0322    0.275436
          27     21.8466     21.0624    0.266749
          28     22.8491     21.1262    0.264848
          29     23.3345     21.2023    0.266657
          30     21.7785     21.2215    0.258329
           1     19.0963     19.0963           0
           2      19.608     19.3521     0.25584
           3     19.3593     19.3545    0.147728
           4     19.8503     19.4785    0.162093
           5      19.373     19.4574    0.127317
           6      19.819     19.5176    0.120162
           7     17.5862     19.2417    0.294014
           8     17.5474     19.0299    0.331193
           9     18.5917     18.9812    0.296115
          10     19.4036     19.0235    0.268201
          11     19.7569     19.0901    0.251592
          12     17.7511     18.9786    0.255346
          13     18.3584     18.9309    0.239679
          14     17.1385     18.8028    0.256183
          15     19.8789     18.8746    0.249049
          16     18.4758     18.8496    0.234293
          17      16.826     18.7306    0.250209
          18     18.8995       18.74    0.236086
          19     22.4483     18.9352    0.296586
          20     17.8646     18.8816    0.286412
          21     18.5138     18.8641    0.272995
          22     20.9883     18.9607    0.277621
          23     19.7972      18.997    0.267758
          24     18.5319     18.9777     0.25709
          25     18.0394     18.9401    0.249432
          26     20.2195     18.9893    0.244646
          27     17.9728     18.9517    0.238402
          28     20.6789     19.0134    0.237868
          29     21.3734     19.0948     0.24352
          30     16.5792     19.0109    0.249759
           1     17.2979     17.2979           0
           2     16.6279     16.9629    0.335021
           3     15.1656     16.3638    0.629542
           4     16.6851     16.4441     0.45234
           5     17.2019     16.5957    0.381754
           6     16.6621     16.6068    0.311898
           7     14.7241     16.3378    0.376595
           8     15.5754     16.2425    0.339779
           9     16.6686     16.2899    0.303374
          10     17.3976     16.4006    0.293087
          11     17.9908     16.5452    0.301962
          12     16.7451     16.5619    0.276155
          13     15.1899     16.4563    0.275075
          14     19.9035     16.7026     0.35424
          15     16.2996     16.6757    0.330872
          16     15.6666     16.6126    0.315863
          17     16.9137     16.6303    0.297229
          18     15.7239       16.58    0.284719
          19     15.8593      16.542    0.271975
          20      15.792     16.5045    0.260729
          21     15.0504     16.4353    0.257488
          22     17.0522     16.4633    0.247101
          23     16.8515     16.4802    0.236716
          24     16.8255     16.4946    0.227094
          25     17.5145     16.5354    0.221609
          26     17.1507     16.5591    0.214226
          27     16.3749     16.5522    0.206252
          28      15.638     16.5196    0.201414
          29     15.9005     16.4983    0.195513
          30     17.1215      16.519    0.190023
           1     12.4665     12.4665           0
           2     13.8799     13.1732    0.706733
           3     15.0626      13.803    0.750428
           4     16.3076     14.4292    0.820744
           5     13.1388     14.1711    0.686126
           6     14.3234     14.1965    0.560794
           7     15.9722     14.4502    0.537575
           8     14.0171      14.396    0.468691
           9     13.8326     14.3334    0.418061
          10     13.5062     14.2507    0.382967
          11     15.7171      14.384    0.371173
          12     15.4245     14.4707    0.349753
          13     14.0862     14.4411    0.323082
          14     16.2136     14.5677    0.324806
          15     12.6662      14.441    0.327875
          16     15.0463     14.4788    0.309024
          17     15.6388      14.547    0.298189
          18     13.5164     14.4898    0.286907
          19     15.2453     14.5295    0.274285
          20     15.7327     14.5897    0.267072
          21     14.1466     14.5686    0.254911
          22     14.8248     14.5802    0.243327
          23     13.2658     14.5231    0.239428
          24     14.0945     14.5052    0.229929
          25     14.9119     14.5215     0.22114
          26     15.1056      14.544    0.213648
          27     13.6998     14.5127    0.207947
          28     13.3311     14.4705    0.204778
          29     14.5718      14.474    0.197621
          30     15.1328      14.496    0.192179
           1     15.2915     15.2915           0
           2     13.8104     14.5509    0.740535
           3      12.787      13.963       0.727
           4     14.7848     14.1684    0.553603
           5     14.2837     14.1915    0.429439
           6     12.6492     13.9344    0.434759
           7     14.6056     14.0303    0.379741
           8     13.4353     13.9559     0.33717
           9     12.4852     13.7925    0.339301
          10     14.8906     13.9023    0.322734
          11     13.0025     13.8205    0.303169
          12     13.4097     13.7863    0.278864
          13     12.4767     13.6855    0.275589
          14     13.7925     13.6932     0.25526
          15     12.4179     13.6082    0.252385
          16     13.8242     13.6217     0.23647
          17      13.373      13.607    0.222606
          18     12.1933     13.5285     0.22409
          19     12.1453     13.4557     0.22412
          20     13.6047     13.4632     0.21275
          21     13.1887     13.4501    0.202787
          22     12.5275     13.4081    0.197845
          23      12.469     13.3673    0.193407
          24     13.3831      13.368    0.185175
          25     13.3536     13.3674    0.177614
          26     12.5767      13.337    0.173335
          27     13.3637      13.338    0.166795
          28     13.5088     13.3441    0.160843
          29     13.2221     13.3399    0.155255
          30     12.1576     13.3005    0.155081
           1     13.0335     13.0335           0
           2     12.2669     12.6502    0.383324
           3     13.3349     12.8784     0.31791
           4     10.6543     12.3224    0.599759
           5      12.032     12.2643    0.468187
           6     12.2298     12.2586    0.382316
           7     11.4974     12.1498    0.340924
           8     12.4656     12.1893    0.297876
           9     11.8711     12.1539    0.265071
          10      13.429     12.2814    0.269201
          11     11.7177     12.2302    0.248835
          12      11.432     12.1637    0.236694
          13     11.9899     12.1503    0.218137
          14     11.1483     12.0787    0.214262
          15     11.9222     12.0683    0.199739
          16     11.7954     12.0512    0.187616
          17     10.6644     11.9697    0.194202
          18     11.5144     11.9444    0.184833
          19     10.9463     11.8918    0.182555
          20     11.1925     11.8569    0.176682
          21     12.9094      11.907    0.175373
          22       12.49     11.9335    0.169298
          23     11.0331     11.8944    0.166439
          24     12.2558     11.9094    0.160063
          25     12.1873     11.9205    0.153929
          26     11.5742     11.9072    0.148489
          27     11.8318     11.9044    0.142911
          28     12.7402     11.9343     0.14091
          29     12.2312     11.9445    0.136349
          30     13.4012     11.9931     0.14039
           1     11.1875     11.1875           0
           2     11.1824     11.1849  0.00253117
           3     11.0262      11.132   0.0529115
           4     11.3924     11.1971   0.0750844
           5     11.2314      11.204   0.0585625
           6     10.1502     11.0284     0.18202
           7     10.8211     10.9987    0.156659
           8     10.1811     10.8965    0.169859
           9     11.0183     10.9101    0.150411
          10     10.6176     10.8808    0.137673
          11     11.6318     10.9491    0.142015
          12     10.6514     10.9243    0.131994
          13     10.5224     10.8934    0.125291
          14     11.2795     10.9209    0.119232
          15     11.4185     10.9541    0.115848
          16     11.8698     11.0113    0.122551
          17     9.85221     10.9432    0.133794
          18     10.2814     10.9064    0.131391
          19     11.3451     10.9295     0.12641
          20     12.0259     10.9843    0.131859
          21     11.3783     11.0031    0.126818
          22     11.8014     11.0394    0.126244
          23     10.8114     11.0294    0.121037
          24     11.0106     11.0287    0.115887
          25     11.1083     11.0318      0.1112
          26     10.3052     11.0039    0.110433
          27     11.3918     11.0183    0.107231
          28     11.2605     11.0269    0.103692
          29     11.6955       11.05    0.102674
          30     10.1168     11.0189    0.103955
           1     9.44798     9.44798           0
           2     10.0647     9.75632    0.308337
           3     9.46265     9.65843    0.203157
           4     9.55827     9.63339     0.14582
           5     9.31911     9.57053    0.129263
           6      9.9101     9.62713    0.119759
           7     10.0365      9.6856    0.116893
           8     9.80743     9.70083    0.102371
           9     9.58482     9.68794   0.0911983
          10     8.50735     9.56988    0.143498
          11     9.43316     9.55745    0.130393
          12     9.65775     9.56581    0.119325
          13     10.1473     9.61054    0.118528
          14     10.2871     9.65887    0.119905
          15     9.53008     9.65028    0.111955
          16     10.4534     9.70048    0.116134
          17      8.6786     9.64037    0.124554
          18     9.35996     9.62479    0.118459
          19     9.55414     9.62107    0.112113
          20     9.28972      9.6045    0.107642
          21     10.2687     9.63613    0.107162
          22      10.064     9.65558    0.104009
          23     10.0333       9.672    0.100732
          24     10.2111     9.69446   0.0990243
          25     9.80897     9.69904   0.0950912
          26     10.6212     9.73451    0.098004
          27     9.63348     9.73077   0.0943786
          28     9.20799      9.7121   0.0928422
          29      9.2698     9.69685   0.0908726
          30     10.8126     9.73404   0.0953437
           1     9.20866     9.20866           0
           2     9.29825     9.25345   0.0447945
           3     9.36942     9.29211   0.0465104
           4     7.80821     8.92114    0.372429
           5     9.11204     8.95932    0.290998
           6     9.11406     8.98511    0.238995
           7     8.26704     8.88253    0.226543
           8     9.22388      8.9252    0.200779
           9     9.92155      9.0359    0.208829
          10     9.67328     9.09964    0.197358
          11      8.8781      9.0795     0.17965
          12     8.50154     9.03134    0.170923
          13     9.26395     9.04923    0.158241
          14     9.40818     9.07487     0.14873
          15     9.31127     9.09063    0.139354
          16      8.7351     9.06841    0.132234
          17     8.68942     9.04611    0.126197
          18     8.09621     8.99334    0.130158
          19     9.01387     8.99442    0.123122
          20     9.06957     8.99818    0.116864
          21     8.81978     8.98968    0.111484
          22     9.02677     8.99137    0.106309
          23     8.66507     8.97718    0.102568
          24     9.87943     9.01478    0.105151
          25     9.16814     9.02091    0.101044
          26     8.86312     9.01484   0.0972691
          27     8.39082     8.99173   0.0964085
          28     9.06551     8.99437    0.092939
          29     8.26439     8.96919   0.0931427
          30     9.82583     8.99775   0.0944063
           1     7.73563     7.73563           0
           2     7.77581     7.75572   0.0200933
           3     8.47222     7.99455    0.239116
           4     8.76723     8.18772    0.256714
           5     8.65966     8.28211    0.220114
           6     8.22565      8.2727    0.179969
           7     7.84553     8.21168    0.163887
           8     8.19911     8.21011    0.141939
           9     8.09473     8.19729    0.125833
          10     9.23083     8.30064    0.152805
          11     8.78223     8.34442    0.144985
          12      8.1042      8.3244    0.133858
          13     8.22884     8.31705    0.123351
          14     8.11189      8.3024    0.115137
          15     8.17277     8.29376    0.107534
          16     7.39432     8.23754    0.115231
          17     7.54881     8.19703    0.115575
          18     7.17212     8.14009    0.122945
          19     8.32706     8.14993     0.11671
          20     7.85963     8.13541    0.111668
          21     8.06589      8.1321    0.106269
          22      9.0669     8.17459    0.109872
          23     8.06005     8.16961    0.105104
          24     8.04498     8.16442    0.100764
          25     8.12242     8.16274   0.0966638
          26     8.41422     8.17241   0.0933739
          27     7.49684     8.14739    0.093268
          28     8.69769     8.16704    0.091999
          29     8.59492      8.1818   0.0899877
          30     8.31465     8.18623   0.0870491
           1     7.91794     7.91794           0
           2     6.93578     7.42686    0.491083
           3     7.36021     7.40465    0.284396
           4     7.43581     7.41244    0.201249
           5     7.39586     7.40912    0.155922
           6     8.61175     7.60956    0.237452
           7     7.92213     7.65421    0.205591
           8     7.47079     7.63128    0.179518
           9      7.3107     7.59566    0.162277
          10     7.30149     7.56625    0.148096
          11     7.51951       7.562    0.134025
          12     7.17481     7.52973    0.126531
          13     7.06336     7.49386    0.121795
          14     7.70275     7.50878    0.113743
          15     7.90329     7.53508    0.109106
          16      7.0982     7.50777    0.105649
          17     7.92742     7.53246    0.102264
          18     7.42026     7.52623   0.0966168
          19     7.17239      7.5076   0.0932685
          20     7.53027     7.50874   0.0884896
          21     7.60485     7.51331   0.0842947
          22     7.46704     7.51121   0.0803994
          23     7.49723      7.5106   0.0768267
          24     8.07265     7.53402   0.0771939
          25     7.74504     7.54246   0.0745214
          26     7.44699     7.53879   0.0716919
          27     7.29379     7.52972   0.0695798
          28     7.36305     7.52376   0.0673124
          29     8.24142     7.54851   0.0695046
          30     6.79827      7.5235   0.0716536
           1     6.68267     6.68267           0
           2     6.93433      6.8085    0.125831
           3     7.24395     6.95365    0.162315
           4     7.16531     7.00656    0.126385
           5     6.85131     6.97551    0.102704
           6     7.45069     7.05471    0.115344
           7     7.80284     7.16159    0.144657
           8     6.94647      7.1347     0.12813
           9     6.92582     7.11149    0.115358
          10     6.40688     7.04103    0.124943
          11     6.72833      7.0126    0.116536
          12     6.53565     6.97285    0.113564
          13     6.98931     6.97412    0.104472
          14     6.90106      6.9689   0.0968626
          15     6.70495      6.9513    0.091875
          16     6.98085     6.95315   0.0859611
          17     7.47797     6.98402   0.0864467
          18     6.91136     6.97999   0.0816026
          19     7.54255     7.00959   0.0826724
          20     6.89525     7.00388    0.078638
          21     7.11325     7.00909   0.0749807
          22      7.0893     7.01273   0.0715842
          23     7.52376     7.03495   0.0719192
          24     6.70905     7.02137   0.0701836
          25     7.33666     7.03398   0.0684889
          26     7.45597     7.05021   0.0677741
          27     7.09532     7.05188   0.0652371
          28     7.11506     7.05414   0.0629045
          29     6.86621     7.04766   0.0610416
          30     7.66243     7.06815   0.0624308
           1     6.66798     6.66798           0
           2     6.42996     6.54897     0.11901
           3     6.80334     6.63376    0.109135
           4     6.02765     6.48223    0.170047
           5       6.653     6.51639    0.136074
           6     7.11443     6.61606    0.149261
           7     6.65366     6.62143    0.126263
           8     5.97039     6.54005    0.136307
           9     6.72408      6.5605    0.121938
          10     6.78871     6.58332    0.111427
          11     6.24463     6.55253    0.105387
          12      6.4253     6.54193   0.0967875
          13      6.3392     6.52633    0.090387
          14     6.21029     6.50376   0.0866736
          15     6.22948     6.48547   0.0827346
          16     7.07397     6.52225    0.085687
          17      6.1223     6.49873   0.0838569
          18     6.31914     6.48875   0.0796881
          19     6.60333     6.49478   0.0756182
          20     6.75371     6.50773   0.0728966
          21     6.40813     6.50298   0.0695005
          22     6.03242     6.48159   0.0696327
          23     7.08459     6.50781   0.0715152
          24     6.57495     6.51061   0.0685277
          25     6.82836     6.52332   0.0669471
          26     6.40771     6.51887   0.0644742
          27     6.80617     6.52951   0.0629462
          28     6.66964     6.53452   0.0608625
          29     5.26606     6.49078   0.0732254
          30     6.48227     6.49049    0.070743
           1     5.69011     5.69011           0
           2     5.70122     5.69567  0.00555394
           3     6.01551     5.80228    0.106662
           4     6.69892     6.02644    0.236507
           5     6.37917     6.09699    0.196311
           6     6.26196     6.12448    0.162629
           7     6.07058     6.11678    0.137662
           8     6.09816     6.11445    0.119241
           9     6.29361     6.13436    0.107028
          10     5.98553     6.11948   0.0968791
          11      6.1177     6.11932   0.0876306
          12     5.53262     6.07042   0.0937533
          13     6.34262     6.09136   0.0887458
          14     6.17164      6.0971   0.0823625
          15     5.63651     6.06639    0.082595
          16      6.7929      6.1118   0.0896157
          17     6.11902     6.11222   0.0841804
          18     5.96641     6.10412   0.0797784
          19     6.17093     6.10764   0.0755447
          20     5.97736     6.10112   0.0719634
          21      5.6281      6.0786   0.0720617
          22     5.73213     6.06285     0.07049
          23     5.72644     6.04822   0.0689253
          24     5.68077     6.03291   0.0677438
          25     6.55839     6.05393   0.0682926
          26     5.82568     6.04515   0.0661981
          27     6.34822     6.05638   0.0646806
          28     6.13788     6.05929   0.0623957
          29     5.87787     6.05303   0.0605299
          30     5.86937     6.04691    0.058797
           1     5.79134     5.79134           0
           2     5.68371     5.73752   0.0538121
           3     5.79033     5.75512   0.0357077
           4      5.1027     5.59202     0.16505
           5     5.68005     5.60962    0.129054
           6     6.02639     5.67909    0.126206
           7     5.78981      5.6949     0.10783
           8     5.56914     5.67918   0.0946977
           9     5.19883     5.62581   0.0991134
          10     5.58089     5.62132   0.0887635
          11     5.54802     5.61465   0.0805656
          12     6.08866     5.65415   0.0834822
          13     5.66342     5.65487   0.0767958
          14     5.55936     5.64805   0.0714256
          15     5.83183      5.6603    0.067613
          16     5.30847     5.63831   0.0669597
          17     5.88331     5.65272   0.0645277
          18     5.67525     5.65397   0.0608502
          19     5.83759     5.66364   0.0583642
          20     5.83787     5.67235   0.0560503
          21     6.00056     5.68798   0.0555581
          22     5.41829     5.67572   0.0543724
          23     6.02048     5.69071   0.0540738
          24     6.10889     5.70813   0.0546252
          25     5.14018     5.68541    0.057108
          26     5.58308     5.68148   0.0550086
          27     5.68924     5.68177   0.0529328
          28      5.9992      5.6931   0.0522521
          29     5.81796     5.69741   0.0506016
          30     5.72225     5.69824   0.0488928
           1     5.35248     5.35248           0
           2     5.19476     5.27362   0.0788591
           3     5.77338     5.44021    0.172697
           4     5.28345     5.40102     0.12825
           5     5.33834     5.38848    0.100129
           6     5.12923     5.34527   0.0924708
           7     5.19326     5.32356    0.081113
           8     5.30124     5.32077   0.0703013
           9     5.24292     5.31212   0.0626004
          10     5.70551     5.35146   0.0684295
          11     5.25161     5.34238   0.0625589
          12     5.31471     5.34007   0.0571547
          13     5.26345     5.33418    0.052904
          14     4.98671     5.30936   0.0549089
          15     5.17893     5.30067   0.0518517
          16     5.18157     5.29322   0.0490706
          17     4.82503     5.26568   0.0536947
          18     5.25322     5.26499   0.0506286
          19     5.32516     5.26816   0.0479944
          20      5.3971      5.2746   0.0459857
          21     5.03645     5.26326   0.0451873
          22     5.18282     5.25961   0.0432393
          23     4.85833     5.24216   0.0448492
          24     5.03226     5.23341   0.0438214
          25      5.3464     5.23793   0.0422743
          26     5.57849     5.25103   0.0426757
          27     5.64044     5.26545   0.0435237
          28      5.0403     5.25741   0.0427044
          29     5.30241     5.25896   0.0412347
          30     5.36107     5.26237   0.0399817
           1     4.77918     4.77918           0
           2     5.02719     4.90318    0.124006
           3     5.08265       4.963   0.0932982
           4     5.11242     5.00036   0.0758124
           5     5.03037     5.00636   0.0590301
           6     4.69262     4.95407   0.0711144
           7     4.87155     4.94228   0.0612478
           8     4.94203     4.94225   0.0530421
           9     5.17501     4.96811    0.053452
          10     4.80509     4.95181    0.050512
          11     5.62645     5.01314   0.0764793
          12     4.82065      4.9971   0.0716348
          13     4.45089     4.95508     0.07815
          14     4.62809     4.93173   0.0760295
          15     5.10986      4.9436    0.071769
          16     4.83902     4.93707   0.0674512
          17     5.27067     4.95669   0.0663287
          18     4.78557     4.94718   0.0632537
          19     4.67519     4.93287   0.0615208
          20     5.10266     4.94136    0.058978
          21     4.86597     4.93777    0.056214
          22     4.68472     4.92627   0.0548182
          23     4.57626     4.91105   0.0545463
          24     4.96935     4.91348   0.0522806
          25      4.7683     4.90767   0.0504809
          26     5.10081      4.9151   0.0490661
          27     4.72773     4.90816   0.0477211
          28     5.54938     4.93106   0.0513721
          29     5.22259     4.94111   0.0505781
          30     4.79449     4.93623   0.0491069
           1     4.60434     4.60434           0
           2     4.47587      4.5401   0.0642378
           3     4.75927     4.61316   0.0819305
           4     4.82457     4.66601   0.0784198
           5     4.49088     4.63099   0.0701188
           6      4.7446     4.64992    0.060302
           7      4.5124     4.63028     0.05462
           8     4.71297     4.64061   0.0484185
           9      4.3654     4.61003   0.0525211
          10     4.63778     4.61281   0.0470582
          11     4.69852      4.6206   0.0432731
          12     4.51698     4.61196   0.0404355
          13     4.51401     4.60443   0.0379508
          14     4.98019     4.63127   0.0442143
          15     4.88356     4.64809   0.0444649
          16     4.69847     4.65124   0.0417122
          17      4.8606     4.66355   0.0410717
          18     4.87011     4.67503   0.0403873
          19     4.72672     4.67775   0.0382993
          20     4.63111     4.67542   0.0364087
          21     4.37758     4.66123   0.0374232
          22     5.16925     4.68433   0.0425019
          23     4.95511      4.6961    0.042284
          24     4.55446      4.6902   0.0409118
          25     4.59405     4.68635   0.0394292
          26     4.76347     4.68932   0.0379983
          27     4.71818     4.69039   0.0365795
          28     4.75034     4.69253   0.0353139
          29     4.57707     4.68855   0.0343062
          30     4.74296     4.69036   0.0331925
           1     4.46101     4.46101           0
           2      4.5591     4.51006   0.0490471
           3     4.55198     4.52403   0.0315779
           4      4.5457     4.52945   0.0229769
           5     4.44799     4.51316   0.0241289
           6     4.55451     4.52005   0.0208722
           7     4.38247     4.50039   0.0264098
           8     4.46886     4.49645   0.0232087
           9     4.46231     4.49266   0.0208168
          10     4.49219     4.49261   0.0186192
          11     4.52531     4.49558   0.0171019
          12     4.79269     4.52034   0.0292699
          13     4.20344     4.49597   0.0363205
          14     4.51786     4.49753   0.0336626
          15     4.45587     4.49475   0.0314611
          16     4.08784     4.46932   0.0388955
          17     4.54936     4.47403    0.036838
          18     4.44819     4.47259   0.0347609
          19     4.30625     4.46384   0.0340261
          20     4.62095     4.47169   0.0332221
          21     4.38494     4.46756   0.0318694
          22     4.45695     4.46708   0.0303901
          23     4.71638     4.47792   0.0309957
          24     4.64229     4.48477   0.0304562
          25     4.28091     4.47661   0.0303293
          26     4.00939     4.45864    0.034235
          27     4.05141     4.44356   0.0362312
          28      4.4446      4.4436   0.0349133
          29     4.23674     4.43647   0.0344348
          30     4.57587     4.44111   0.0335901
           1     3.87089     3.87089           0
           2     4.30176     4.08632    0.215437
           3     4.58455      4.2524    0.207489
           4      4.1009     4.21452    0.151526
           5     4.18354     4.20833    0.117535
           6     4.19687     4.20642   0.0959862
           7     4.01708     4.17937   0.0855138
           8     4.44655     4.21277   0.0812392
           9     4.36311     4.22947   0.0735681
          10     4.18566     4.22509    0.065947
          11     4.12906     4.21636   0.0602867
          12     4.31996     4.22499    0.055707
          13     3.92767     4.20212   0.0561153
          14     3.88911     4.17976   0.0565593
          15     4.28662     4.18689   0.0531335
          16     4.49725     4.20629    0.053353
          17     4.19806      4.2058   0.0501187
          18     4.00398     4.19459   0.0485645
          19     3.86599     4.17729   0.0490852
          20     4.44746      4.1908    0.048486
          21      4.1323     4.18802   0.0462034
          22     3.99575     4.17928   0.0449117
          23     4.31316      4.1851   0.0433076
          24     4.05102     4.17951   0.0418386
          25     4.18865     4.17988   0.0401318
          26     4.44477     4.19007   0.0398807
          27     4.49789     4.20147    0.040033
          28     4.27495     4.20409   0.0386659
          29     4.26511     4.20619   0.0373681
          30     4.12405     4.20346   0.0362047
           1     4.09638     4.09638           0
           2     3.93087     4.01363   0.0827566
           3     4.27943     4.10223    0.100663
           4     3.97811      4.0712   0.0776498
           5     4.05586     4.06813   0.0602255
           6     3.92748     4.04469   0.0544756
           7     4.01634     4.04064    0.046218
           8     3.87989     4.02055   0.0447866
           9       4.013     4.01971    0.039507
          10     3.93104     4.01084   0.0364316
          11     3.71884     3.98429   0.0423153
          12     3.91213     3.97828   0.0390937
          13     4.12836     3.98983   0.0377685
          14     3.74188     3.97211   0.0391963
          15     3.67861     3.95255   0.0414049
          16     3.71713     3.93783   0.0414314
          17     3.99689     3.94131   0.0390728
          18     4.07737     3.94887   0.0376057
          19     4.01886     3.95255   0.0357617
          20     3.86015     3.94793   0.0342396
          21     3.89758     3.94553   0.0326565
          22     3.98003      3.9471   0.0311762
          23     3.61422     3.93263   0.0331196
          24     3.70226     3.92303   0.0331306
          25     4.00218      3.9262   0.0319351
          26     3.75475      3.9196   0.0313828
          27     3.84561     3.91686   0.0303222
          28     4.19287     3.92672   0.0308371
          29     3.95063     3.92754   0.0297662
          30     3.89263     3.92638   0.0287804
           1     3.71554     3.71554           0
           2     3.66123     3.68839   0.0271569
           3     3.63465     3.67048   0.0238042
           4     3.79617      3.7019   0.0356481
           5     3.65618     3.69276   0.0290878
           6     3.56071     3.67075   0.0323786
           7     3.87156     3.69944    0.039646
           8     3.68669     3.69784   0.0343714
           9      3.7649     3.70529   0.0312151
          10     3.73767     3.70853   0.0281067
          11     3.67799     3.70575   0.0255746
          12     4.03609     3.73328   0.0360949
          13     3.68186     3.72933   0.0334373
          14     3.83757     3.73706   0.0319079
          15     3.84744     3.74442   0.0306026
          16     4.05917     3.76409   0.0347339
          17     3.62523     3.75592   0.0336338
          18     3.57529     3.74589   0.0332601
          19     3.90251     3.75413   0.0325229
          20     3.74299     3.75357    0.030859
          21     3.79479     3.75554   0.0294183
          22     3.64511     3.75052   0.0284948
          23     3.68182     3.74753    0.027391
          24     3.82247     3.75065   0.0264102
          25     3.75783     3.75094   0.0253334
          26     3.81577     3.75343   0.0244669
          27     3.61467     3.74829   0.0240977
          28     3.63454     3.74423   0.0235738
          29     3.77605     3.74533   0.0227729
          30     3.86306     3.74925    0.022348
           1     3.62434     3.62434           0
           2     3.18024     3.40229    0.222052
           3     3.53467     3.44642    0.135583
           4     3.34828     3.42188   0.0989611
           5     3.52217     3.44194   0.0792356
           6     3.70428     3.48566   0.0780848
           7     3.45344     3.48106   0.0661541
           8     3.60909     3.49706   0.0594843
           9     3.79821     3.53052   0.0622233
          10     3.53981     3.53145   0.0556619
          11     3.53478     3.53176    0.050349
          12     3.55402     3.53361   0.0459996
          13     3.69969     3.54639   0.0441999
          14     3.55079      3.5467   0.0409224
          15     3.55376     3.54717   0.0380996
          16     3.73477      3.5589   0.0375181
          17     3.66477     3.56513   0.0357882
          18     3.69728     3.57247   0.0345309
          19      3.8666     3.58795   0.0361458
          20     3.54747     3.58592   0.0343506
          21     3.60069     3.58663   0.0326815
          22     3.57965     3.58631   0.0311622
          23     3.52462     3.58363   0.0298971
          24     3.59948     3.58429   0.0286319
          25     3.41933     3.57769   0.0282443
          26     3.61821     3.57925    0.027181
          27      3.5338     3.57756    0.026209
          28     3.78061     3.58482   0.0262761
          29     3.60283     3.58544   0.0253615
          30     3.55917     3.58456   0.0245172
           1     3.36572     3.36572           0
           2     3.51732     3.44152   0.0757985
           3     3.42576     3.43627   0.0440765
           4     3.43002     3.43471   0.0312059
           5     3.49039     3.44584    0.026614
           6      3.1008     3.38834   0.0614754
           7     3.40677     3.39097   0.0520229
           8     3.34985     3.38583   0.0453455
           9     3.45258     3.39325   0.0406729
          10     3.29262     3.38318    0.037745
          11     3.26322     3.37228   0.0358411
          12     3.24085     3.36133   0.0345029
          13     3.26084      3.3536   0.0326657
          14     3.48623     3.36307   0.0316918
          15     3.66152     3.38297   0.0355856
          16     3.53479     3.39246   0.0346134
          17      3.2392     3.38344   0.0337403
          18     3.28334     3.37788   0.0322931
          19     3.42673     3.38045   0.0306542
          20     3.37863     3.38036   0.0290813
          21     3.33193     3.37805   0.0277578
          22     3.11747     3.36621   0.0289957
          23     3.28165     3.36253   0.0279492
          24     3.54212     3.37002   0.0277859
          25     3.46898     3.37397   0.0269437
          26     3.37671     3.37408   0.0258869
          27     3.38204     3.37437   0.0249114
          28     3.35339     3.37362   0.0240169
          29     3.58834     3.38103    0.024328
          30     3.39251     3.38141   0.0235062
           1     3.04535     3.04535           0
           2     3.15034     3.09784   0.0524955
           3     3.23826     3.14465   0.0557625
           4     3.31785     3.18795   0.0585626
           5     3.24539     3.19944   0.0467946
           6     3.24103     3.20637   0.0388313
           7     3.47541      3.2448   0.0505394
           8     3.28724     3.25011   0.0440886
           9     3.34311     3.26044   0.0402322
          10       3.248      3.2592   0.0360063
          11     3.08899     3.24373   0.0360577
          12     3.39103       3.256   0.0351303
          13     3.13493     3.24669   0.0336305
          14     3.45339     3.26145   0.0344589
          15     3.15603     3.25442   0.0328403
          16     3.13382     3.24689   0.0316306
          17     3.36415     3.25378   0.0305019
          18     3.15477     3.24828   0.0292789
          19     3.42249     3.25745   0.0291734
          20     3.17489     3.25332   0.0279825
          21     3.19789     3.25068   0.0267472
          22     3.25829     3.25103   0.0255048
          23     3.32694     3.25433   0.0245932
          24     3.19574     3.25189   0.0236724
          25     3.06927     3.24458   0.0238519
          26     3.05834     3.23742   0.0240096
          27      3.0639     3.23099   0.0239804
          28     3.24623     3.23154   0.0231145
          29     3.44255     3.23881   0.0234601
          30     3.16181     3.23625   0.0228095
           1     3.09365     3.09365           0
           2     3.10127     3.09746  0.00381143
           3     3.06434     3.08642   0.0112578
           4     3.07698     3.08406  0.00830275
           5     3.09476      3.0862  0.00677779
           6     3.12886     3.09331  0.00900995
           7     2.94077     3.07152   0.0230842
           8     3.06037     3.07013     0.02004
           9     3.14125     3.07803     0.01936
          10     3.39094     3.10932    0.035763
          11     3.20389     3.11792   0.0334717
          12     3.16286     3.12166    0.030784
          13      3.0115     3.11319    0.029558
          14     3.10075      3.1123   0.0273798
          15      3.1431     3.11435   0.0255718
          16     2.91784     3.10207   0.0268891
          17     2.96338     3.09391   0.0265427
          18     3.17285      3.0983   0.0254061
          19     3.11673     3.09927   0.0240513
          20     3.06797      3.0977   0.0228707
          21     3.14976     3.10018   0.0218951
          22     3.20146     3.10479   0.0213777
          23     3.15614     3.10702   0.0205488
          24     3.04809     3.10456   0.0198266
          25     3.06211     3.10287   0.0190926
          26     2.99918     3.09888   0.0187721
          27     2.91774     3.09217    0.019269
          28     3.19327     3.09578   0.0189159
          29     3.19738     3.09928   0.0185852
          30     3.19315     3.10241   0.0182256
           1     2.90557     2.90557           0
           2     3.05846     2.98201   0.0764426
           3     2.89348      2.9525   0.0530907
           4     2.90321     2.94018   0.0395115
           5     2.96384     2.94491   0.0309691
           6     2.85226     2.92947   0.0296289
           7     3.00887     2.94081   0.0274901
           8     2.93831      2.9405   0.0238092
           9      3.0393     2.95148   0.0236943
          10     2.99104     2.95543   0.0215589
          11     2.94246     2.95425   0.0195364
          12     2.99585     2.95772   0.0181679
          13     2.87964     2.95171   0.0177586
          14     2.95144     2.95169   0.0164413
          15     2.94896     2.95151   0.0153071
          16     3.01162     2.95527    0.014803
          17     3.04142     2.96034   0.0147996
          18     2.87999     2.95587   0.0146499
          19     3.06882     2.96182   0.0150787
          20      3.0554      2.9665   0.0150507
          21     3.05995     2.97095   0.0149918
          22     3.02909     2.97359   0.0145364
          23     2.97306     2.97357     0.01389
          24     2.93669     2.97203   0.0133871
          25     2.98224     2.97244    0.012847
          26     3.01833      2.9742   0.0124685
          27     3.11764     2.97952   0.0131214
          28     3.07916     2.98308   0.0131354
          29      3.1143      2.9876   0.0134579
          30     3.05243     2.98976     0.01318
           1     2.75258     2.75258           0
           2     2.88781      2.8202   0.0676156
           3     2.76234     2.80091   0.0435414
           4     2.72341     2.78154   0.0363778
           5     2.77636      2.7805   0.0281971
           6      2.7706     2.77885   0.0230819
           7     2.77971     2.77897   0.0195081
           8      2.9496      2.8003   0.0272086
           9     2.83629      2.8043   0.0243266
          10     2.86516     2.81039   0.0225935
          11     2.81729     2.81102   0.0204462
          12     2.72901     2.80418   0.0198764
          13     3.01039     2.82004   0.0242053
          14      2.8627     2.82309   0.0226159
          15     2.82001     2.82289   0.0210553
          16     2.84243     2.82411   0.0197332
          17     2.86219     2.82635    0.018671
          18     2.82915      2.8265   0.0176039
          19     2.80762     2.82551   0.0166812
          20     2.85283     2.82687    0.015884
          21     2.79648     2.82543   0.0151779
          22     2.99587     2.83317   0.0164149
          23     2.93871     2.83776   0.0163423
          24     2.91068      2.8408   0.0159388
          25     2.79383     2.83892    0.015403
          26     2.77548     2.83648   0.0149986
          27     2.74403     2.83306    0.014833
          28     2.85667      2.8339   0.0143183
          29     2.82603     2.83363   0.0138184
          30     2.98703     2.83874   0.0142956
           1     2.79423     2.79423           0
           2     2.78354     2.78888  0.00534418
           3     2.78331     2.78703  0.00360073
           4     2.83237     2.79836   0.0116174
           5     2.81935     2.80256  0.00992999
           6     2.75564     2.79474   0.0112642
           7     2.67996     2.77834   0.0189605
           8     2.78987     2.77978   0.0164833
           9     2.91004     2.79426   0.0205129
          10     2.67053     2.78188   0.0221293
          11     2.69871     2.77432   0.0213971
          12     2.72552     2.77026   0.0199516
          13     2.64492     2.76061   0.0207312
          14     2.79517     2.76308   0.0193514
          15     2.67982     2.75753   0.0188509
          16     2.85518     2.76363   0.0186598
          17     2.78826     2.76508   0.0175876
          18     2.64075     2.75818   0.0179628
          19     2.89341     2.76529   0.0184218
          20     2.71348      2.7627   0.0176674
          21     2.77692     2.76338   0.0168187
          22     2.85359     2.76748    0.016552
          23     2.71841     2.76535   0.0159592
          24     2.76065     2.76515   0.0152811
          25     2.78552     2.76597   0.0146797
          26     2.82048     2.76806   0.0142588
          27     2.76208     2.76784   0.0137223
          28     2.72806     2.76642   0.0132993
          29     2.70329     2.76424   0.0130158
          30     2.73979     2.76343   0.0126009
           1     2.65057     2.65057           0
           2     2.61114     2.63086   0.0197138
           3     2.51164     2.59112   0.0413365
           4     2.48714     2.56512   0.0391168
           5      2.5803     2.56816   0.0304514
           6     2.51237     2.55886   0.0265449
           7     2.70736     2.58007   0.0308764
           8     2.61254     2.58413   0.0270459
           9     2.58639     2.58438   0.0238536
          10     2.59136     2.58508   0.0213467
          11     2.62652     2.58885    0.019673
          12     2.62978     2.59226   0.0182799
          13     2.69314     2.60002   0.0185194
          14     2.72151      2.6087   0.0192166
          15     2.51029     2.60214   0.0190547
          16     2.64117     2.60458   0.0179902
          17     2.57214     2.60267   0.0170062
          18     2.68546     2.60727   0.0166803
          19     2.60449     2.60712   0.0157787
          20     2.64184     2.60886   0.0150693
          21     2.59964     2.60842   0.0143405
          22     2.54186     2.60539   0.0140038
          23     2.54384     2.60272   0.0136461
          24      2.6929     2.60647   0.0135948
          25      2.6923     2.60991    0.013484
          26     2.58521     2.60896   0.0129898
          27     2.76781     2.61484   0.0138149
          28     2.72036     2.61861   0.0138355
          29     2.53909     2.61587   0.0136287
          30     2.62757     2.61626   0.0131723
           1     2.47272     2.47272           0
           2     2.45327     2.46299   0.0097259
           3     2.65324     2.52641   0.0636641
           4     2.37002     2.48731   0.0596254
           5     2.66909     2.52367   0.0587785
           6     2.57267     2.53183   0.0486823
           7     2.47073     2.52311   0.0420598
           8     2.52888     2.52383    0.036432
           9     2.50991     2.52228   0.0321672
          10     2.41002     2.51105   0.0308838
          11      2.4876     2.50892   0.0280167
          12     2.50312     2.50844   0.0255802
          13     2.42657     2.50214   0.0243585
          14     2.44365     2.49796   0.0229353
          15     2.39533     2.49112   0.0224211
          16     2.46858     2.48971   0.0210203
          17     2.50175     2.49042   0.0197578
          18     2.62364     2.49782   0.0200443
          19     2.62542     2.50454   0.0201143
          20     2.47713     2.50317   0.0191312
          21     2.64106     2.50973   0.0193459
          22     2.40259     2.50486   0.0190777
          23     2.53987     2.50639   0.0182928
          24     2.44924       2.504   0.0176752
          25     2.58792     2.50736   0.0172825
          26     2.63776     2.51238   0.0173454
          27     2.40239      2.5083   0.0171805
          28     2.44084     2.50589   0.0167299
          29       2.463     2.50441   0.0162103
          30     2.54256     2.50569   0.0157122
           1     2.45381     2.45381           0
           2     2.45719      2.4555  0.00169118
           3      2.3983     2.43643   0.0190914
           4     2.46876     2.44451   0.0157337
           5      2.3343     2.42247   0.0251882
           6     2.22675     2.38985   0.0385627
           7      2.4045     2.39194   0.0326586
           8     2.47043     2.40175   0.0299365
           9     2.43746     2.40572    0.026698
          10     2.44605     2.40975   0.0242175
          11     2.40155     2.40901   0.0219183
          12     2.35814     2.40477   0.0204526
          13     2.35514     2.40095   0.0191971
          14      2.4161     2.40203    0.017806
          15     2.36658     2.39967   0.0167441
          16     2.48503     2.40501   0.0165464
          17     2.30944     2.39938   0.0165279
          18     2.45803     2.40264   0.0159196
          19     2.39795      2.4024   0.0150605
          20     2.38661     2.40161   0.0143094
          21     2.28774     2.39618   0.0146513
          22     2.41138     2.39687   0.0139865
          23     2.49368     2.40108   0.0140117
          24     2.27252     2.39573   0.0144451
          25     2.51198     2.40038   0.0146147
          26     2.40453     2.40054   0.0140423
          27     2.37093     2.39944   0.0135566
          28      2.3186     2.39655   0.0133787
          29     2.54135     2.40155   0.0138411
          30     2.41597     2.40203   0.0133804
           1     2.22488     2.22488           0
           2     2.33417     2.27953   0.0546455
           3     2.39819     2.31908   0.0505955
           4     2.43847     2.34893   0.0465923
           5     2.31156     2.34146   0.0368561
           6     2.31968     2.33783    0.030311
           7     2.31314      2.3343    0.025859
           8     2.20704     2.31839   0.0274693
           9     2.40272     2.32776   0.0259745
          10     2.28348     2.32334   0.0236506
          11     2.21009     2.31304   0.0237412
          12     2.45185     2.32461   0.0245665
          13     2.34147      2.3259   0.0226351
          14     2.27365     2.32217   0.0212858
          15     2.25573     2.31774    0.020305
          16     2.29583     2.31637   0.0190429
          17      2.2824     2.31437    0.017999
          18     2.41061     2.31972   0.0177918
          19     2.43242     2.32565   0.0178441
          20     2.24307     2.32152   0.0174246
          21     2.33879     2.32235   0.0165945
          22     2.23228     2.31825   0.0163433
          23     2.22008     2.31398   0.0161894
          24     2.24711      2.3112   0.0157486
          25     2.29343     2.31049   0.0151222
          26     2.20581     2.30646   0.0150764
          27     2.26133     2.30479   0.0146033
          28     2.32835     2.30563   0.0140972
          29     2.20689     2.30223   0.0140221
          30     2.27476     2.30131   0.0135775
           1     2.31364     2.31364           0
           2     2.19806     2.25585     0.05779
           3     2.29014     2.26728   0.0352693
           4     2.30857      2.2776   0.0269915
           5     2.17959       2.258   0.0286602
           6      2.2439     2.25565   0.0235187
           7     2.17955     2.24478   0.0226554
           8     2.31613      2.2537   0.0215521
           9      2.2148     2.24938   0.0194922
          10     2.20768     2.24521   0.0179259
          11     2.34438     2.25422   0.0185527
          12     2.27117     2.25563    0.016995
          13     2.40905     2.26744   0.0195873
          14     2.13897     2.25826   0.0203239
          15      2.1799     2.25304   0.0196284
          16     2.21179     2.25046   0.0185408
          17     2.21519     2.24838   0.0175392
          18     2.25615     2.24881   0.0165417
          19     2.26946      2.2499   0.0156846
          20     2.25501     2.25016   0.0148819
          21     2.13459     2.24465   0.0151877
          22     2.17334     2.24141   0.0148393
          23     2.32398       2.245   0.0146268
          24     2.16351     2.24161   0.0144099
          25     2.16214     2.23843   0.0141822
          26     2.24219     2.23857   0.0136266
          27     2.23573     2.23847   0.0131126
          28     2.25962     2.23922   0.0126582
          29     2.23718     2.23915   0.0122141
          30     2.31389     2.24164   0.0120601
           1     2.20881     2.20881           0
           2     2.15332     2.18106   0.0277465
           3     2.07773     2.14662    0.037989
           4     2.13801     2.14447   0.0269484
           5     2.10533     2.13664   0.0222933
           6     2.20433     2.14792   0.0214152
           7     2.15325     2.14868   0.0181151
           8     2.15247     2.14915   0.0156953
           9     2.10753     2.14453   0.0145942
          10     2.27974     2.15805   0.0187938
          11     2.18328     2.16034   0.0171537
          12     2.12355     2.15728   0.0159566
          13     2.16441     2.15783   0.0146882
          14     2.08668     2.15274   0.0145171
          15     2.22714      2.1577   0.0143961
          16     2.04378     2.15058   0.0152329
          17     2.07904     2.14638    0.014915
          18     2.18071     2.14828   0.0141907
          19     2.09358      2.1454   0.0137283
          20     2.19644     2.14796   0.0132715
          21     2.21243     2.15103   0.0129917
          22     2.23731     2.15495   0.0129932
          23     2.21101     2.15739   0.0126524
          24     2.13024     2.15625   0.0121665
          25     2.12827     2.15514   0.0117232
          26     2.23451     2.15819   0.0116697
          27     2.18743     2.15927   0.0112813
          28     2.10555     2.15735    0.011039
          29     2.09488      2.1552   0.0108671
          30     2.16942     2.15567   0.0105093
           1      2.1182      2.1182           0
           2     2.08323     2.10071   0.0174836
           3     2.11633     2.10592   0.0113582
           4       2.116     2.10844  0.00841739
           5     2.11967     2.11069  0.00689592
           6     2.06985     2.10388  0.00883294
           7     2.05258     2.09655   0.0104611
           8     2.07187     2.09347  0.00957047
           9     2.08095     2.09208  0.00855415
          10     2.09217     2.09208  0.00765107
          11     2.08112     2.09109  0.00699209
          12     2.06458     2.08888  0.00675435
          13     2.11557     2.09093  0.00654352
          14     2.17627     2.09703  0.00859393
          15     2.17781     2.10241  0.00964416
          16        2.17     2.10664  0.00996141
          17     2.06637     2.10427  0.00965227
          18      2.1164     2.10494  0.00912517
          19      2.0912     2.10422  0.00866179
          20     2.12273     2.10514  0.00826927
          21      2.1321     2.10643   0.0079697
          22     2.10818     2.10651  0.00759923
          23     2.15862     2.10877  0.00760659
          24     2.05317     2.10646  0.00764238
          25     2.15346     2.10834  0.00756762
          26     2.06402     2.10663  0.00746784
          27      2.1649     2.10879  0.00750299
          28     2.07316     2.10752  0.00734121
          29     2.14522     2.10882  0.00720187
          30     2.01596     2.10572  0.00761509
           1      2.1465      2.1465           0
           2     2.00435     2.07542    0.071075
           3     1.97226     2.04104   0.0535397
           4     1.95066     2.01844   0.0440882
           5     1.96979     2.00871   0.0355096
           6     1.99608     2.00661   0.0290698
           7      1.9709     2.00151   0.0250923
           8     1.99575     2.00079   0.0217424
           9     1.98193     1.99869   0.0192891
          10      2.0661     2.00543   0.0185229
          11      2.0229     2.00702   0.0168297
          12     2.08689     2.01368   0.0167431
          13     1.98393     2.01139   0.0155705
          14     1.99282     2.01006   0.0144763
          15     2.00736     2.00988   0.0134779
          16     2.07136     2.01372     0.01318
          17      2.1247     2.02025   0.0139962
          18     2.04237     2.02148   0.0132528
          19      1.9845     2.01953   0.0126861
          20       2.008     2.01896   0.0120489
          21     2.07479     2.02162   0.0117652
          22     1.98129     2.01978   0.0113665
          23     1.98914     2.01845   0.0109425
          24     2.06842     2.02053   0.0106815
          25     2.01538     2.02033   0.0102474
          26     2.06931     2.02221    0.010024
          27     1.99448     2.02118  0.00970016
          28     1.97952      2.0197  0.00946502
          29     2.00252      2.0191  0.00915199
          30     1.99154     2.01818  0.00888929
           1     1.92957     1.92957           0
           2     1.97197     1.95077      0.0212
           3     1.92283     1.94146   0.0153806
           4       1.965     1.94735   0.0123662
           5     1.90699     1.93928   0.0125256
           6     1.90854     1.93415   0.0114386
           7     1.95285     1.93682   0.0100297
           8     1.96134     1.93989  0.00921085
           9     1.91781     1.93744  0.00848545
          10     1.93316     1.93701  0.00760164
          11     1.93041     1.93641  0.00690209
          12     1.91008     1.93421  0.00667171
          13     1.95238     1.93561  0.00629419
          14     1.88498       1.932  0.00685829
          15     1.98289     1.93539  0.00723014
          16     1.89198     1.93268  0.00728696
          17     1.94663      1.9335  0.00689394
          18      1.9433     1.93404  0.00652246
          19     1.98211     1.93657  0.00666822
          20     1.88463     1.93397  0.00683837
          21     1.98857     1.93657  0.00700486
          22      1.9244     1.93602  0.00670175
          23     2.07059     1.94187  0.00867397
          24     1.94838     1.94214  0.00830911
          25     1.90811     1.94078  0.00808522
          26     1.99635     1.94292  0.00805673
          27     1.97822     1.94423  0.00786208
          28     1.87563     1.94178  0.00796238
          29     1.91705     1.94092  0.00773008
          30     1.92756     1.94048  0.00748123
           1     1.97879     1.97879           0
           2     1.76545     1.87212    0.106668
           3     1.82885      1.8577   0.0632514
           4     1.85692      1.8575    0.044726
           5     1.85206     1.85641   0.0346617
           6     1.82581     1.85131   0.0287573
           7     1.94204     1.86427   0.0275439
           8     1.91844     1.87104   0.0247961
           9     1.88672     1.87279   0.0219374
          10     1.95502     1.88101   0.0212749
          11     1.91118     1.88375   0.0194383
          12     1.85294     1.88118   0.0179294
          13     1.81984     1.87647   0.0171545
          14     1.93974     1.88099   0.0165126
          15     1.93612     1.88466   0.0158057
          16       1.908     1.88612   0.0148567
          17     1.85561     1.88433   0.0140704
          18     1.88182     1.88419   0.0132664
          19     1.87753     1.88384   0.0125537
          20     1.94206     1.88675   0.0122601
          21     1.95762     1.89012   0.0121402
          22      1.9028      1.8907   0.0115896
          23      1.8355      1.8883   0.0113313
          24     1.89723     1.88867   0.0108552
          25     2.07239     1.89602   0.0127442
          26     1.87313     1.89514   0.0122759
          27     1.88135     1.89463   0.0118235
          28     1.94182     1.89631   0.0115174
          29     1.86943     1.89539   0.0111517
          30     1.90476      1.8957   0.0107781
           1     1.83259     1.83259           0
           2     1.82832     1.83046  0.00213638
           3     1.90181     1.85424   0.0238176
           4     1.81989     1.84565   0.0189055
           5     1.83997     1.84452   0.0146882
           6     1.78098     1.83393   0.0159987
           7     1.86814     1.83882   0.0143776
           8     1.78978     1.83269   0.0138786
           9     1.77716     1.82652   0.0137069
          10     1.89926     1.83379   0.0142555
          11     1.82777     1.83324   0.0129062
          12     1.79956     1.83044   0.0121114
          13      1.8727     1.83369   0.0116056
          14     1.94948     1.84196   0.0135593
          15     1.85865     1.84307    0.012672
          16     1.88143     1.84547   0.0120936
          17     1.78068     1.84166   0.0119823
          18     1.85652     1.84248   0.0113272
          19     1.82547     1.84159   0.0107518
          20     1.82926     1.84097   0.0102186
          21     1.83407     1.84064  0.00972541
          22     1.78145     1.83795  0.00965532
          23     1.75714     1.83444  0.00987246
          24     1.76548     1.83156  0.00987926
          25     1.83056     1.83152  0.00947594
          26      1.8189     1.83104  0.00911712
          27     1.79996     1.82989  0.00884814
          28     1.87889     1.83164  0.00870402
          29     1.84548     1.83212  0.00841207
          30     1.85084     1.83274  0.00815077
           1     1.77465     1.77465           0
           2     1.75902     1.76684  0.00781521
           3     1.83608     1.78992   0.0235199
           4     1.82513     1.79872   0.0188174
           5     1.73321     1.78562   0.0195988
           6     1.74455     1.77878   0.0174047
           7     1.78017     1.77898    0.014711
           8     1.81661     1.78368   0.0135807
           9     1.74646     1.77954   0.0126708
          10     1.76032     1.77762    0.011495
          11     1.73222     1.77349   0.0111867
          12     1.73736     1.77048   0.0106468
          13     1.79961     1.77272   0.0100466
          14     1.68123     1.76619   0.0113676
          15     1.76543     1.76614   0.0105828
          16     1.74934     1.76509  0.00995487
          17     1.80606      1.7675  0.00965651
          18     1.69112     1.76325   0.0100446
          19     1.73564      1.7618  0.00961172
          20     1.76393     1.76191   0.0091191
          21     1.76403     1.76201  0.00867459
          22     1.76824     1.76229  0.00827574
          23     1.78749     1.76339  0.00798329
          24     1.75942     1.76322  0.00764521
          25     1.78809     1.76422  0.00740019
          26     1.77326     1.76456  0.00711838
          27     1.73931     1.76363  0.00691322
          28     1.75719      1.7634  0.00666571
          29     1.77069     1.76365  0.00643667
          30     1.81788     1.76546  0.00647578
           1     1.69278     1.69278           0
           2     1.67132     1.68205   0.0107289
           3     1.67113     1.67841  0.00718341
           4     1.68715     1.68059  0.00552914
           5     1.77392     1.69926   0.0191502
           6     1.75977     1.70934   0.0186063
           7     1.69553     1.70737   0.0158486
           8      1.7203     1.70899     0.01382
           9     1.72015     1.71023   0.0122511
          10     1.74073     1.71328   0.0113743
          11     1.61732     1.70455   0.0134891
          12     1.68788     1.70316   0.0123919
          13     1.68973     1.70213   0.0114457
          14     1.70301     1.70219   0.0105968
          15     1.67621     1.70046   0.0100161
          16      1.7589     1.70411    0.010056
          17     1.73644     1.70601   0.0096355
          18     1.67928     1.70453  0.00920505
          19     1.74815     1.70683  0.00900462
          20     1.64615     1.70379  0.00906527
          21      1.7759     1.70723  0.00928132
          22     1.67951     1.70597  0.00893863
          23     1.74459     1.70764   0.0087047
          24       1.741     1.70903  0.00844922
          25     1.73015     1.70988  0.00814811
          26     1.78191     1.71265  0.00830418
          27      1.6531     1.71044  0.00828948
          28     1.62739     1.70748  0.00852086
          29     1.64831     1.70544  0.00847113
          30     1.69913     1.70523  0.00818659
           1     1.59834     1.59834           0
           2     1.65093     1.62464   0.0262955
           3     1.70955     1.65294   0.0321196
           4     1.69822     1.66426    0.025376
           5     1.72436     1.67628   0.0230403
           6     1.61638      1.6663    0.021297
           7     1.62794     1.66082   0.0188148
           8     1.70509     1.66635   0.0172084
           9     1.68296      1.6682   0.0152882
          10     1.63856     1.66523   0.0139917
          11     1.68476     1.66701   0.0127798
          12     1.80088     1.67816   0.0161417
          13     1.60394     1.67245   0.0159082
          14     1.74965     1.67797   0.0157264
          15     1.66015     1.67678   0.0146886
          16     1.64068     1.67452    0.013924
          17     1.64936     1.67304   0.0131628
          18     1.64502     1.67149   0.0125073
          19     1.62938     1.66927   0.0120364
          20     1.75186      1.6734   0.0121424
          21     1.59897     1.66986   0.0120814
          22     1.72472     1.67235    0.011786
          23     1.63286     1.67063    0.011392
          24     1.64066     1.66938   0.0109783
          25     1.64175     1.66828   0.0105879
          26     1.66219     1.66804   0.0101752
          27     1.71284      1.6697  0.00993068
          28     1.62162     1.66799  0.00972228
          29     1.60441     1.66579  0.00963378
          30     1.77125     1.66931   0.0099488
           1     1.56261     1.56261           0
           2     1.54786     1.55524  0.00737586
           3     1.55617     1.55555  0.00426964
           4     1.66751     1.58354   0.0281518
           5     1.59148     1.58513   0.0218641
           6     1.60072     1.58773   0.0180402
           7     1.60101     1.58962   0.0153643
           8     1.64645     1.59673   0.0150834
           9      1.5438     1.59085   0.0145443
          10     1.57157     1.58892   0.0131508
          11     1.62001     1.59175   0.0122266
          12     1.57535     1.59038   0.0112446
          13     1.56923     1.58875   0.0104707
          14     1.66547     1.59423   0.0111355
          15     1.54306     1.59082   0.0109135
          16     1.59338     1.59098   0.0102099
          17     1.59031     1.59094  0.00959064
          18     1.57094     1.58983  0.00911015
          19     1.60811     1.59079   0.0086709
          20     1.61351     1.59193  0.00830401
          21      1.7162     1.59785  0.00986968
          22     1.65908     1.60063  0.00981332
          23     1.59704     1.60047  0.00937825
          24     1.63583     1.60195  0.00909904
          25     1.58317     1.60119  0.00875976
          26     1.54293     1.59895  0.00870931
          27     1.60412     1.59915  0.00838272
          28     1.54712     1.59729  0.00828874
          29     1.56268     1.59609  0.00808635
          30     1.65112     1.59793  0.00802461
           1     1.52428     1.52428           0
           2     1.57149     1.54789    0.023606
           3     1.47083      1.5222   0.0290764
           4     1.60699      1.5434   0.0295304
           5     1.55905     1.54653   0.0230872
           6     1.51044     1.54052   0.0197869
           7     1.56707     1.54431   0.0171478
           8     1.52612     1.54203   0.0150235
           9     1.58067     1.54633   0.0139276
          10     1.55028     1.54672   0.0124635
          11     1.57837      1.5496   0.0116349
          12      1.5746     1.55168   0.0108235
          13     1.59865      1.5553   0.0105914
          14     1.56933      1.5563  0.00985685
          15     1.58985     1.55853  0.00944494
          16     1.52827     1.55664  0.00903509
          17     1.52059     1.55452  0.00874797
          18     1.53104     1.55322  0.00835019
          19     1.64254     1.55792   0.0091918
          20     1.55051     1.55755  0.00872798
          21     1.55787     1.55756  0.00830198
          22     1.58549     1.55883  0.00801676
          23     1.54431      1.5582  0.00768625
          24      1.5663     1.55854  0.00736675
          25     1.55766      1.5585  0.00706603
          26     1.57604     1.55918  0.00682222
          27     1.54011     1.55847  0.00660257
          28     1.62627     1.56089  0.00680751
          29     1.51772     1.55941  0.00673516
          30     1.58706     1.56033  0.00657176
           1     1.49458     1.49458           0
           2     1.54509     1.51983   0.0252533
           3     1.59246     1.54404   0.0282597
           4     1.53212     1.54106   0.0202036
           5     1.50649     1.53415   0.0171088
           6     1.42303     1.51563   0.0231968
           7     1.51821       1.516   0.0196083
           8     1.55398     1.52075   0.0176327
           9      1.5079     1.51932   0.0156159
          10     1.54217      1.5216    0.014153
          11     1.52645     1.52204   0.0128094
          12     1.53831      1.5234   0.0117716
          13      1.5359     1.52436    0.010871
          14     1.50851     1.52323    0.010128
          15     1.51327     1.52257  0.00945206
          16     1.51843     1.52231  0.00884536
          17     1.49048     1.52043  0.00851714
          18     1.49336     1.51893  0.00816968
          19     1.53119     1.51958  0.00775463
          20     1.52953     1.52007  0.00737349
          21     1.51234      1.5197  0.00702325
          22     1.53835     1.52055   0.0067498
          23     1.47405     1.51853  0.00675907
          24     1.57302      1.5208  0.00685806
          25     1.54693     1.52185  0.00666052
          26     1.55654     1.52318  0.00653685
          27     1.54253      1.5239  0.00633077
          28     1.53986     1.52447  0.00612706
          29     1.59726     1.52698  0.00642285
          30     1.51255      1.5265  0.00622367
           1     1.47713     1.47713           0
           2     1.46766      1.4724  0.00473489
           3     1.50579     1.48353    0.011462
           4     1.43932     1.47248   0.0137055
           5     1.50885     1.47975   0.0128698
           6     1.52254     1.48688    0.012699
           7      1.4822     1.48621   0.0107534
           8     1.50182     1.48816  0.00951487
           9     1.50424     1.48995  0.00857928
          10     1.50357     1.49131  0.00779339
          11     1.49915     1.49202  0.00708527
          12     1.45465     1.48891  0.00717872
          13     1.50185      1.4899  0.00667803
          14      1.5134     1.49158  0.00640638
          15     1.46899     1.49008  0.00615126
          16     1.54571     1.49355  0.00672299
          17     1.49646     1.49373  0.00631746
          18     1.51298     1.49479  0.00605145
          19     1.41963     1.49084  0.00695819
          20     1.46538     1.48957  0.00672275
          21     1.52459     1.49123   0.0066085
          22     1.43913     1.48887  0.00673131
          23     1.53806       1.491  0.00677828
          24     1.42844      1.4884  0.00699378
          25     1.51538     1.48948  0.00679446
          26     1.44057      1.4876  0.00679347
          27     1.48267     1.48741  0.00653956
          28     1.56624     1.49023  0.00690199
          29     1.50788     1.49084  0.00668749
          30     1.54782     1.49274  0.00673417
           1     1.41238     1.41238           0
           2     1.47914     1.44576   0.0333826
           3     1.45727     1.44959   0.0196514
           4     1.42669     1.44387   0.0150296
           5      1.4286     1.44081   0.0120357
           6     1.43656      1.4401  0.00985264
           7     1.45937     1.44286  0.00876988
           8     1.43765     1.44221  0.00762274
           9     1.38645     1.43601   0.0091418
          10     1.40537     1.43295  0.00873207
          11     1.45624     1.43506  0.00817735
          12     1.40838     1.43284  0.00778908
          13     1.47887     1.43638  0.00799216
          14     1.43082     1.43598  0.00740997
          15     1.42625     1.43534  0.00692873
          16     1.44394     1.43587  0.00650353
          17     1.44453     1.43638  0.00613018
          18     1.47253     1.43839   0.0061185
          19     1.47179     1.44015  0.00604863
          20     1.49296     1.44279  0.00631662
          21     1.48323     1.44471  0.00630942
          22     1.41215     1.44323  0.00619521
          23     1.44502     1.44331  0.00592024
          24     1.47022     1.44443  0.00577805
          25     1.41866      1.4434   0.0056372
          26     1.44244     1.44337  0.00541617
          27     1.40666     1.44201   0.0053861
          28     1.45564     1.44249  0.00521298
          29     1.44922     1.44273  0.00503537
          30     1.40737     1.44155  0.00500538
           1     1.40289     1.40289           0
           2     1.41442     1.40865   0.0057681
           3     1.45599     1.42443   0.0161253
           4     1.37334     1.41166   0.0171218
           5      1.4023     1.40979   0.0133939
           6     1.40779     1.40946   0.0109411
           7       1.441     1.41396   0.0102865
           8      1.4033     1.41263  0.00900747
           9     1.39154     1.41029  0.00828236
          10      1.4219     1.41145   0.0074985
          11     1.39848     1.41027  0.00688435
          12     1.41463     1.41063  0.00629501
          13     1.44646     1.41339  0.00641289
          14     1.42278     1.41406  0.00597499
          15     1.45174     1.41657  0.00610342
          16     1.41408     1.41641  0.00571134
          17     1.37534       1.414  0.00588389
          18     1.44356     1.41564  0.00578532
          19     1.35994     1.41271  0.00620814
          20     1.40868     1.41251  0.00589301
          21     1.42648     1.41317  0.00564472
          22     1.42118     1.41354  0.00539431
          23     1.39955     1.41293  0.00519017
          24     1.46191     1.41497  0.00537205
          25     1.42602     1.41541  0.00517162
          26     1.39481     1.41462  0.00503152
          27     1.42491       1.415  0.00485656
          28     1.41863     1.41513  0.00468169
          29     1.38668     1.41415  0.00462268
          30     1.41042     1.41402  0.00446766
           1     1.39942     1.39942           0
           2     1.32494     1.36218    0.037244
           3     1.35428     1.35955   0.0216636
           4     1.39651     1.36879   0.0178903
           5     1.37424     1.36988   0.0139006
           6      1.3553     1.36745   0.0116071
           7     1.38997     1.37066   0.0103238
           8     1.33706     1.36646  0.00987812
           9     1.35277     1.36494  0.00884351
          10     1.43078     1.37153   0.0102914
          11     1.40475     1.37455  0.00978651
          12     1.36049     1.37338  0.00901031
          13     1.40657     1.37593  0.00867265
          14     1.37845     1.37611  0.00803132
          15     1.36014     1.37504   0.0075522
          16     1.41625     1.37762  0.00751913
          17     1.38333     1.37795  0.00707098
          18      1.3945     1.37887  0.00672967
          19      1.3724     1.37853  0.00637475
          20     1.38395      1.3788  0.00605367
          21     1.38875     1.37928  0.00577765
          22     1.39802     1.38013  0.00557429
          23     1.38135     1.38018  0.00532668
          24     1.36265     1.37945  0.00515195
          25     1.38678     1.37975  0.00495027
          26     1.39734     1.38042  0.00480397
          27     1.40753     1.38143   0.0047304
          28     1.34291     1.38005  0.00476134
          29     1.35507     1.37919  0.00467426
          30     1.35122     1.37826  0.00461101
