           1    0.280283    0.280283           0
           2    0.319174    0.299729   0.0194452
           3    0.219474    0.272977   0.0290118
           4    0.229796    0.262182   0.0231815
           5    0.264063    0.262558   0.0179602
           6    0.261683    0.262412   0.0146652
           7    0.336004    0.272925   0.0162526
           8    0.297674    0.276019   0.0144111
           9    0.190184    0.266482   0.0158898
          10    0.282631    0.268097   0.0143037
          11    0.282363    0.269394   0.0130031
          12    0.230845    0.266181   0.0122971
          13    0.260153    0.265717   0.0113212
          14    0.305404    0.268552    0.010858
          15    0.233307    0.266203   0.0103777
          16     0.21207    0.262819   0.0102802
          17     0.21418    0.259958   0.0100715
          18     0.24649     0.25921  0.00952491
          19    0.213084    0.256782  0.00933101
          20    0.390818    0.263484   0.0111029
          21    0.217674    0.261303   0.0107839
          22    0.260691    0.261275   0.0102821
          23    0.332121    0.264355   0.0102964
          24    0.415218    0.270641   0.0116917
          25    0.334683    0.273203   0.0115031
          26      0.2327    0.271645   0.0111611
          27    0.253831    0.270985     0.01076
          28    0.251283    0.270281   0.0103924
          29    0.237335    0.269145   0.0100918
          30    0.385079     0.27301   0.0104876
           1    0.255293    0.255293           0
           2    0.370693    0.312993      0.0577
           3    0.266947    0.297644    0.036679
           4    0.234113    0.281762   0.0304128
           5    0.365345    0.298478   0.0288862
           6    0.317533    0.301654   0.0237983
           7    0.264633    0.296365    0.020797
           8    0.238007     0.28907   0.0194319
           9    0.309915    0.291387   0.0172931
          10     0.35181    0.297429   0.0166057
          11    0.462692    0.312453   0.0212446
          12     0.34405    0.315086   0.0195715
          13    0.262464    0.311038   0.0184526
          14    0.346789    0.313592   0.0172736
          15    0.376553    0.317789   0.0166197
          16    0.319289    0.317883   0.0155465
          17    0.325942    0.318357   0.0146111
          18    0.256441    0.314917   0.0141985
          19    0.385988    0.318658   0.0139416
          20    0.151284    0.310289   0.0156514
          21    0.390914    0.314128   0.0153745
          22    0.229918    0.310301   0.0151505
          23    0.312879    0.310413   0.0144773
          24    0.305701    0.310216   0.0138623
          25    0.302164    0.309894   0.0133002
          26    0.238554     0.30715   0.0130697
          27    0.342898    0.308474   0.0126458
          28    0.289876     0.30781   0.0122039
          29    0.397197    0.310892   0.0121723
          30    0.357334    0.312441    0.011861
           1    0.405432    0.405432           0
           2    0.497692    0.451562   0.0461303
           3    0.331028    0.411384   0.0482038
           4    0.389593    0.405936   0.0345178
           5    0.446918    0.414133   0.0279655
           6    0.361131    0.405299   0.0244828
           7    0.465682    0.413925   0.0224179
           8    0.380557    0.409754   0.0198574
           9    0.432133    0.412241   0.0176883
          10    0.471973    0.418214   0.0169109
          11    0.351398     0.41214   0.0164584
          12    0.415354    0.412407   0.0150268
          13     0.41496    0.412604    0.013824
          14    0.463365     0.41623   0.0133022
          15    0.458417    0.419042   0.0126991
          16    0.305799    0.411964   0.0138276
          17    0.387677    0.410536   0.0130671
          18    0.411381    0.410583   0.0123198
          19    0.227793    0.400962   0.0151114
          20       0.399    0.400864   0.0143363
          21    0.386577    0.400184   0.0136535
          22    0.422692    0.401207   0.0130583
          23    0.467673    0.404097   0.0128079
          24    0.488631    0.407619   0.0127584
          25    0.465918    0.409951   0.0124577
          26    0.536985    0.414837   0.0129278
          27    0.374826    0.413355   0.0125277
          28    0.449679    0.414652   0.0121415
          29    0.282733    0.410103   0.0125675
          30    0.337973    0.407699   0.0123772
           1    0.395012    0.395012           0
           2    0.467244    0.431128   0.0361164
           3    0.482681    0.448312   0.0270204
           4    0.428859    0.443449   0.0197155
           5    0.466248    0.448009   0.0159377
           6    0.451507    0.448592   0.0130262
           7    0.488958    0.454359    0.012428
           8    0.432152    0.451583   0.0111151
           9    0.420294    0.448106   0.0104008
          10    0.485107    0.451806   0.0100116
          11    0.459624    0.452517  0.00908369
          12    0.462467    0.453346  0.00833359
          13    0.401196    0.449335  0.00865197
          14    0.435242    0.448328  0.00807317
          15     0.43045    0.447136  0.00760964
          16    0.465427    0.448279  0.00720938
          17    0.490599    0.450769  0.00721509
          18    0.557392    0.456692  0.00902006
          19    0.418082     0.45466  0.00877078
          20    0.501244    0.456989  0.00864055
          21    0.409751     0.45474  0.00852107
          22    0.567971    0.459887  0.00961759
          23    0.476267    0.460599  0.00921748
          24    0.467145    0.460872  0.00882927
          25    0.520227    0.463246  0.00879526
          26    0.473301    0.463633  0.00845906
          27    0.481842    0.464307  0.00816762
          28    0.392216    0.461732  0.00828095
          29    0.396387    0.459479  0.00830194
          30    0.382862    0.456925  0.00841723
           1    0.494819    0.494819           0
           2    0.529833    0.512326    0.017507
           3    0.439995    0.488215   0.0261431
           4    0.522379    0.496756   0.0203636
           5    0.478044    0.493014   0.0162115
           6    0.511994    0.496177   0.0136094
           7    0.422269    0.485619   0.0156133
           8    0.485375    0.485588   0.0135215
           9    0.419507    0.478246    0.014004
          10    0.480886     0.47851   0.0125284
          11    0.435836    0.474631    0.011978
          12    0.457151    0.473174   0.0110309
          13    0.469506    0.472892   0.0101509
          14    0.471715    0.472808   0.0093983
          15    0.518859    0.475878  0.00927234
          16    0.521617    0.478737  0.00913244
          17    0.494357    0.479655   0.0086275
          18    0.528743    0.482382  0.00857906
          19    0.479889    0.482251  0.00811604
          20    0.515885    0.483933  0.00788107
          21    0.485569    0.484011   0.0074968
          22    0.499144    0.484699  0.00718094
          23    0.423596    0.482042  0.00735796
          24    0.575082    0.485919  0.00804092
          25    0.491146    0.486128  0.00771541
          26    0.513259    0.487171  0.00748582
          27    0.503925    0.487792  0.00722991
          28     0.42957    0.485712   0.0072706
          29    0.470025    0.485172  0.00703623
          30    0.471989    0.484732  0.00681184
           1    0.502167    0.502167           0
           2    0.512831    0.507499    0.005332
           3     0.52058    0.511859  0.00533757
           4    0.561369    0.524237   0.0129401
           5    0.497875    0.518964   0.0113254
           6     0.50201    0.516139  0.00966925
           7    0.498546    0.513625  0.00854976
           8    0.487124    0.510313  0.00811157
           9    0.448537    0.503449  0.00991409
          10    0.474406    0.500545  0.00933091
          11    0.455778    0.496475  0.00937008
          12    0.495894    0.496426  0.00855381
          13    0.562337    0.501496  0.00936035
          14    0.493642    0.500935  0.00868414
          15    0.480025    0.499541   0.0082038
          16    0.495388    0.499282  0.00767834
          17    0.468808    0.497489  0.00743197
          18    0.520527    0.498769  0.00712285
          19    0.504101     0.49905  0.00674339
          20     0.52638    0.500416  0.00654166
          21    0.527604    0.501711  0.00635561
          22    0.533267    0.503145  0.00622728
          23    0.487731    0.502475    0.005988
          24    0.487206    0.501839  0.00576826
          25    0.555647    0.503991  0.00593662
          26    0.510051    0.504224  0.00570848
          27    0.507112    0.504331  0.00549403
          28    0.478131    0.503396  0.00537624
          29    0.495731    0.503131  0.00519426
          30    0.476083     0.50223  0.00509849
           1    0.559767    0.559767           0
           2    0.505749    0.532758   0.0270087
           3    0.520961    0.528826   0.0160817
           4    0.556924     0.53585   0.0133662
           5    0.487666    0.526213   0.0141444
           6    0.551783    0.530475     0.01231
           7    0.509125    0.527425   0.0108417
           8    0.533887    0.528233   0.0094239
           9    0.571775    0.533071  0.00961669
          10    0.537197    0.533483  0.00861132
          11    0.538083    0.533901  0.00780045
          12      0.5678    0.536726  0.00766066
          13    0.505024    0.534288  0.00745682
          14    0.529896    0.533974  0.00691079
          15    0.530971    0.533774  0.00643671
          16    0.550326    0.534808  0.00610922
          17    0.546567      0.5355  0.00578014
          18    0.471636    0.531952  0.00650278
          19    0.517472     0.53119  0.00619804
          20    0.548074    0.532034  0.00594027
          21    0.511373     0.53105  0.00573535
          22    0.543795     0.53163  0.00549904
          23    0.525582    0.531367  0.00526109
          24    0.511541    0.530541  0.00510439
          25    0.519944    0.530117  0.00491428
          26     0.52751    0.530016  0.00472255
          27    0.491323    0.528583  0.00476489
          28    0.485979    0.527062  0.00483711
          29    0.508509    0.526422  0.00471098
          30    0.560089    0.527544  0.00468755
           1    0.534606    0.534606           0
           2    0.525139    0.529872  0.00473362
           3    0.488499    0.516081   0.0140593
           4    0.524176    0.518105   0.0101454
           5    0.550027    0.524489   0.0101251
           6    0.521938    0.524064  0.00827808
           7    0.489175     0.51908  0.00859008
           8     0.53924      0.5216  0.00785448
           9    0.562035    0.526093  0.00825644
          10    0.516767     0.52516  0.00744344
          11     0.52188    0.524862  0.00673944
          12    0.523449    0.524744  0.00615337
          13    0.506687    0.523355  0.00582822
          14    0.544171    0.524842  0.00559698
          15    0.553201    0.526733  0.00554289
          16    0.525973    0.526685  0.00518512
          17    0.536109    0.527239  0.00490202
          18    0.555042    0.528784  0.00487293
          19    0.472109    0.525801  0.00549032
          20    0.549974     0.52701  0.00534697
          21    0.524897    0.526909  0.00508698
          22    0.563832    0.528588  0.00513241
          23     0.55364    0.529677   0.0050237
          24    0.462513    0.526878  0.00556471
          25    0.534584    0.527186  0.00534638
          26    0.496169    0.525994  0.00527335
          27    0.537215    0.526409  0.00509127
          28    0.527257    0.526439  0.00490617
          29    0.573152     0.52805  0.00500051
          30    0.579973    0.529781  0.00513163
           1    0.551158    0.551158           0
           2    0.549385    0.550271 0.000886129
           3    0.529889    0.543477  0.00681326
           4    0.557353    0.546946   0.0059366
           5    0.581787    0.553914   0.0083487
           6    0.559863    0.554906  0.00688842
           7    0.503358    0.547542  0.00938724
           8    0.516078    0.543609    0.009031
           9    0.504047    0.539213  0.00909714
          10    0.552725    0.540564  0.00824815
          11    0.502253    0.537081  0.00823364
          12    0.492075    0.533331  0.00840002
          13    0.539478    0.533804  0.00774135
          14     0.47977    0.529944  0.00814025
          15    0.518787      0.5292  0.00761458
          16    0.511887    0.528118  0.00720451
          17    0.526719    0.528036  0.00676796
          18    0.524262    0.527826  0.00638434
          19    0.523241    0.527585   0.0060438
          20    0.504808    0.526446  0.00584566
          21    0.489252    0.524675  0.00583561
          22    0.510575    0.524034  0.00560082
          23    0.544021    0.524903  0.00542187
          24    0.538831    0.525483  0.00522338
          25     0.45516     0.52267  0.00574575
          26    0.509409     0.52216  0.00554385
          27    0.518341    0.522019  0.00533644
          28    0.536434    0.522534  0.00516803
          29    0.512331    0.522182  0.00499904
          30     0.51508    0.521945  0.00483533
           1     0.47223     0.47223           0
           2     0.51413     0.49318   0.0209503
           3    0.499922    0.495427   0.0123027
           4    0.512334    0.499654  0.00967172
           5    0.555388    0.510801   0.0134305
           6    0.511294    0.510883   0.0109663
           7      0.5237    0.512714  0.00944735
           8      0.4904    0.509925  0.00864404
           9    0.498716    0.508679  0.00772438
          10    0.615305    0.519342   0.0127052
          11    0.532913    0.520576   0.0115583
          12    0.504554     0.51924   0.0106354
          13     0.50686    0.518288  0.00982941
          14    0.516212     0.51814  0.00910147
          15    0.513995    0.517864  0.00847751
          16    0.493164     0.51632  0.00807885
          17    0.515677    0.516282  0.00758885
          18    0.552218    0.518278  0.00742816
          19    0.535353    0.519177  0.00708357
          20    0.504724    0.518454  0.00675881
          21    0.534051    0.519197  0.00647166
          22    0.567231     0.52138  0.00654538
          23    0.528889    0.521707  0.00626284
          24    0.506839    0.521087  0.00602813
          25    0.482976    0.519563  0.00597956
          26    0.510926    0.519231  0.00575458
          27    0.510109    0.518893  0.00554764
          28    0.540292    0.519657  0.00540019
          29    0.559741    0.521039  0.00539086
          30    0.514242    0.520813  0.00521299
           1    0.539284    0.539284           0
           2    0.503252    0.521268   0.0180157
           3    0.535959    0.526165   0.0114965
           4      0.5314    0.527474  0.00823392
           5    0.521714    0.526322  0.00648115
           6     0.50756    0.523195  0.00614664
           7      0.5389    0.525439  0.00565861
           8    0.535415    0.526686   0.0050567
           9    0.521278    0.526085  0.00449988
          10    0.507806    0.524257  0.00442046
          11    0.513778    0.523304  0.00411037
          12    0.495723    0.521006  0.00440022
          13    0.490464    0.518656  0.00468003
          14    0.530695    0.519516  0.00441736
          15    0.526259    0.519966  0.00413683
          16    0.538534    0.521126  0.00403992
          17     0.53187    0.521758   0.0038471
          18     0.52951    0.522189  0.00365256
          19    0.511057    0.521603   0.0035043
          20    0.513639    0.521205  0.00334824
          21    0.463856    0.518474  0.00419533
          22    0.530172    0.519006  0.00403527
          23    0.487071    0.517617   0.0040982
          24    0.523419    0.517859  0.00393117
          25    0.496505    0.517005  0.00386618
          26    0.541859    0.517961  0.00383554
          27    0.534946     0.51859  0.00374398
          28    0.465761    0.516703  0.00407136
          29    0.532758    0.517257  0.00396728
          30    0.492803    0.516442  0.00391847
           1    0.497725    0.497725           0
           2    0.496871    0.497298 0.000426745
           3    0.466815    0.487137   0.0101639
           4    0.513341    0.493688  0.00972462
           5    0.486985    0.492347  0.00765101
           6    0.472838    0.489096   0.0070426
           7    0.506682    0.491608  0.00646059
           8     0.46763    0.488611  0.00634727
           9    0.506227    0.490568   0.0059301
          10    0.520841    0.493596  0.00610713
          11    0.523807    0.496342  0.00616922
          12    0.560161     0.50166  0.00774595
          13    0.514782     0.50267  0.00719638
          14    0.503413    0.502723  0.00666276
          15     0.51994    0.503871  0.00630801
          16    0.500709    0.503673  0.00590391
          17    0.498951    0.503395  0.00555271
          18    0.490849    0.502698  0.00528134
          19    0.518941    0.503553  0.00506826
          20    0.478707    0.502311  0.00496607
          21    0.496255    0.502022  0.00473247
          22    0.498837    0.501878  0.00451456
          23    0.502305    0.501896  0.00431385
          24    0.526701     0.50293  0.00425755
          25    0.502409    0.502909  0.00408375
          26     0.52246    0.503661  0.00399495
          27       0.495     0.50334   0.0038575
          28     0.53873    0.504604  0.00392618
          29    0.534561    0.505637  0.00392669
          30     0.51536    0.505961  0.00380736
           1    0.490949    0.490949           0
           2    0.495487    0.493218  0.00226945
           3    0.507942    0.498126  0.00508004
           4     0.51454     0.50223  0.00545369
           5    0.497447    0.501273  0.00433133
           6    0.514253    0.503436  0.00414567
           7    0.468891    0.498501   0.0060524
           8    0.506595    0.499513  0.00533827
           9    0.485004    0.497901  0.00497626
          10     0.49696    0.497807   0.0044519
          11    0.471729    0.495436  0.00467292
          12    0.500125    0.495827  0.00428363
          13    0.498455    0.496029  0.00394555
          14    0.460368    0.493482   0.0044533
          15    0.516323    0.495005   0.0044166
          16     0.47493     0.49375  0.00431766
          17     0.46191    0.491877  0.00446732
          18    0.493123    0.491946   0.0042124
          19    0.528283    0.493859  0.00441972
          20    0.478357    0.493084  0.00426396
          21    0.524233    0.494567  0.00431857
          22    0.523094    0.495864  0.00431694
          23    0.503345    0.496189  0.00413779
          24    0.489643    0.495916  0.00397101
          25     0.49732    0.495972  0.00380927
          26    0.533232    0.497405  0.00393039
          27    0.513177    0.497989  0.00382687
          28    0.479064    0.497314   0.0037491
          29    0.501629    0.497462  0.00362057
          30    0.504922    0.497711  0.00350663
           1    0.504136    0.504136           0
           2    0.484568    0.494352  0.00978424
           3     0.50437    0.497691  0.00656207
           4    0.475929    0.492251  0.00715057
           5    0.495567    0.492914  0.00557838
           6    0.467403    0.488662  0.00623085
           7     0.46683    0.485543  0.00612031
           8     0.49408     0.48661   0.0054067
           9    0.512659    0.489505  0.00557791
          10    0.499791    0.490533  0.00509398
          11    0.506824    0.492014  0.00483984
          12     0.49537    0.492294  0.00442699
          13    0.464163     0.49013  0.00461147
          14      0.5138    0.491821  0.00459197
          15    0.461946    0.489829  0.00471606
          16    0.481593    0.489314  0.00444141
          17    0.514371    0.490788  0.00442468
          18    0.484147    0.490419  0.00418791
          19    0.497655      0.4908  0.00397963
          20    0.454804       0.489  0.00418245
          21    0.472732    0.488226  0.00405303
          22    0.518555    0.489604  0.00410295
          23    0.488152    0.489541  0.00392101
          24    0.480574    0.489168  0.00377263
          25    0.487436    0.489098  0.00361924
          26    0.536713     0.49093  0.00393002
          27     0.46995    0.490153  0.00386066
          28    0.463777    0.489211  0.00383763
          29    0.473585    0.488672  0.00374193
          30    0.512158    0.489455  0.00369885
           1    0.463912    0.463912           0
           2    0.481271    0.472592  0.00867975
           3    0.511811    0.485665   0.0140008
           4    0.499676    0.489168   0.0105015
           5    0.466162    0.484567  0.00934551
           6    0.483568      0.4844  0.00763239
           7    0.494992    0.485913  0.00662564
           8    0.478289     0.48496  0.00581658
           9    0.469321    0.483222  0.00541607
          10    0.465091    0.481409  0.00517249
          11     0.47241    0.480591  0.00474969
          12    0.497016     0.48196  0.00454677
          13      0.4609     0.48034  0.00448519
          14    0.505766    0.482156  0.00453228
          15    0.465162    0.481023  0.00436878
          16    0.502338    0.482355  0.00429829
          17    0.498898    0.483328  0.00415314
          18    0.458112    0.481928  0.00415868
          19    0.493964    0.482561   0.0039844
          20    0.468303    0.481848  0.00384657
          21    0.510548    0.483215  0.00390573
          22    0.472771     0.48274   0.0037541
          23    0.478769    0.482567  0.00359132
          24    0.489091    0.482839  0.00344915
          25    0.493973    0.483285  0.00333815
          26    0.486674    0.483415  0.00320984
          27    0.473825     0.48306  0.00310903
          28    0.479666    0.482939  0.00299839
          29    0.500487    0.483544  0.00295575
          30    0.470973    0.483125  0.00288611
           1    0.490127    0.490127           0
           2    0.483653     0.48689  0.00323697
           3    0.477551    0.483777  0.00363094
           4    0.499399    0.487683  0.00467388
           5    0.485287    0.487203  0.00365194
           6     0.47281    0.484805  0.00382696
           7    0.491839    0.485809  0.00338688
           8    0.473713    0.484297  0.00329993
           9    0.455907    0.481143  0.00429193
          10    0.489437    0.481972   0.0039274
          11    0.492267    0.482908  0.00367368
          12    0.453944    0.480495  0.00413189
          13    0.459567    0.478885  0.00412764
          14    0.460539    0.477574  0.00403988
          15    0.455827    0.476125  0.00403069
          16    0.484268    0.476633  0.00380456
          17    0.480612    0.476868  0.00358142
          18    0.472285    0.476613  0.00338618
          19    0.480225    0.476803  0.00320864
          20    0.450348     0.47548  0.00331897
          21    0.464282    0.474947  0.00320169
          22    0.480557    0.475202  0.00306333
          23    0.477623    0.475307    0.002929
          24    0.496183    0.476177   0.0029361
          25    0.486478    0.476589  0.00284619
          26    0.443563    0.475319  0.00301515
          27    0.487356    0.475765  0.00293538
          28    0.469353    0.475536  0.00283786
          29    0.466593    0.475227  0.00275556
          30    0.490435    0.475734  0.00270996
           1    0.490405    0.490405           0
           2    0.469981    0.480193   0.0102119
           3    0.487707    0.482698  0.00640582
           4    0.462386     0.47762   0.0068046
           5    0.479475    0.477991  0.00528387
           6    0.465431    0.475898  0.00479525
           7    0.476097    0.475926  0.00405282
           8    0.468109    0.474949  0.00364333
           9    0.469315    0.474323  0.00327352
          10    0.471824    0.474073  0.00293857
          11    0.466282    0.473365  0.00275078
          12    0.478626    0.473803  0.00254909
          13    0.471563    0.473631  0.00235114
          14    0.460786    0.472713  0.00236221
          15    0.454423    0.471494  0.00251454
          16    0.479639    0.472003  0.00240659
          17    0.447971    0.470589   0.0026662
          18    0.447881    0.469328  0.00281253
          19    0.463839    0.469039  0.00267602
          20    0.441086    0.467641  0.00289799
          21    0.484908    0.468464  0.00287655
          22    0.458169    0.467996  0.00278232
          23    0.467246    0.467963   0.0026588
          24    0.438235    0.466724  0.00283098
          25    0.470418    0.466872   0.0027194
          26    0.460141    0.466613  0.00262551
          27    0.475212    0.466932  0.00254639
          28    0.474735     0.46721  0.00246954
          29    0.461755    0.467022  0.00239028
          30    0.492173    0.467861   0.0024567
           1    0.456825    0.456825           0
           2    0.473974      0.4654  0.00857455
           3    0.458286    0.463028  0.00548914
           4    0.464533    0.463405   0.0038996
           5    0.473895    0.465503  0.00367775
           6    0.437532    0.460841  0.00554522
           7    0.453123    0.459738  0.00481452
           8    0.445726    0.457987  0.00452248
           9    0.448893    0.456976  0.00411444
          10    0.484977    0.459776  0.00462421
          11    0.474069    0.461076  0.00437991
          12    0.478264    0.462508  0.00424711
          13    0.455189    0.461945  0.00394713
          14    0.455918    0.461515   0.0036796
          15    0.474058    0.462351  0.00352611
          16    0.481299    0.463535  0.00350452
          17      0.4458    0.462492  0.00345327
          18    0.455463    0.462101  0.00327911
          19     0.48381    0.463244  0.00330547
          20    0.474019    0.463783  0.00318179
          21    0.446946    0.462981  0.00313087
          22    0.480166    0.463762  0.00308569
          23    0.454202    0.463346  0.00297763
          24    0.479848    0.464034  0.00293261
          25    0.444173     0.46324  0.00292289
          26     0.46763    0.463408   0.0028133
          27    0.472397    0.463741  0.00272749
          28    0.481217    0.464365  0.00270136
          29     0.45003    0.463871  0.00265301
          30     0.44634    0.463287  0.00262882
           1    0.448573    0.448573           0
           2    0.458728    0.453651   0.0050773
           3    0.437868     0.44839  0.00602237
           4    0.440704    0.446468  0.00467192
           5    0.434737    0.444122  0.00431294
           6     0.47294    0.448925  0.00595561
           7    0.448335    0.448841  0.00503412
           8    0.473369    0.451907  0.00532988
           9    0.466742    0.453555  0.00498115
          10    0.439125    0.452112  0.00468314
          11    0.451447    0.452052   0.0042365
          12    0.449062    0.451802  0.00387539
          13    0.456908    0.452195  0.00358641
          14    0.446597    0.451795  0.00334436
          15    0.456584    0.452115  0.00312975
          16    0.448248    0.451873  0.00293757
          17    0.454611    0.452034  0.00276407
          18    0.428833    0.450745  0.00290732
          19    0.435489    0.449942  0.00286487
          20    0.461319    0.450511  0.00277675
          21    0.464067    0.451156  0.00271895
          22    0.442576    0.450766  0.00262159
          23    0.462869    0.451293  0.00255969
          24    0.454583     0.45143  0.00245455
          25    0.455319    0.451585  0.00235945
          26    0.453457    0.451657  0.00226803
          27    0.448409    0.451537  0.00218573
          28     0.44687     0.45137   0.0021128
          29    0.462519    0.451755  0.00207458
          30     0.45534    0.451874  0.00200779
           1    0.442099    0.442099           0
           2    0.459738    0.450918  0.00881924
           3    0.439155    0.446997  0.00642669
           4    0.424411    0.441351  0.00724813
           5    0.459378    0.444956  0.00667238
           6     0.44028    0.444177  0.00550343
           7     0.44494    0.444286  0.00465252
           8    0.449483    0.444935  0.00408124
           9    0.462639    0.446903  0.00410176
          10    0.456556    0.447868   0.0037936
          11    0.442352    0.447366  0.00346789
          12    0.451255     0.44769  0.00318228
          13    0.453139     0.44811  0.00295713
          14    0.444048    0.447819   0.0027531
          15    0.457717    0.448479  0.00264657
          16    0.451509    0.448669  0.00248287
          17    0.433311    0.447765   0.0025011
          18    0.435771    0.447099  0.00245041
          19    0.450549     0.44728  0.00232496
          20    0.442659    0.447049  0.00221772
          21    0.448714    0.447129  0.00211096
          22    0.438156    0.446721  0.00205362
          23    0.428544    0.445931  0.00211547
          24    0.464522    0.446705  0.00216849
          25    0.463121    0.447362  0.00218113
          26     0.44681    0.447341  0.00209567
          27    0.450882    0.447472  0.00202082
          28    0.439164    0.447175  0.00196979
          29    0.447764    0.447195  0.00190076
          30    0.458958    0.447587   0.0018777
           1    0.435836    0.435836           0
           2    0.432484     0.43416  0.00167616
           3    0.440404    0.436241  0.00229526
           4     0.44625    0.438743  0.00298235
           5    0.429588    0.436912  0.00294776
           6     0.44847    0.438839  0.00308275
           7    0.423359    0.436627  0.00341734
           8    0.438349    0.436842  0.00296732
           9    0.427892    0.435848  0.00279951
          10    0.449577    0.437221  0.00285566
          11    0.458919    0.439194  0.00325008
          12    0.429131    0.438355  0.00308312
          13    0.431459    0.437824  0.00288525
          14     0.41899    0.436479  0.00299087
          15     0.43451    0.436348  0.00278744
          16    0.420182    0.435338  0.00279633
          17    0.434566    0.435292  0.00262708
          18    0.422403    0.434576  0.00257827
          19    0.442686    0.435003  0.00247587
          20    0.434274    0.434966   0.0023491
          21    0.437746    0.435099  0.00223836
          22    0.448585    0.435712  0.00222049
          23    0.453718    0.436495  0.00226157
          24    0.426678    0.436086  0.00220358
          25    0.427691     0.43575  0.00214011
          26     0.44209    0.435994  0.00207056
          27     0.43308    0.435886  0.00199531
          28    0.446229    0.436255  0.00195789
          29    0.438414     0.43633  0.00189064
          30    0.426024    0.435986  0.00185856
           1    0.433877    0.433877           0
           2    0.430683     0.43228  0.00159685
           3    0.428433    0.430998  0.00157944
           4    0.417725    0.427679  0.00350117
           5    0.434741    0.429092  0.00305767
           6    0.466337    0.435299  0.00669081
           7     0.44065    0.436064  0.00570621
           8    0.432829    0.435659  0.00495823
           9     0.41917    0.433827  0.00474108
          10    0.416054     0.43205  0.00459793
          11    0.429438    0.431812  0.00416576
          12    0.430227     0.43168  0.00380509
          13    0.443582    0.432596  0.00361792
          14    0.432865    0.432615  0.00334959
          15    0.442219    0.433255  0.00318336
          16    0.428989    0.432989  0.00298968
          17    0.431416    0.432896  0.00280983
          18    0.423616    0.432381  0.00269884
          19    0.421684    0.431818  0.00261419
          20    0.456664     0.43306   0.0027738
          21    0.426619    0.432753  0.00265618
          22    0.435621    0.432884  0.00253592
          23    0.415528    0.432129  0.00253793
          24    0.444353    0.432638  0.00248269
          25     0.43298    0.432652  0.00238135
          26    0.421924    0.432239  0.00232484
          27    0.438005    0.432453  0.00224725
          28    0.443213    0.432837  0.00219934
          29    0.430104    0.432743  0.00212424
          30     0.43759    0.432905  0.00205856
           1    0.429179    0.429179           0
           2    0.433378    0.431278  0.00209981
           3    0.446724    0.436427  0.00528918
           4    0.421022    0.432576  0.00536842
           5    0.433008    0.432662  0.00415926
           6    0.443688      0.4345  0.00386137
           7    0.436409    0.434773  0.00327482
           8    0.417363    0.432596   0.0035748
           9    0.433437     0.43269  0.00315406
          10    0.412276    0.430648  0.00348219
          11    0.427252     0.43034  0.00316486
          12    0.413444    0.428932  0.00321392
          13    0.427004    0.428783  0.00296009
          14    0.428595     0.42877  0.00274054
          15    0.411942    0.427648  0.00278707
          16    0.419687     0.42715  0.00265413
          17    0.425832    0.427073  0.00249432
          18     0.42967    0.427217  0.00235609
          19    0.437647    0.427766  0.00229525
          20    0.430593    0.427907  0.00218205
          21    0.409188    0.427016  0.00225886
          22    0.415012     0.42647  0.00222178
          23    0.455881    0.427749  0.00247835
          24     0.40503    0.426803   0.0025547
          25    0.420443    0.426548  0.00246355
          26     0.42908    0.426646  0.00236891
          27     0.42538    0.426599  0.00227996
          28    0.425912    0.426574  0.00219717
          29    0.421151    0.426387  0.00212828
          30    0.419487    0.426157  0.00206894
           1    0.424088    0.424088           0
           2    0.417375    0.420732  0.00335628
           3    0.431972    0.424478  0.00421831
           4    0.415911    0.422336   0.0036722
           5    0.391536    0.416176  0.00678518
           6    0.418237     0.41652  0.00555071
           7    0.402963    0.414583  0.00507524
           8    0.416769    0.414856  0.00440378
           9    0.429347    0.416466   0.0042043
          10    0.413525    0.416172  0.00377192
          11    0.399208     0.41463  0.00374421
          12    0.420159    0.415091   0.0034489
          13    0.419539    0.415433  0.00319093
          14    0.411242    0.415134  0.00296935
          15    0.403682     0.41437   0.0028678
          16    0.415375    0.414433  0.00268331
          17    0.406976    0.413994  0.00255842
          18    0.415756    0.414092  0.00241408
          19    0.422291    0.414524  0.00232391
          20    0.413481    0.414472  0.00220527
          21     0.42665    0.415052  0.00217632
          22    0.423263    0.415425  0.00210834
          23    0.427376    0.415944  0.00208052
          24    0.408666    0.415641   0.0020149
          25    0.433824    0.416369  0.00206495
          26    0.414756    0.416307  0.00198491
          27    0.424056    0.416594  0.00193143
          28    0.410934    0.416391  0.00187211
          29    0.408788    0.416129  0.00182533
          30    0.419752     0.41625  0.00176756
           1    0.412144    0.412144           0
           2    0.406823    0.409484  0.00266012
           3    0.410687    0.409885  0.00158736
           4    0.411632    0.410322  0.00120446
           5    0.396179    0.407493  0.00297849
           6    0.413684    0.408525  0.00264178
           7    0.417747    0.409842   0.0025924
           8    0.394009    0.407863  0.00299291
           9    0.417077    0.408887  0.00283109
          10    0.404075    0.408406  0.00257752
          11    0.416104    0.409106  0.00243424
          12    0.401185    0.408446  0.00231811
          13    0.401409    0.407904  0.00219999
          14    0.417324    0.408577  0.00214505
          15    0.406061    0.408409  0.00200397
          16    0.418108    0.409016  0.00197011
          17    0.406989    0.408896  0.00185443
          18    0.411842     0.40906  0.00175602
          19    0.400527    0.408611  0.00172067
          20    0.421293    0.409245  0.00175121
          21     0.41405    0.409474  0.00168138
          22    0.403567    0.409205  0.00162545
          23    0.413165    0.409377  0.00156269
          24    0.411882    0.409482  0.00149979
          25    0.414986    0.409702   0.0014553
          26    0.409067    0.409678  0.00139842
          27     0.41856    0.410007  0.00138526
          28    0.414132    0.410154  0.00134298
          29    0.406409    0.410025  0.00130226
          30    0.405966    0.409889  0.00126536
           1    0.395851    0.395851           0
           2    0.391351    0.393601  0.00224995
           3    0.399716     0.39564  0.00241711
           4    0.388705    0.393906  0.00243453
           5    0.408101    0.396745  0.00340831
           6    0.421261    0.400831  0.00494363
           7    0.401549    0.400934  0.00417938
           8    0.412399    0.402367  0.00389288
           9    0.400792    0.402192  0.00343766
          10    0.413372     0.40331  0.00327168
          11    0.387112    0.401837  0.00330546
          12    0.407584    0.402316  0.00305523
          13    0.395731     0.40181  0.00285568
          14    0.397874    0.401528  0.00265875
          15    0.408971    0.402025  0.00252441
          16    0.391548     0.40137  0.00245048
          17    0.409027     0.40182  0.00234548
          18    0.379966    0.400606  0.00252271
          19    0.407811    0.400985  0.00241618
          20    0.402947    0.401083  0.00229429
          21    0.405456    0.401292  0.00219222
          22    0.407966    0.401595   0.0021121
          23    0.397801     0.40143  0.00202491
          24    0.413161    0.401919  0.00199938
          25    0.401559    0.401904  0.00191779
          26    0.403833    0.401979  0.00184404
          27    0.401443    0.401959  0.00177454
          28    0.407141    0.402144  0.00171998
          29     0.40357    0.402193  0.00166034
          30    0.400713    0.402144   0.0016048
           1    0.382588    0.382588           0
           2    0.412454    0.397521   0.0149329
           3    0.412598    0.402547   0.0099793
           4    0.395726    0.400842  0.00725955
           5    0.387655    0.398204  0.00621099
           6    0.401872    0.398816  0.00510796
           7    0.392206    0.397871  0.00441907
           8    0.390702    0.396975  0.00393054
           9    0.388797    0.396067  0.00358352
          10    0.396428    0.396103   0.0032054
          11    0.397382    0.396219  0.00290172
          12    0.387955     0.39553  0.00273696
          13     0.39485    0.395478  0.00251818
          14      0.3873    0.394894  0.00240346
          15    0.396264    0.394985  0.00223936
          16    0.382885    0.394229  0.00222706
          17     0.37971    0.393375  0.00225957
          18     0.40873    0.394228   0.0022948
          19    0.400352     0.39455  0.00219446
          20    0.396889    0.394667  0.00208513
          21    0.386658    0.394286  0.00201969
          22    0.392556    0.394207   0.0019273
          23    0.384937    0.393804  0.00188519
          24    0.402599    0.394171  0.00184176
          25    0.402654     0.39451  0.00179885
          26    0.396911    0.394602  0.00173075
          27    0.383206     0.39418  0.00171806
          28    0.379056     0.39364  0.00174146
          29    0.392865    0.393613  0.00168055
          30    0.396896    0.393723  0.00162725
           1    0.394725    0.394725           0
           2    0.389695     0.39221  0.00251467
           3    0.402988    0.395803  0.00387502
           4    0.388928    0.394084  0.00323444
           5    0.388295    0.392926  0.00275997
           6    0.393381    0.393002  0.00225478
           7    0.397772    0.393684   0.0020238
           8    0.391011    0.393349  0.00178423
           9    0.380962    0.391973  0.00209055
          10    0.379207    0.390696  0.00226408
          11    0.393541    0.390955  0.00206421
          12    0.381069    0.390131  0.00205659
          13     0.38145    0.389463  0.00200619
          14    0.383173    0.389014  0.00191094
          15    0.400937    0.389809   0.0019485
          16     0.37944    0.389161  0.00193444
          17    0.381775    0.388726  0.00186831
          18    0.397053    0.389189  0.00182119
          19    0.381729    0.388796  0.00176685
          20    0.382317    0.388472  0.00170721
          21    0.380498    0.388093  0.00166769
          22    0.386988    0.388042  0.00159087
          23    0.384483    0.387888  0.00152799
          24    0.383103    0.387688  0.00147646
          25    0.395826    0.388014  0.00145309
          26    0.385883    0.387932  0.00139849
          27    0.377764    0.387555   0.0013974
          28    0.401244    0.388044  0.00143257
          29    0.394422    0.388264  0.00139968
          30    0.382462    0.388071  0.00136598
           1    0.379056    0.379056           0
           2    0.367093    0.373075  0.00598157
           3    0.387557    0.377902  0.00593544
           4    0.377094      0.3777  0.00420186
           5    0.377267    0.377613  0.00325589
           6    0.380316    0.378064  0.00269631
           7    0.391564    0.379992  0.00298533
           8    0.392492    0.381555  0.00302083
           9    0.381238     0.38152  0.00266435
          10    0.376467    0.381014  0.00243604
          11    0.385395    0.381413  0.00223918
          12    0.387793    0.381944   0.0021121
          13    0.377091    0.381571  0.00197839
          14    0.388797    0.382087  0.00190297
          15    0.388645    0.382524  0.00182471
          16    0.384191    0.382629  0.00171004
          17    0.382492    0.382621  0.00160632
          18    0.387791    0.382908  0.00154145
          19    0.373589    0.382417  0.00153835
          20    0.381157    0.382354  0.00146077
          21    0.381964    0.382336  0.00138959
          22    0.390421    0.382703  0.00137495
          23    0.388988    0.382976  0.00134193
          24    0.398401    0.383619  0.00143659
          25    0.376933    0.383352  0.00140364
          26    0.380097    0.383227  0.00135437
          27    0.383234    0.383227  0.00130325
          28     0.38148    0.383164  0.00125739
          29    0.374744    0.382874  0.00124751
          30    0.371003    0.382478  0.00126851
           1    0.365711    0.365711           0
           2    0.370962    0.368337  0.00262522
           3    0.374353    0.370342  0.00251375
           4    0.370323    0.370337   0.0017775
           5    0.374359    0.371142  0.00159462
           6    0.383628    0.373223  0.00245474
           7    0.375443     0.37354  0.00209875
           8    0.372938    0.373465  0.00181913
           9    0.372894    0.373401  0.00160557
          10    0.389812    0.375042  0.00218073
          11    0.377233    0.375241  0.00198257
          12    0.382117    0.375814  0.00189835
          13    0.378544    0.376024  0.00175881
          14    0.381538    0.376418   0.0016753
          15     0.36638    0.375749  0.00169714
          16    0.364824    0.375066  0.00172814
          17    0.361592    0.374274  0.00180648
          18    0.372385    0.374169  0.00170639
          19    0.371463    0.374026  0.00162036
          20    0.366875    0.373669  0.00157825
          21    0.372515    0.373614  0.00150222
          22    0.372926    0.373582  0.00143265
          23    0.383126    0.373997  0.00143045
          24    0.382113    0.374336  0.00141068
          25    0.365267    0.373973  0.00140086
          26    0.361824    0.373506   0.0014247
          27     0.36212    0.373084   0.0014343
          28     0.36476    0.372787  0.00141374
          29    0.374261    0.372837  0.00136506
          30    0.376484    0.372959  0.00132437
           1    0.370699    0.370699           0
           2    0.370044    0.370371 0.000327693
           3    0.373145    0.371296 0.000943637
           4    0.376786    0.372668  0.00152612
           5    0.363694    0.370874  0.00214914
           6    0.365815     0.37003  0.00194683
           7    0.357118    0.368186  0.00247185
           8    0.363744    0.367631  0.00221151
           9    0.368053    0.367678  0.00195094
          10    0.369107    0.367821  0.00175081
          11    0.369468     0.36797  0.00159074
          12    0.374052    0.368477  0.00153804
          13    0.356334    0.367543  0.00169534
          14    0.364546    0.367329  0.00158411
          15    0.361596    0.366947  0.00152345
          16    0.380683    0.367805  0.00166368
          17    0.361399    0.367428  0.00160755
          18    0.360535    0.367046  0.00156325
          19    0.356054    0.366467  0.00158781
          20    0.361876    0.366237  0.00152372
          21    0.357256     0.36581  0.00151113
          22    0.371086     0.36605  0.00146064
          23      0.3608    0.365821  0.00141422
          24    0.358225    0.365505  0.00139052
          25     0.36889     0.36564   0.0013406
          26    0.365791    0.365646  0.00128802
          27    0.360746    0.365465  0.00125261
          28    0.355571    0.365111   0.0012577
          29    0.361459    0.364985  0.00122008
          30    0.367159    0.365058  0.00118093
           1    0.359185    0.359185           0
           2    0.360607    0.359896  0.00071105
           3    0.367501    0.362431   0.0025681
           4     0.35926    0.361639  0.00198142
           5    0.354843    0.360279   0.0020501
           6    0.354067    0.359244  0.00196824
           7    0.357932    0.359057    0.001674
           8    0.357944    0.358918  0.00145638
           9    0.358003    0.358816  0.00128841
          10    0.359655      0.3589  0.00115544
          11    0.352795    0.358345  0.00118335
          12    0.352846    0.357887  0.00117343
          13    0.353075    0.357517  0.00114109
          14    0.344936    0.356618  0.00138694
          15    0.358159    0.356721  0.00129525
          16    0.364567    0.357211  0.00130709
          17     0.35096    0.356843  0.00128167
          18    0.361815     0.35712  0.00123953
          19    0.360988    0.357323  0.00119003
          20    0.354387    0.357176  0.00113846
          21    0.367357    0.357661  0.00118647
          22    0.369046    0.358179    0.001244
          23    0.355888    0.358079  0.00119285
          24    0.357704    0.358064  0.00114218
          25    0.347767    0.357652   0.0011704
          26    0.358163    0.357671  0.00112466
          27    0.353782    0.357527  0.00109175
          28    0.347158    0.357157  0.00111532
          29    0.367679     0.35752  0.00113569
          30    0.361547    0.357654  0.00110536
           1    0.342297    0.342297           0
           2    0.348502      0.3454  0.00310247
           3    0.345202    0.345334  0.00179242
           4    0.353083    0.347271  0.00231504
           5    0.335572    0.344931  0.00294794
           6    0.348017    0.345446   0.0024613
           7     0.34304    0.345102  0.00210839
           8    0.357034    0.346593   0.0023577
           9    0.357002     0.34775  0.00237928
          10    0.351959    0.348171  0.00216932
          11    0.352345     0.34855  0.00199858
          12     0.35295    0.348917  0.00186092
          13    0.350468    0.349036  0.00171595
          14    0.345575    0.348789  0.00160778
          15    0.350721    0.348918  0.00150229
          16    0.343344    0.348569   0.0014478
          17    0.350342    0.348674  0.00136396
          18    0.345561    0.348501  0.00129753
          19    0.361447    0.349182  0.00140378
          20    0.353865    0.349416  0.00135217
          21    0.349274     0.34941  0.00128619
          22    0.346511    0.349278  0.00123339
          23    0.345774    0.349125  0.00118836
          24    0.353771    0.349319  0.00115412
          25    0.348197    0.349274   0.0011079
          26    0.349836    0.349296  0.00106465
          27    0.347344    0.349223  0.00102701
          28    0.349307    0.349226 0.000989657
          29    0.360614    0.349619  0.00103251
          30    0.349765    0.349624 0.000997512
           1    0.338926    0.338926           0
           2    0.336224    0.337575  0.00135062
           3    0.340193    0.338448  0.00117032
           4    0.336873    0.338054 0.000916425
           5    0.331277    0.336699  0.00153001
           6    0.342161    0.337609  0.00154577
           7    0.334923    0.337225   0.0013616
           8    0.353015    0.339199  0.00229911
           9    0.343807    0.339711  0.00209126
          10    0.350756    0.340816  0.00217224
          11    0.352915    0.341915   0.0022518
          12    0.343373    0.342037  0.00205919
          13    0.338568     0.34177  0.00191288
          14    0.348456    0.342248  0.00183425
          15    0.344985     0.34243  0.00171732
          16    0.347204    0.342729  0.00163388
          17    0.350319    0.343175   0.0015984
          18    0.351446    0.343635  0.00157548
          19    0.346172    0.343768  0.00149623
          20     0.33949    0.343554  0.00143548
          21    0.339573    0.343365  0.00137851
          22    0.345526    0.343463  0.00131803
          23    0.341799    0.343391  0.00126149
          24    0.355568    0.343898  0.00131004
          25    0.340646    0.343768  0.00126326
          26    0.340944    0.343659  0.00121855
          27    0.341115    0.343565  0.00117633
          28    0.339091    0.343405  0.00114475
          29    0.342641    0.343379  0.00110488
          30    0.338321     0.34321  0.00108065
           1    0.337995    0.337995           0
           2    0.343763    0.340879  0.00288389
           3    0.323247    0.335002   0.0061087
           4    0.339603    0.336152  0.00447003
           5    0.331125    0.335146  0.00360551
           6    0.333563    0.334883  0.00295569
           7    0.328745    0.334006  0.00264744
           8    0.338726    0.334596  0.00236745
           9    0.336573    0.334815  0.00209942
          10    0.329211    0.334255  0.00195964
          11    0.341232    0.334889  0.00188264
          12    0.334766    0.334879  0.00171864
          13    0.339689    0.335249  0.00162364
          14    0.338525    0.335483  0.00152131
          15    0.337815    0.335638  0.00142477
          16    0.332784     0.33546  0.00134463
          17    0.320371    0.334573  0.00154374
          18    0.337839    0.334754  0.00146673
          19    0.335775    0.334808  0.00138842
          20    0.331973    0.334666  0.00132478
          21    0.345144    0.335165  0.00135529
          22    0.336476    0.335225   0.0012936
          23     0.33354    0.335151  0.00123824
          24    0.339204     0.33532  0.00119749
          25    0.328653    0.335054  0.00117915
          26    0.331045    0.334899  0.00114333
          27    0.327943    0.334642  0.00112993
          28    0.331403    0.334526  0.00109496
          29     0.34113    0.334754  0.00108078
          30    0.335613    0.334782  0.00104453
           1    0.324424    0.324424           0
           2    0.325697    0.325061 0.000636583
           3    0.326773    0.325632 0.000678892
           4    0.328313    0.326302 0.000824428
           5    0.327782    0.326598 0.000703911
           6    0.331512    0.327417  0.00100048
           7    0.329187     0.32767 0.000882568
           8    0.325749     0.32743  0.00080114
           9    0.334776    0.328246   0.0010796
          10    0.331488     0.32857   0.0010186
          11    0.330913    0.328783 0.000945648
          12    0.325328    0.328495 0.000909998
          13    0.324058    0.328154 0.000903984
          14    0.325161     0.32794 0.000863797
          15    0.330616    0.328119 0.000823693
          16    0.321815    0.327725  0.00086539
          17    0.331628    0.327954 0.000844694
          18    0.331767    0.328166 0.000824076
          19    0.334495    0.328499 0.000847692
          20    0.331376    0.328643 0.000816956
          21    0.333178    0.328859 0.000806533
          22    0.337849    0.329268 0.000870839
          23    0.339354    0.329706 0.000940605
          24    0.334592     0.32991 0.000923286
          25    0.321852    0.329587 0.000942413
          26    0.313099    0.328953  0.00110543
          27    0.335715    0.329204  0.00109279
          28     0.32571    0.329079   0.0010604
          29    0.327551    0.329026  0.00102454
          30    0.325008    0.328892 0.000998822
           1     0.32982     0.32982           0
           2    0.331569    0.330694  0.00087435
           3    0.317476    0.326288  0.00443491
           4     0.31852    0.324346  0.00368859
           5     0.33274    0.326025   0.0033139
           6    0.318889    0.324836  0.00295565
           7    0.328361    0.325339  0.00254825
           8    0.319259    0.324579  0.00233408
           9    0.318371    0.323889  0.00217097
          10    0.322786    0.323779  0.00194491
          11    0.315791    0.323053  0.00190323
          12    0.324986    0.323214  0.00174486
          13    0.325567    0.323395  0.00161521
          14    0.325101    0.323517  0.00150035
          15    0.321321     0.32337   0.0014044
          16    0.329987    0.323784  0.00137724
          17    0.317847    0.323435     0.00134
          18    0.328018    0.323689  0.00128876
          19    0.323124     0.32366  0.00121941
          20    0.328569    0.323905  0.00118259
          21    0.321694      0.3238  0.00112978
          22    0.319638    0.323611  0.00109369
          23    0.326115    0.323719  0.00105071
          24    0.318151    0.323487  0.00103239
          25     0.31178    0.323019  0.00109539
          26     0.31966     0.32289  0.00106031
          27    0.326316    0.323017  0.00102815
          28    0.328514    0.323213  0.00101002
          29    0.320041    0.323104 0.000980684
          30    0.332477    0.323416 0.000997621
           1    0.310988    0.310988           0
           2    0.321556    0.316272  0.00528413
           3    0.316955      0.3165  0.00305929
           4    0.305097    0.313649  0.00357852
           5    0.306317    0.312182  0.00313592
           6    0.315671    0.312764  0.00262564
           7    0.315827    0.313201   0.0022618
           8    0.316108    0.313565   0.0019922
           9    0.324212    0.314748  0.00211812
          10     0.31343    0.314616  0.00189908
          11    0.315094     0.31466  0.00171833
          12    0.312074    0.314444  0.00158334
          13    0.315694     0.31454  0.00145963
          14     0.32527    0.315307  0.00155355
          15     0.31477    0.315271  0.00144672
          16    0.321891    0.315685  0.00141512
          17    0.320579    0.315972  0.00136009
          18     0.31183    0.315742   0.0013028
          19    0.320987    0.316018  0.00126286
          20    0.310859     0.31576  0.00122552
          21    0.319462    0.315937  0.00117895
          22    0.312431    0.315777  0.00113532
          23    0.308188    0.315447  0.00113391
          24    0.313274    0.315357  0.00108941
          25    0.312085    0.315226  0.00105309
          26    0.327132    0.315684  0.00111058
          27      0.3219    0.315914  0.00109318
          28    0.321899    0.316128  0.00107488
          29    0.320854    0.316291  0.00104988
          30      0.3169    0.316311  0.00101448
           1    0.313138    0.313138           0
           2    0.310453    0.311795  0.00134281
           3    0.305263    0.309618  0.00231126
           4    0.304735    0.308397  0.00203988
           5    0.309801    0.308678  0.00160484
           6    0.306053    0.308241  0.00138146
           7     0.30314    0.307512  0.00137623
           8     0.30403    0.307077  0.00126884
           9    0.310057    0.307408  0.00116698
          10    0.309493    0.307616  0.00106439
          11    0.308639    0.307709  0.00096726
          12    0.309985    0.307899 0.000903121
          13    0.305199    0.307691 0.000856316
          14    0.305586    0.307541 0.000806928
          15    0.310389    0.307731 0.000774832
          16    0.308869    0.307802 0.000728274
          17    0.301534    0.307433 0.000777129
          18     0.31001    0.307577 0.000746541
          19     0.31447    0.307939 0.000793913
          20    0.315704    0.308328 0.000847341
          21    0.304381     0.30814 0.000827604
          22     0.30799    0.308133 0.000789119
          23    0.314416    0.308406 0.000801989
          24    0.311032    0.308515 0.000775603
          25     0.31059    0.308598 0.000748546
          26    0.309644    0.308639 0.000720304
          27     0.30135    0.308369 0.000743829
          28     0.31402     0.30857 0.000744645
          29    0.308721    0.308576 0.000718527
          30     0.30475    0.308448 0.000705782
           1    0.305062    0.305062           0
           2    0.306524    0.305793 0.000730925
           3    0.302568    0.304718  0.00115489
           4    0.302917    0.304267 0.000932491
           5    0.303631     0.30414 0.000733441
           6    0.303332    0.304005 0.000613809
           7    0.304746    0.304111 0.000529438
           8    0.299503    0.303535 0.000736197
           9    0.299284    0.303063 0.000802942
          10    0.297512    0.302508 0.000907682
          11    0.308627    0.303064 0.000991739
          12     0.30027    0.302831 0.000934791
          13    0.299884    0.302604 0.000889271
          14    0.298088    0.302282 0.000884246
          15    0.303353    0.302353 0.000826277
          16    0.312544     0.30299  0.00100152
          17    0.307956    0.303282 0.000985073
          18    0.310421    0.303679  0.00100987
          19    0.310158     0.30402  0.00101429
          20    0.299155    0.303777 0.000992505
          21    0.305091    0.303839 0.000946133
          22    0.301521    0.303734 0.000908238
          23    0.299571    0.303553 0.000886525
          24    0.303979    0.303571 0.000848969
          25    0.297592    0.303331 0.000848695
          26    0.301734     0.30327 0.000817711
          27    0.313152    0.303636 0.000867795
          28    0.301977    0.303577 0.000838325
          29    0.300165    0.303459 0.000817412
          30     0.29813    0.303281 0.000809426
           1    0.302868    0.302868           0
           2    0.300408    0.301638  0.00123009
           3     0.29571    0.299662  0.00209964
           4    0.299972     0.29974  0.00148669
           5    0.298822    0.299556  0.00116612
           6    0.299423    0.299534 0.000952391
           7    0.293654    0.298694  0.00116336
           8     0.29672    0.298447  0.00103726
           9    0.301161    0.298749 0.000963188
          10    0.291263       0.298  0.00114128
          11    0.301438    0.298313  0.00107858
          12    0.302862    0.298692  0.00105508
          13    0.302176     0.29896  0.00100686
          14    0.293008    0.298535  0.00102455
          15      0.3003    0.298652 0.000961036
          16    0.304569    0.299022 0.000972056
          17    0.286163    0.298266  0.00118569
          18    0.300984    0.298417  0.00112804
          19     0.30016    0.298509  0.00107095
          20    0.285017    0.297834  0.00121956
          21     0.30281    0.298071  0.00118399
          22    0.290745    0.297738  0.00117697
          23    0.296725    0.297694   0.0011255
          24    0.301354    0.297846  0.00108832
          25    0.298587    0.297876   0.0010443
          26    0.293814     0.29772  0.00101542
          27    0.299186    0.297774 0.000978599
          28    0.293852    0.297634 0.000953346
          29    0.300233    0.297724 0.000924239
          30    0.290773    0.297492  0.00092247
           1    0.289924    0.289924           0
           2    0.289065    0.289495 0.000429276
           3    0.283072    0.287354  0.00215517
           4    0.286127    0.287047  0.00155448
           5    0.291126    0.287863   0.0014544
           6    0.290354    0.288278    0.001258
           7     0.28109    0.287251  0.00147816
           8    0.287975    0.287342  0.00128332
           9    0.282434    0.286796   0.0012563
          10    0.295939    0.287711  0.00144865
          11    0.287186    0.287663  0.00131122
          12    0.285929    0.287518  0.00120567
          13    0.289307    0.287656  0.00111756
          14    0.298889    0.288458  0.00130933
          15    0.289877    0.288553  0.00122258
          16    0.286221    0.288407  0.00115287
          17    0.293703    0.288719  0.00112684
          18    0.297076    0.289183  0.00115941
          19    0.293901    0.289431  0.00112446
          20    0.294363    0.289678  0.00109488
          21    0.297875    0.290068  0.00111219
          22    0.289129    0.290026  0.00106129
          23    0.287963    0.289936  0.00101805
          24     0.28542    0.289748 0.000992706
          25    0.295353    0.289972 0.000978209
          26    0.295915    0.290201 0.000967233
          27    0.284571    0.289992 0.000953789
          28    0.287281    0.289895  0.00092418
          29    0.293674    0.290026 0.000901215
          30    0.284661    0.289847  0.00088883
           1    0.285675    0.285675           0
           2    0.281986     0.28383   0.0018448
           3    0.293531    0.287064  0.00340439
           4    0.285194    0.286596  0.00245226
           5    0.288647    0.287007   0.0019433
           6    0.280761    0.285966  0.00189765
           7    0.289132    0.286418  0.00166637
           8    0.287657    0.286573  0.00145141
           9    0.282937    0.286169  0.00134227
          10    0.286592    0.286211  0.00120131
          11    0.291126    0.286658  0.00117489
          12     0.28169    0.286244  0.00114964
          13    0.287575    0.286346  0.00106246
          14    0.275329    0.285559  0.00125972
          15    0.280405    0.285216  0.00122205
          16    0.285263    0.285219  0.00114312
          17    0.282351     0.28505  0.00108695
          18    0.279738    0.284755  0.00106643
          19    0.282698    0.284647  0.00101453
          20    0.281159    0.284472 0.000978137
          21    0.293018    0.284879   0.0010155
          22    0.274455    0.284405  0.00107796
          23    0.283992    0.284387  0.00103019
          24    0.287271    0.284508 0.000993621
          25    0.284892    0.284523 0.000953172
          26    0.281512    0.284407  0.00092307
          27    0.286466    0.284483 0.000891492
          28    0.280624    0.284346  0.00087005
          29    0.301216    0.284927  0.00102137
          30     0.28828    0.285039 0.000993049
           1    0.279437    0.279437           0
           2    0.282817    0.281127  0.00168997
           3    0.278263    0.280173  0.00136524
           4     0.27917    0.279922 0.000997347
           5    0.281512     0.28024 0.000835453
           6    0.276235    0.279573 0.000954412
           7    0.277204    0.279234   0.0008747
           8    0.278455    0.279137 0.000763744
           9    0.271325    0.278269  0.00109863
          10    0.273511    0.277793  0.00109177
          11    0.281141    0.278098  0.00103338
          12    0.276901    0.277998 0.000948603
          13    0.274687    0.277743 0.000908999
          14    0.280331    0.277928 0.000861633
          15    0.282816    0.278254 0.000865812
          16    0.277507    0.278207 0.000811236
          17    0.273483    0.277929 0.000811105
          18    0.275842    0.277813 0.000773461
          19    0.283872    0.278132 0.000798089
          20    0.281101    0.278281 0.000771546
          21    0.277043    0.278222 0.000736248
          22    0.282531    0.278418 0.000728799
          23    0.276894    0.278351 0.000699534
          24    0.270759    0.278035 0.000740704
          25    0.279417     0.27809 0.000712607
          26     0.27968    0.278151 0.000687376
          27    0.277271    0.278119 0.000662232
          28    0.277829    0.278108 0.000638227
          29    0.273425    0.277947  0.00063665
          30    0.283099    0.278119 0.000638592
           1    0.277623    0.277623           0
           2    0.267838    0.272731  0.00489256
           3    0.274415    0.273292  0.00287997
           4     0.27004    0.272479  0.00219278
           5     0.27167    0.272317  0.00170621
           6    0.269084    0.271778  0.00149372
           7    0.271535    0.271744   0.0012629
           8    0.270562    0.271596  0.00110364
           9     0.27288    0.271739 0.000983728
          10    0.281464    0.272711  0.00131149
          11    0.275313    0.272948  0.00120963
          12    0.276733    0.273263   0.0011484
          13    0.273365    0.273271   0.0010564
          14    0.272147    0.273191 0.000981331
          15     0.26365    0.272555  0.00111319
          16    0.271688      0.2725   0.0010427
          17    0.269709    0.272336 0.000993116
          18    0.266877    0.272033 0.000984209
          19    0.272738     0.27207 0.000931708
          20    0.278087    0.272371 0.000933689
          21    0.275613    0.272525 0.000901436
          22    0.269944    0.272408 0.000867456
          23    0.271439    0.272366 0.000829952
          24    0.269236    0.272235 0.000805252
          25    0.271797    0.272218 0.000772569
          26    0.270678    0.272159  0.00074462
          27    0.270308     0.27209 0.000719783
          28    0.274133    0.272163 0.000697428
          29    0.265518    0.271934  0.00071089
          30    0.275076    0.272039 0.000694725
           1     0.26716     0.26716           0
           2    0.261896    0.264528  0.00263189
           3    0.267459    0.265505  0.00180661
           4     0.26947    0.266496  0.00161695
           5    0.269023    0.267002  0.00135064
           6    0.264089    0.266516  0.00120487
           7    0.261383    0.265783  0.00125487
           8    0.272429    0.266614   0.0013679
           9    0.260356    0.265918  0.00139241
          10    0.273487    0.266675  0.00145736
          11    0.264977    0.266521  0.00132724
          12    0.265367    0.266425  0.00121541
          13    0.267171    0.266482  0.00111949
          14    0.268297    0.266612  0.00104452
          15    0.268789    0.266757 0.000983167
          16     0.26511    0.266654 0.000925413
          17    0.265039    0.266559 0.000874447
          18    0.272109    0.266867  0.00088021
          19    0.268561    0.266956 0.000837351
          20    0.267083    0.266963 0.000794406
          21    0.268308    0.267027  0.00075834
          22    0.268092    0.267075  0.00072467
          23    0.262394    0.266872 0.000721745
          24    0.267379    0.266893 0.000691341
          25    0.274979    0.267216 0.000737791
          26    0.272242     0.26741 0.000734729
          27    0.268493     0.26745 0.000708132
          28    0.268483    0.267487 0.000683371
          29     0.26421    0.267374 0.000668995
          30    0.268411    0.267408 0.000647235
           1    0.263027    0.263027           0
           2    0.260018    0.261522  0.00150444
           3    0.255634     0.25956  0.00214629
           4    0.267406    0.261521  0.00248014
           5    0.258574    0.260932  0.00200951
           6    0.259982    0.260774  0.00164837
           7    0.263989    0.261233   0.0014669
           8    0.261761    0.261299  0.00127209
           9    0.260302    0.261188  0.00112733
          10    0.258025    0.260872  0.00105678
          11    0.258558    0.260661 0.000978769
          12    0.263254    0.260877 0.000919247
          13    0.255228    0.260443 0.000950734
          14    0.264046      0.2607 0.000917068
          15    0.257766    0.260505 0.000875865
          16     0.26317    0.260671 0.000836056
          17    0.265362    0.260947 0.000832395
          18    0.261346    0.260969 0.000785102
          19    0.262125     0.26103 0.000745119
          20    0.262027     0.26108 0.000708637
          21    0.262668    0.261156 0.000678274
          22    0.259025    0.261059 0.000653923
          23    0.261847    0.261093 0.000625784
          24    0.265057    0.261258 0.000621498
          25    0.257539    0.261109 0.000614399
          26      0.2625    0.261163 0.000592712
          27    0.268338    0.261429 0.000629215
          28    0.262466    0.261466 0.000607459
          29     0.26505    0.261589 0.000599026
          30     0.26737    0.261782 0.000609946
           1    0.257189    0.257189           0
           2    0.257376    0.257283 9.36245e-05
           3    0.259112    0.257892 0.000612276
           4    0.265092    0.259692   0.0018513
           5    0.255827    0.258919  0.00162913
           6    0.251168    0.257627   0.0018543
           7    0.252224    0.256855  0.00174699
           8    0.249587    0.255947  0.00176478
           9    0.253901     0.25572   0.0015729
          10    0.259608    0.256108  0.00145958
          11    0.250137    0.255566  0.00142747
          12    0.251875    0.255258   0.0013389
          13    0.259531    0.255587  0.00127472
          14    0.257716    0.255739  0.00118992
          15    0.252701    0.255536  0.00112611
          16    0.256823    0.255617  0.00105645
          17    0.255793    0.255627 0.000992415
          18    0.257614    0.255738 0.000942146
          19    0.256082    0.255756 0.000891366
          20    0.253479    0.255642 0.000853249
          21     0.25279    0.255506 0.000822884
          22    0.252651    0.255376 0.000795248
          23    0.261553    0.255645 0.000805945
          24    0.254798     0.25561  0.00077244
          25    0.251517    0.255446 0.000758769
          26    0.259737    0.255611 0.000747451
          27    0.253695     0.25554 0.000722726
          28    0.255067    0.255523 0.000696641
          29    0.258931    0.255641 0.000682382
          30    0.258031     0.25572 0.000664043
           1    0.251548    0.251548           0
           2    0.253149    0.252349 0.000800475
           3    0.254081    0.252926   0.0007397
           4    0.254239    0.253254 0.000617507
           5    0.254968    0.253597  0.00058841
           6    0.248145    0.252688  0.00102784
           7    0.250148    0.252325 0.000941465
           8    0.249574    0.251982 0.000884913
           9    0.252065    0.251991 0.000780475
          10    0.254024    0.252194 0.000727091
          11     0.24913    0.251916 0.000714237
          12    0.250796    0.251822  0.00065865
          13    0.244982    0.251296 0.000802473
          14    0.248558      0.2511 0.000768247
          15    0.252087    0.251166 0.000718217
          16    0.250204    0.251106 0.000674515
          17    0.253885     0.25127 0.000654341
          18    0.253854    0.251413 0.000633412
          19    0.251844    0.251436 0.000599578
          20    0.254171    0.251573 0.000585015
          21    0.254279    0.251702 0.000571193
          22    0.246318    0.251457 0.000597067
          23    0.256042    0.251656 0.000604346
          24    0.248641    0.251531 0.000592097
          25    0.251061    0.251512  0.00056823
          26    0.249198    0.251423 0.000553146
          27    0.253199    0.251489 0.000536315
          28    0.256961    0.251684 0.000552534
          29    0.246154    0.251493 0.000566218
          30    0.250409    0.251457 0.000548212
           1    0.246854    0.246854           0
           2    0.246226     0.24654 0.000313919
           3    0.243969    0.245683   0.0008758
           4     0.24535      0.2456 0.000624859
           5     0.24066    0.244612  0.00110015
           6    0.248161    0.245203   0.0010755
           7    0.246955    0.245454  0.00094278
           8    0.247669     0.24573 0.000862145
           9    0.248107    0.245995 0.000804886
          10    0.245402    0.245935 0.000722348
          11    0.245855    0.245928 0.000653429
          12    0.249408    0.246218 0.000663275
          13    0.247057    0.246283 0.000613526
          14    0.240964    0.245903 0.000683347
          15    0.245622    0.245884 0.000636437
          16    0.248133    0.246024 0.000611698
          17    0.246791     0.24607 0.000576358
          18    0.236483    0.245537 0.000760876
          19    0.249846    0.245764 0.000754598
          20    0.248903    0.245921 0.000732878
          21    0.256554    0.246427 0.000861608
          22    0.239275    0.246102 0.000883491
          23    0.239985    0.245836 0.000885103
          24    0.247221    0.245894 0.000849383
          25    0.245604    0.245882 0.000814782
          26    0.244343    0.245823 0.000785052
          27    0.254152    0.246131 0.000815973
          28    0.239242    0.245885 0.000823893
          29     0.24851    0.245976 0.000800112
          30    0.245779    0.245969 0.000773009
           1    0.237114    0.237114           0
           2    0.239508    0.238311  0.00119701
           3    0.243017     0.23988  0.00171421
           4    0.238364    0.239501     0.00127
           5    0.238035    0.239208  0.00102651
           6    0.241096    0.239522  0.00089527
           7    0.241018    0.239736  0.00078623
           8    0.238444    0.239575 0.000699785
           9    0.237292    0.239321 0.000667236
          10    0.243478    0.239737 0.000727299
          11    0.240154    0.239775 0.000658961
          12    0.239491    0.239751 0.000602011
          13    0.240462    0.239806 0.000556467
          14    0.236481    0.239568   0.0005673
          15    0.238976    0.239529 0.000529601
          16    0.243478    0.239775 0.000553491
          17    0.244814    0.240072 0.000598458
          18    0.243009    0.240235 0.000587349
          19     0.23988    0.240216 0.000555891
          20    0.244786    0.240445 0.000574726
          21    0.238917    0.240372 0.000551496
          22    0.233252    0.240048 0.000617435
          23    0.235412    0.239847  0.00062347
          24    0.243423    0.239996 0.000615248
          25    0.241754    0.240066 0.000594302
          26    0.245452    0.240273 0.000607398
          27    0.239821    0.240257 0.000584709
          28    0.237498    0.240158 0.000571988
          29    0.242203    0.240229   0.0005564
          30    0.243502    0.240338 0.000548494
           1    0.230094    0.230094           0
           2    0.239416    0.234755  0.00466093
           3    0.238953    0.236154  0.00303309
           4    0.232095    0.235139  0.00237269
           5    0.232033    0.234518  0.00194004
           6    0.235754    0.234724  0.00159738
           7    0.236391    0.234962  0.00137089
           8    0.239151    0.235486  0.00129755
           9    0.237669    0.235728  0.00116977
          10    0.235555    0.235711  0.00104642
          11    0.232803    0.235447 0.000982737
          12    0.234279    0.235349 0.000902373
          13    0.236376    0.235428 0.000833813
          14    0.235233    0.235414 0.000772087
          15    0.234111    0.235328 0.000724004
          16    0.237643    0.235472 0.000692536
          17     0.24011    0.235745 0.000705418
          18    0.236548     0.23579 0.000666569
          19    0.237255    0.235867 0.000635209
          20    0.238798    0.236013  0.00062018
          21    0.235933     0.23601 0.000589922
          22    0.233594      0.2359 0.000573088
          23    0.238139    0.235997 0.000556189
          24    0.231315    0.235802 0.000567116
          25    0.233705    0.235718 0.000550389
          26    0.233347    0.235627 0.000536602
          27    0.235439     0.23562 0.000516393
          28    0.233566    0.235547 0.000502986
          29     0.23829    0.235641 0.000494466
          30     0.23857    0.235739 0.000487575
           1    0.229453    0.229453           0
           2    0.233628     0.23154  0.00208777
           3    0.226866    0.229982  0.00196989
           4    0.229447    0.229848  0.00139934
           5    0.233727    0.230624  0.00133296
           6     0.22915    0.230378  0.00111574
           7     0.22992    0.230313 0.000945237
           8    0.227054    0.229906 0.000914357
           9    0.230935     0.23002 0.000814455
          10    0.231705    0.230189 0.000747712
          11    0.231091    0.230271 0.000681283
          12    0.229784     0.23023 0.000623245
          13    0.232795    0.230427 0.000606302
          14     0.22757    0.230223 0.000597291
          15    0.234443    0.230504 0.000623149
          16    0.232908    0.230655 0.000601951
          17    0.237522    0.231059 0.000694904
          18    0.228848    0.230936 0.000666573
          19     0.23091    0.230935 0.000630517
          20    0.225551    0.230665 0.000655936
          21    0.232815    0.230768 0.000632257
          22    0.235414    0.230979 0.000638765
          23    0.234709    0.231141 0.000631537
          24    0.231997    0.231177 0.000605703
          25    0.231646    0.231195 0.000581272
          26    0.231041     0.23119   0.0005585
          27    0.220506    0.230794  0.00066738
          28    0.228687    0.230719 0.000647492
          29    0.235802    0.230894 0.000648887
          30    0.235216    0.231038 0.000643224
           1    0.226817    0.226817           0
           2    0.228802    0.227809 0.000992523
           3    0.227345    0.227654 0.000593557
           4    0.227787    0.227687 0.000421012
           5    0.225052     0.22716 0.000619881
           6    0.226603    0.227067 0.000514584
           7    0.223187    0.226513 0.000704596
           8    0.230986    0.227072 0.000827658
           9    0.227929    0.227167 0.000736111
          10    0.225409    0.226992 0.000681477
          11    0.225025    0.226813 0.000641818
          12    0.225122    0.226672   0.0006026
          13    0.226856    0.226686 0.000554493
          14    0.223078    0.226428 0.000574412
          15    0.226957    0.226464  0.00053591
          16    0.223852      0.2263 0.000527205
          17     0.22915    0.226468 0.000522818
          18    0.223955    0.226328 0.000512304
          19    0.228021    0.226417 0.000492709
          20    0.226028    0.226398  0.00046783
          21    0.221502    0.226165 0.000502372
          22    0.222807    0.226012 0.000502727
          23    0.221893    0.225833 0.000512667
          24    0.224357    0.225772 0.000494679
          25    0.224507    0.225721 0.000477169
          26    0.228165    0.225815 0.000467989
          27    0.230019    0.225971 0.000476485
          28    0.228212    0.226051 0.000466077
          29    0.224334    0.225992 0.000453597
          30    0.229477    0.226108  0.00045336
           1    0.223082    0.223082           0
           2    0.217593    0.220338  0.00274433
           3    0.222654     0.22111  0.00176252
           4    0.226708    0.222509  0.00187408
           5    0.220034    0.222014  0.00153378
           6     0.22303    0.222183  0.00126371
           7    0.223108    0.222316  0.00107618
           8     0.22606    0.222784  0.00104292
           9    0.220492    0.222529 0.000954368
          10    0.226121    0.222888 0.000926127
          11    0.221329    0.222746  0.00084962
          12    0.218362    0.222381 0.000857332
          13    0.218454    0.222079   0.0008445
          14    0.223494     0.22218 0.000788358
          15    0.226717    0.222483 0.000793795
          16    0.223358    0.222537 0.000744541
          17    0.222843    0.222555 0.000699605
          18    0.221617    0.222503 0.000661649
          19    0.221705    0.222461 0.000627264
          20    0.220551    0.222366 0.000602693
          21    0.225175    0.222499 0.000588674
          22     0.22673    0.222692 0.000593312
          23    0.223818    0.222741 0.000569042
          24    0.215824    0.222452 0.000616337
          25    0.221592    0.222418  0.00059217
          26    0.222099    0.222406  0.00056907
          27    0.224122    0.222469 0.000551267
          28    0.219105    0.222349 0.000544633
          29    0.223795    0.222399 0.000527875
          30    0.224854    0.222481 0.000516502
           1     0.21973     0.21973           0
           2    0.219199    0.219464 0.000265319
           3    0.219341    0.219423 0.000158634
           4    0.221032    0.219825 0.000417506
           5    0.210071    0.217874  0.00197753
           6    0.217619    0.217832  0.00161521
           7    0.220606    0.218228  0.00142145
           8    0.219712    0.218413   0.0012449
           9    0.212884    0.217799   0.0012581
          10    0.216496    0.217669  0.00113279
          11    0.220368    0.217914  0.00105361
          12    0.217237    0.217858 0.000963465
          13    0.217418    0.217824 0.000886905
          14    0.217766     0.21782 0.000821125
          15    0.216012    0.217699 0.000773866
          16    0.219621    0.217819 0.000733781
          17    0.220371    0.217969 0.000705422
          18    0.220076    0.218087 0.000675298
          19    0.216842    0.218021 0.000642119
          20    0.216987    0.217969 0.000611355
          21    0.216643    0.217906 0.000584937
          22    0.217813    0.217902 0.000557732
          23    0.217077    0.217866 0.000534137
          24    0.215691    0.217775 0.000519368
          25    0.216719    0.217733 0.000499948
          26    0.214696    0.217616 0.000494337
          27    0.217313    0.217605 0.000475809
          28    0.218204    0.217626    0.000459
          29    0.216638    0.217592 0.000444199
          30    0.219542    0.217657 0.000434029
           1    0.210174    0.210174           0
           2    0.209606     0.20989 0.000284135
           3    0.213484    0.211088  0.00120913
           4    0.210838    0.211026 0.000857278
           5    0.208746     0.21057 0.000805428
           6    0.207151        0.21 0.000870085
           7    0.211355    0.210194 0.000760398
           8    0.208666    0.210003 0.000685658
           9    0.213385    0.210378 0.000711992
          10    0.215595      0.2109 0.000823215
          11    0.211336     0.21094 0.000745681
          12    0.208664     0.21075 0.000706633
          13    0.212221    0.210863 0.000659784
          14    0.219033    0.211447 0.000844782
          15    0.218103    0.211891 0.000902999
          16    0.215698    0.212129  0.00087756
          17    0.214127    0.212246 0.000832662
          18    0.212071    0.212236 0.000785101
          19    0.209071     0.21207 0.000761092
          20    0.215084     0.21222 0.000737594
          21    0.211503    0.212186 0.000702423
          22    0.216832    0.212397 0.000702235
          23    0.212505    0.212402 0.000671025
          24    0.215989    0.212552 0.000659612
          25    0.212908    0.212566 0.000632838
          26     0.21019    0.212474  0.00061484
          27    0.212555    0.212477 0.000591637
          28    0.216429    0.212619 0.000587325
          29    0.213112    0.212636 0.000566966
          30    0.216899    0.212778 0.000565878
           1    0.209625    0.209625           0
           2    0.210329    0.209977 0.000352249
           3    0.210795     0.21025  0.00034024
           4     0.20807    0.209705 0.000595609
           5    0.215264    0.210817  0.00120376
           6    0.210752    0.210806 0.000982927
           7    0.211315    0.210879 0.000833905
           8    0.204267    0.210052  0.00109758
           9    0.212624    0.210338  0.00100926
          10    0.206852    0.209989 0.000967684
          11    0.213303    0.210291 0.000925692
          12    0.210654    0.210321 0.000845579
          13    0.207785    0.210126 0.000801904
          14    0.214655    0.210449  0.00080985
          15    0.210596    0.210459 0.000753993
          16    0.211124    0.210501  0.00070652
          17     0.20985    0.210462 0.000664763
          18    0.211042    0.210495  0.00062757
          19      0.2074    0.210332 0.000615554
          20    0.211556    0.210393 0.000587164
          21    0.211615    0.210451  0.00056153
          22    0.203123    0.210118  0.00063056
          23    0.207354    0.209998 0.000614392
          24    0.210983    0.210039 0.000589666
          25    0.207632    0.209943 0.000573726
          26    0.212074    0.210025 0.000557279
          27    0.205915    0.209872  0.00055742
          28    0.209498    0.209859  0.00053731
          29    0.208015    0.209795 0.000522336
          30     0.21018    0.209808 0.000504788
           1     0.20679     0.20679           0
           2    0.206196    0.206493 0.000296778
           3     0.19956    0.204182  0.00231757
           4    0.206055     0.20465  0.00170432
           5    0.202385    0.204197   0.0013957
           6    0.212379    0.205561  0.00177709
           7    0.203581    0.205278  0.00152831
           8    0.205601    0.205318  0.00132417
           9    0.204341     0.20521  0.00117285
          10    0.200406    0.204729  0.00115378
          11    0.206397    0.204881  0.00105459
          12    0.205426    0.204926 0.000963773
          13    0.204636    0.204904 0.000886823
          14     0.20364    0.204814 0.000825986
          15    0.205188    0.204839 0.000769356
          16    0.207297    0.204992 0.000735883
          17    0.201899     0.20481 0.000714788
          18    0.204444     0.20479 0.000674217
          19    0.204202    0.204759 0.000638496
          20    0.211393    0.205091 0.000690612
          21    0.202421    0.204964 0.000669093
          22    0.206119    0.205016 0.000640114
          23    0.206923    0.205099 0.000617245
          24    0.203379    0.205028 0.000595295
          25    0.201456    0.204885  0.00058859
          26    0.202732    0.204802 0.000571529
          27    0.206458    0.204863 0.000553366
          28     0.21027    0.205056  0.00056713
          29    0.204645    0.205042 0.000547408
          30    0.206379    0.205087 0.000530719
           1    0.203362    0.203362           0
           2    0.198678     0.20102  0.00234206
           3    0.200723    0.200921  0.00135581
           4    0.200765    0.200882 0.000959487
           5     0.20207    0.201119 0.000780283
           6    0.204834    0.201739 0.000888394
           7    0.198107     0.20122  0.00091261
           8    0.204453    0.201624 0.000887685
           9    0.198307    0.201255  0.00086526
          10    0.200121    0.201142 0.000782179
          11    0.206008    0.201584 0.000834427
          12    0.202437    0.201655  0.00076503
          13    0.200921    0.201599 0.000705989
          14    0.199102    0.201421 0.000677522
          15    0.199254    0.201276 0.000647072
          16    0.203045    0.201387 0.000615296
          17    0.201258    0.201379 0.000578019
          18    0.203967    0.201523 0.000563605
          19    0.196859    0.201277 0.000586908
          20    0.204017    0.201414 0.000573391
          21    0.202454    0.201464 0.000547647
          22     0.20315    0.201541 0.000527756
          23     0.20079    0.201508 0.000505344
          24    0.202716    0.201558 0.000486441
          25    0.202311    0.201588 0.000467547
          26    0.203056    0.201645 0.000452737
          27    0.199142    0.201552 0.000445398
          28    0.197357    0.201402 0.000454595
          29     0.19632    0.201227  0.00047235
          30     0.20343      0.2013 0.000462204
           1    0.197919    0.197919           0
           2    0.198201     0.19806 0.000141078
           3    0.196374    0.197498 0.000567881
           4    0.196095    0.197147 0.000533147
           5    0.198095    0.197337 0.000454465
           6    0.197566    0.197375  0.00037303
           7    0.199587    0.197691 0.000446373
           8    0.198885     0.19784 0.000414371
           9    0.199392    0.198013 0.000404104
          10    0.196507    0.197862 0.000391543
          11     0.19521    0.197621 0.000428461
          12    0.196671    0.197542 0.000399051
          13    0.204562    0.198082 0.000652967
          14    0.200672    0.198267 0.000632206
          15    0.197457    0.198213 0.000591022
          16    0.195598    0.198049 0.000576504
          17    0.195042    0.197872 0.000569702
          18    0.200131    0.197998 0.000551581
          19    0.199398    0.198072 0.000526923
          20    0.197414    0.198039 0.000500964
          21    0.196079    0.197945 0.000485563
          22    0.195254    0.197823  0.00047886
          23     0.20093    0.197958 0.000477088
          24    0.196582    0.197901 0.000460364
          25    0.193681    0.197732 0.000472729
          26    0.202039    0.197898 0.000483453
          27    0.198217    0.197909 0.000465353
          28    0.196257     0.19785  0.00045229
          29    0.199002     0.19789 0.000438217
          30    0.196756    0.197852 0.000425041
