           1    0.909963    0.909963           0
           2    0.897107    0.903535    0.006428
           3    0.941339    0.916136   0.0131365
           4    0.940219    0.922157   0.0110694
           5    0.928056    0.923337  0.00865512
           6    0.919853    0.922756  0.00709068
           7    0.910384    0.920989  0.00624792
           8     0.84372     0.91133   0.0110709
           9    0.955488    0.916236   0.0109271
          10    0.922107    0.916823  0.00979112
          11    0.656723    0.893178   0.0252497
          12    0.946413    0.897614   0.0234727
          13    0.928115     0.89996   0.0217189
          14    0.884043    0.898823   0.0201399
          15    0.937955    0.901432   0.0189298
          16    0.950352     0.90449   0.0179693
          17     0.94804    0.907051   0.0170725
          18    0.923043     0.90794   0.0161206
          19    0.945965    0.909941   0.0153793
          20    0.849141    0.906901   0.0149035
          21    0.951312    0.909016   0.0143329
          22    0.936459    0.910263   0.0137227
          23    0.882091    0.909038   0.0131696
          24    0.750296    0.902424   0.0142384
          25    0.866059     0.90097   0.0137343
          26    0.919059    0.901665   0.0132138
          27    0.927245    0.902613   0.0127502
          28    0.924661      0.9034   0.0123116
          29    0.919888    0.903969   0.0118931
          30    0.882507    0.903253   0.0115121
           1    0.925992    0.925992           0
           2    0.799264    0.862628    0.063364
           3    0.920808    0.882021   0.0414057
           4    0.932104    0.894542   0.0318431
           5    0.713451    0.858324   0.0438196
           6    0.649003    0.823437   0.0499719
           7    0.928947     0.83851   0.0448431
           8    0.934611    0.850522   0.0406507
           9    0.891163    0.855038   0.0361338
          10    0.896515    0.859186   0.0325841
          11    0.680125    0.842907   0.0336699
          12    0.870635    0.845218    0.030823
          13    0.925085    0.851362    0.029011
          14    0.825744    0.849532   0.0269213
          15    0.796515    0.845997   0.0253103
          16    0.874331    0.847768   0.0237418
          17    0.898792     0.85077   0.0225026
          18    0.918888    0.854554   0.0215505
          19    0.745272    0.848802   0.0211806
          20    0.975141    0.855119   0.0210633
          21    0.838621    0.854334   0.0200506
          22    0.936083    0.858049   0.0194752
          23    0.915949    0.860567   0.0187787
          24    0.900371    0.862225   0.0180556
          25     0.91156    0.864199   0.0174304
          26    0.941336    0.867166   0.0170074
          27    0.744533    0.862624   0.0169839
          28    0.908795    0.864273    0.016449
          29    0.837864    0.863362   0.0158977
          30    0.774256    0.860392   0.0156432
           1    0.767555    0.767555           0
           2    0.643912    0.705733   0.0618213
           3    0.873389    0.761619   0.0663109
           4    0.842237    0.781773    0.051037
           5    0.796789    0.784777    0.039647
           6    0.812253    0.789356    0.032694
           7    0.803347    0.791355   0.0277036
           8    0.787872    0.790919    0.023996
           9    0.731309    0.784296   0.0221747
          10     0.62944     0.76881    0.025163
          11     0.83852    0.775148   0.0236266
          12    0.451648    0.748189   0.0345243
          13    0.831555    0.754602   0.0323988
          14    0.742789    0.753758   0.0300073
          15    0.643011    0.746375   0.0288945
          16    0.911509    0.756696   0.0289318
          17    0.689776     0.75276   0.0274603
          18    0.631816     0.74604   0.0267475
          19    0.950285     0.75679   0.0274896
          20    0.645555    0.751228   0.0266654
          21    0.822925    0.754643   0.0255926
          22    0.683952    0.751429   0.0246122
          23    0.727219    0.750377   0.0235414
          24    0.692131     0.74795   0.0226694
          25    0.664072    0.744595   0.0220011
          26    0.749027    0.744765   0.0211386
          27    0.855469    0.748865   0.0207498
          28    0.623528    0.744389   0.0204899
          29    0.882984    0.749168   0.0203402
          30    0.875683    0.753385   0.0200979
           1    0.714149    0.714149           0
           2    0.647043    0.680596   0.0335533
           3    0.661629    0.674274   0.0203776
           4    0.709571    0.683098   0.0168964
           5    0.563627    0.659204   0.0272439
           6    0.614896    0.651819   0.0234383
           7    0.750224    0.665877   0.0242903
           8    0.684939     0.66826   0.0211705
           9    0.827733    0.685979   0.0257404
          10    0.665379    0.683919   0.0231149
          11    0.744205      0.6894   0.0216145
          12    0.675117    0.688209   0.0197672
          13    0.826128    0.698818   0.0210518
          14    0.558093    0.688767   0.0219296
          15       0.757    0.693316    0.020916
          16    0.699373    0.693694   0.0195688
          17     0.63292    0.690119   0.0187261
          18    0.712944    0.691387   0.0177006
          19    0.761245    0.695064    0.017142
          20    0.531688    0.686895   0.0181987
          21    0.883597    0.696262   0.0196822
          22    0.498136    0.687256   0.0208152
          23    0.753968    0.690157      0.0201
          24    0.782688    0.694012   0.0196267
          25    0.643227    0.691981   0.0189346
          26    0.712549    0.692772   0.0182089
          27    0.569381    0.688202   0.0181077
          28    0.848232    0.693917   0.0183612
          29    0.826184    0.698478   0.0182944
          30    0.827403    0.702776   0.0181891
           1    0.660573    0.660573           0
           2    0.627323    0.643948   0.0166253
           3    0.609373    0.632423   0.0149986
           4    0.604824    0.625523   0.0126525
           5     0.72264    0.644947   0.0217559
           6    0.690917    0.652608   0.0193455
           7    0.748664    0.666331   0.0213452
           8    0.761336    0.678206   0.0219715
           9    0.826019     0.69463   0.0254009
          10    0.637224    0.688889   0.0234332
          11    0.789547     0.69804   0.0230871
          12    0.645997    0.693703   0.0215171
          13    0.636419    0.689297   0.0202774
          14    0.780723    0.695827   0.0198767
          15    0.665179    0.693784   0.0186166
          16    0.711917    0.694917   0.0174511
          17    0.700093    0.695222   0.0163953
          18    0.658104     0.69316   0.0155946
          19    0.689267    0.692955   0.0147524
          20    0.716624    0.694138   0.0140453
          21    0.737824    0.696218   0.0135207
          22    0.555845    0.689838   0.0143841
          23    0.791981    0.694279   0.0144442
          24    0.559117    0.688647    0.014932
          25    0.638523    0.686642   0.0144619
          26    0.532069    0.680697    0.015113
          27    0.734371    0.682685   0.0146778
          28    0.782531    0.686251   0.0145864
          29    0.744336    0.688254   0.0142163
          30    0.743027     0.69008    0.013855
           1    0.625883    0.625883           0
           2    0.617595    0.621739    0.004144
           3    0.573451    0.605643   0.0162728
           4    0.600549    0.604369   0.0115769
           5    0.539915    0.591478   0.0157032
           6    0.645584    0.600496   0.0156752
           7    0.596875    0.599979    0.013258
           8    0.709021    0.613609   0.0178218
           9    0.607035    0.612879   0.0157343
          10    0.663496     0.61794   0.0149558
          11    0.600163    0.616324   0.0136243
          12    0.647448    0.618918   0.0127047
          13    0.561499    0.614501   0.0124935
          14     0.66112    0.617831   0.0120365
          15    0.687363    0.622466   0.0121263
          16    0.527213    0.616513   0.0128105
          17    0.717323    0.622443   0.0134152
          18    0.689843    0.626187   0.0131906
          19    0.472613    0.618105   0.0148664
          20    0.603096    0.617354   0.0141234
          21    0.601547    0.616601   0.0134551
          22    0.617389    0.616637    0.012829
          23    0.651509    0.618153   0.0123519
          24    0.451328    0.611202   0.0137176
          25    0.448976    0.604713   0.0146706
          26    0.701171    0.608423   0.0145751
          27    0.691411    0.611497   0.0143578
          28    0.700504    0.614676    0.014196
          29    0.581539    0.613533   0.0137453
          30    0.512035     0.61015   0.0137034
           1    0.485387    0.485387           0
           2    0.529616    0.507501   0.0221147
           3    0.548525    0.521176   0.0187087
           4    0.609139    0.543167   0.0256632
           5    0.496216    0.533777   0.0219848
           6    0.591085    0.543328   0.0203335
           7    0.547176    0.543878   0.0171938
           8    0.602496    0.551205   0.0165954
           9      0.5382     0.54976    0.014707
          10    0.506528    0.545437   0.0138465
          11    0.655877    0.555477   0.0160521
          12    0.517621    0.552322   0.0149892
          13    0.625971    0.557987   0.0149066
          14    0.465459    0.551378   0.0153017
          15    0.644581    0.557592   0.0155413
          16    0.575488     0.55871   0.0145805
          17    0.592325    0.560688    0.013838
          18    0.559909    0.560644   0.0130467
          19    0.484731    0.556649   0.0129716
          20    0.592757    0.558454   0.0124377
          21    0.580848    0.559521   0.0118785
          22    0.579077     0.56041   0.0113606
          23    0.539573    0.559504   0.0108931
          24    0.550275    0.559119   0.0104365
          25    0.613627      0.5613    0.010245
          26    0.464741    0.557586   0.0105204
          27    0.463771    0.554111    0.010703
          28    0.594757    0.555563   0.0104153
          29    0.407939    0.550472   0.0112654
          30    0.486197     0.54833   0.0110923
           1    0.472963    0.472963           0
           2    0.625381    0.549172   0.0762093
           3    0.501661    0.533335   0.0467628
           4    0.519741    0.529937   0.0332405
           5    0.574733    0.538896   0.0272622
           6    0.313885    0.501394   0.0436104
           7    0.449131    0.493928   0.0376061
           8    0.481384     0.49236   0.0326056
           9    0.413973     0.48365   0.0300455
          10    0.516128    0.486898   0.0270691
          11    0.434704    0.482153   0.0249404
          12    0.605064    0.492396   0.0249652
          13    0.613699    0.501727    0.024788
          14    0.524696    0.503367   0.0230078
          15    0.589931    0.509138   0.0221829
          16    0.481339    0.507401   0.0208228
          17    0.694499    0.518407   0.0224434
          18    0.472205     0.51584   0.0213149
          19    0.510915    0.515581   0.0201636
          20    0.494336    0.514518   0.0191583
          21    0.497221    0.513695   0.0182418
          22    0.493717    0.512787   0.0174166
          23    0.508464    0.512599   0.0166432
          24     0.46656     0.51068   0.0160497
          25    0.568171     0.51298   0.0155651
          26    0.523549    0.513387     0.01496
          27    0.414635    0.509729   0.0148526
          28    0.458107    0.507885   0.0144306
          29    0.483216    0.507035   0.0139501
          30    0.490189    0.506473   0.0134887
           1    0.459155    0.459155           0
           2    0.366853    0.413004   0.0461507
           3    0.429613     0.41854   0.0272142
           4    0.419592    0.418803   0.0192452
           5    0.482984    0.431639   0.0196721
           6    0.581747    0.456657   0.0297303
           7    0.295872    0.433688   0.0340432
           8    0.471085    0.438363   0.0298506
           9    0.387576     0.43272   0.0269237
          10    0.445291    0.433977   0.0241141
          11    0.461949     0.43652   0.0219598
          12    0.485085    0.440567   0.0204509
          13    0.499005    0.445062   0.0193417
          14    0.458208    0.446001   0.0179315
          15    0.347029    0.439403     0.01795
          16     0.39844    0.436843   0.0169848
          17    0.405221    0.434983   0.0160625
          18    0.427933    0.434591   0.0151489
          19    0.424077    0.434038   0.0143401
          20    0.454613    0.435067   0.0136431
          21    0.432349    0.434937   0.0129778
          22    0.513115    0.438491    0.012874
          23     0.45428    0.439177   0.0123207
          24    0.488053    0.441214   0.0119706
          25    0.339376     0.43714    0.012183
          26    0.494085     0.43933   0.0119082
          27    0.526381    0.442554   0.0119036
          28    0.403923    0.441175   0.0115533
          29    0.297523    0.436221   0.0121988
          30    0.267243    0.430589    0.013062
           1    0.364456    0.364456           0
           2    0.459845    0.412151   0.0476947
           3      0.4232    0.415834   0.0277818
           4    0.370117    0.404405   0.0227275
           5    0.388139    0.401151   0.0179027
           6    0.449784    0.409257   0.0167143
           7    0.274605    0.390021   0.0238657
           8    0.254691    0.373105   0.0267084
           9    0.247997    0.359204   0.0273505
          10    0.491845    0.372468   0.0278277
          11    0.366688    0.371943   0.0251765
          12    0.389533    0.373408   0.0230296
          13    0.357915    0.372217   0.0212177
          14    0.394397    0.373801   0.0197076
          15    0.372989    0.373747   0.0183468
          16    0.443677    0.378118   0.0177097
          17    0.416907    0.380399   0.0167911
          18    0.438715    0.383639   0.0161589
          19    0.456763    0.387488   0.0157619
          20    0.370717    0.386649   0.0149765
          21    0.397227    0.387153   0.0142544
          22    0.406419    0.388028   0.0136192
          23    0.407827    0.388889   0.0130421
          24    0.448005    0.391352   0.0127274
          25    0.321635    0.388564   0.0125222
          26    0.465992    0.391542    0.012394
          27     0.39408    0.391636   0.0119265
          28    0.316232    0.388943    0.011804
          29    0.418773    0.389971   0.0114361
          30    0.450149    0.391977   0.0112289
           1    0.387965    0.387965           0
           2    0.347093    0.367529    0.020436
           3    0.468251    0.401103   0.0355866
           4    0.420243    0.405888   0.0256144
           5    0.352763    0.395263   0.0225067
           6    0.348165    0.387413   0.0199829
           7    0.373824    0.385472   0.0169999
           8    0.331947    0.378781   0.0161713
           9    0.307397     0.37085   0.0163189
          10    0.444819    0.378247   0.0163634
          11    0.252584    0.366823   0.0186971
          12    0.410059    0.370426   0.0174442
          13    0.255877    0.361614   0.0183064
          14    0.369779    0.362198   0.0169585
          15    0.427381    0.366543   0.0163746
          16    0.391216    0.368085   0.0153945
          17    0.415939      0.3709    0.014732
          18    0.346128    0.369524   0.0139575
          19    0.425701    0.372481   0.0135295
          20    0.373664     0.37254   0.0128354
          21    0.351821    0.371553   0.0122487
          22    0.367779    0.371382   0.0116799
          23    0.335557    0.369824   0.0112687
          24    0.375768    0.370072   0.0107918
          25    0.379632    0.370454   0.0103582
          26    0.373928    0.370588  0.00995273
          27    0.356237    0.370056  0.00959176
          28     0.37772     0.37033   0.0092469
          29    0.376867    0.370555  0.00892519
          30    0.379323    0.370848   0.0086275
           1    0.245357    0.245357           0
           2    0.363117    0.304237     0.05888
           3    0.278072    0.295516   0.0350954
           4    0.254531    0.285269   0.0268483
           5    0.272568    0.282729   0.0209511
           6    0.266899    0.280091   0.0173088
           7    0.310624    0.284453   0.0152651
           8    0.258837    0.281251   0.0136022
           9    0.423989    0.297111   0.0198856
          10    0.252136    0.292613   0.0183461
          11    0.322157    0.295299   0.0168106
          12    0.327261    0.297962   0.0155753
          13    0.337155    0.300977    0.014641
          14    0.400245    0.308068   0.0152974
          15    0.262027    0.304998   0.0145682
          16    0.347853    0.307677    0.013888
          17    0.355517    0.310491   0.0133456
          18    0.329779    0.311563   0.0126279
          19    0.309616     0.31146   0.0119452
          20    0.282869    0.310031    0.011422
          21    0.247496    0.307053   0.0112652
          22    0.364619    0.309669   0.0110551
          23    0.314557    0.309882   0.0105657
          24    0.362539    0.312076    0.010351
          25    0.287165    0.311079  0.00997825
          26    0.294531    0.310443   0.0096079
          27    0.314491    0.310593  0.00924642
          28    0.365819    0.312565  0.00912576
          29    0.321517    0.312874  0.00881087
          30    0.359035    0.314413  0.00865006
           1    0.307147    0.307147           0
           2    0.348411    0.327779    0.020632
           3    0.261048    0.305535   0.0252323
           4    0.351685    0.317073   0.0212473
           5    0.313856    0.316429   0.0164707
           6    0.325472    0.317936   0.0135324
           7    0.328435    0.319436   0.0115349
           8    0.300293    0.317043   0.0102721
           9    0.344488    0.320093  0.00955862
          10    0.298189    0.317902  0.00882561
          11    0.338568    0.319781  0.00820115
          12    0.334771     0.32103  0.00759008
          13    0.310579    0.320226    0.007028
          14    0.236544    0.314249  0.00883543
          15    0.354707    0.316946  0.00865627
          16    0.333797    0.317999   0.0081654
          17     0.32632    0.318489  0.00768566
          18    0.285216     0.31664  0.00747817
          19    0.403568    0.321215  0.00842427
          20    0.292253    0.319767   0.0081221
          21    0.253109    0.316593  0.00835232
          22    0.342557    0.317773   0.0080506
          23    0.325509     0.31811  0.00769997
          24    0.291555    0.317003  0.00745473
          25    0.275461    0.315342  0.00734086
          26    0.364576    0.317235  0.00730266
          27    0.292957    0.316336  0.00708429
          28    0.353603    0.317667  0.00695512
          29    0.319859    0.317743  0.00671143
          30    0.268611    0.316105   0.0066875
           1    0.285595    0.285595           0
           2    0.309763    0.297679    0.012084
           3    0.263821    0.286393   0.0132681
           4    0.276315    0.283873  0.00971441
           5    0.294227    0.285944  0.00780445
           6    0.308696    0.289736  0.00741523
           7    0.200355    0.276967   0.0142238
           8    0.257856    0.274578   0.0125477
           9    0.282963     0.27551   0.0111052
          10    0.316616    0.279621   0.0107497
          11    0.302995    0.281745  0.00995298
          12    0.249944    0.279095  0.00946439
          13     0.18892    0.272159   0.0111315
          14    0.368592    0.279047   0.0123957
          15    0.277923    0.278972     0.01154
          16    0.219157    0.275234   0.0114237
          17    0.300221    0.276703   0.0108309
          18    0.231643      0.2742   0.0105139
          19    0.275883    0.274289  0.00994553
          20    0.305371    0.275843  0.00956229
          21    0.201909    0.272322  0.00975315
          22    0.286491    0.272966  0.00932154
          23    0.298661    0.274083  0.00897683
          24    0.242771    0.272779  0.00869312
          25    0.328621    0.275012  0.00863216
          26    0.326888    0.277007  0.00853014
          27     0.25648    0.276247  0.00824326
          28    0.252432    0.275397  0.00798881
          29    0.212272     0.27322  0.00800985
          30    0.291573    0.273832   0.0077624
           1    0.176597    0.176597           0
           2    0.211971    0.194284   0.0176867
           3    0.295445    0.228004   0.0352327
           4      0.3004    0.246103   0.0307935
           5    0.168368    0.230556    0.028472
           6    0.271101    0.237314   0.0242095
           7    0.308389    0.247467   0.0228416
           8    0.232915    0.245648   0.0198649
           9    0.190112    0.239478   0.0185742
          10    0.233864    0.238916   0.0166227
          11    0.231088    0.238205   0.0150527
          12    0.260787    0.240086   0.0138694
          13    0.201653     0.23713    0.013096
          14    0.265779    0.239176   0.0122961
          15    0.170525      0.2346    0.012328
          16    0.268173    0.236698   0.0117212
          17     0.28188    0.239356   0.0113264
          18    0.202597    0.237314   0.0108721
          19    0.227768    0.236811   0.0102963
          20    0.293003    0.239621   0.0101639
          21    0.216795    0.238534  0.00972873
          22    0.279573    0.240399  0.00946169
          23    0.196259     0.23848  0.00924241
          24    0.219595    0.237693  0.00888385
          25    0.256261    0.238436   0.0085534
          26    0.218688    0.237676  0.00825286
          27    0.246277    0.237995  0.00794771
          28    0.218445    0.237297  0.00769036
          29    0.243976    0.237527  0.00742402
          30    0.258309     0.23822  0.00720566
           1    0.281853    0.281853           0
           2    0.239757    0.260805    0.021048
           3    0.175477    0.232363   0.0309299
           4    0.293685    0.247693   0.0267088
           5    0.279947    0.254144   0.0216709
           6    0.173595    0.240719   0.0222106
           7    0.265283    0.244228   0.0190966
           8    0.234768    0.243046   0.0165803
           9    0.215635        0.24   0.0149363
          10    0.286056    0.244606    0.014131
          11    0.249325    0.245035   0.0127892
          12    0.207971    0.241946   0.0120765
          13    0.217848    0.240092   0.0112624
          14     0.21012    0.237951   0.0106445
          15    0.217101    0.236561   0.0100065
          16    0.203232    0.234478   0.0095892
          17    0.261773    0.236084  0.00914946
          18    0.222259    0.235316  0.00866032
          19    0.206352    0.233791  0.00833248
          20    0.220541    0.233129  0.00793259
          21    0.242685    0.233584  0.00755911
          22    0.223904    0.233144  0.00722075
          23    0.154328    0.229717  0.00770378
          24    0.210867    0.228932  0.00741751
          25      0.2314    0.229031  0.00711531
          26    0.196328    0.227773  0.00695092
          27    0.303131    0.230564   0.0072475
          28    0.215765    0.230035  0.00700383
          29    0.226491    0.229913  0.00675911
          30    0.218331    0.229527  0.00654133
           1    0.230501    0.230501           0
           2    0.217579     0.22404  0.00646133
           3    0.236603    0.228228   0.0056082
           4    0.117808    0.200623   0.0278883
           5    0.215157     0.20353   0.0217969
           6    0.217117    0.205794   0.0179406
           7    0.185235    0.202857   0.0154444
           8    0.230227    0.206278   0.0138059
           9    0.190096     0.20448   0.0123077
          10    0.265843    0.210617    0.012603
          11    0.197059    0.209384   0.0114663
          12    0.179589    0.206901   0.0107577
          13    0.222357     0.20809  0.00996682
          14    0.226355    0.209395  0.00931925
          15    0.189587    0.208074  0.00877567
          16    0.235419    0.209783  0.00838491
          17    0.212048    0.209916  0.00787738
          18    0.190059    0.208813  0.00750835
          19    0.143696    0.205386  0.00788587
          20    0.177293    0.203981  0.00761191
          21    0.249411    0.206145  0.00755664
          22    0.214813    0.206539  0.00721574
          23    0.181976    0.205471   0.0069771
          24    0.220077    0.206079  0.00670773
          25    0.228485    0.206976  0.00649595
          26    0.162987    0.205284  0.00646637
          27    0.221549    0.205886  0.00625136
          28    0.233381    0.206868  0.00610347
          29    0.217603    0.207238  0.00590087
          30    0.228883     0.20796  0.00574626
           1    0.213627    0.213627           0
           2    0.241424    0.227525   0.0138987
           3     0.18596     0.21367   0.0160111
           4    0.168448    0.202365   0.0159998
           5    0.152248    0.192341   0.0159394
           6    0.146461    0.184695   0.0150946
           7    0.151733    0.179986   0.0135985
           8    0.175568    0.179434   0.0117896
           9    0.178765    0.179359   0.0103977
          10    0.179709    0.179394  0.00930008
          11    0.229024    0.183906  0.00954578
          12    0.196845    0.184984  0.00878052
          13    0.131712    0.180887  0.00905699
          14    0.196517    0.182003  0.00845915
          15    0.168213    0.181084  0.00792851
          16    0.225152    0.183838  0.00791136
          17    0.151851    0.181956  0.00766594
          18    0.169125    0.181244  0.00726258
          19    0.218947    0.183228  0.00715058
          20    0.232933    0.185713  0.00722456
          21    0.186333    0.185743  0.00687199
          22    0.247744    0.188561  0.00713257
          23     0.16704    0.187625  0.00687934
          24    0.219045    0.188934  0.00671532
          25    0.178293    0.188509  0.00645515
          26    0.185331    0.188387  0.00620312
          27    0.235325    0.190125  0.00621697
          28    0.166552    0.189283  0.00604968
          29    0.206736    0.189885  0.00586829
          30    0.135893    0.188085  0.00594811
           1    0.195861    0.195861           0
           2    0.169448    0.182655   0.0132067
           3    0.181512    0.182274  0.00763438
           4    0.150443    0.174316  0.00961603
           5    0.192901    0.178033  0.00832451
           6    0.192563    0.180455  0.00721543
           7    0.148037    0.175824  0.00765729
           8    0.131749    0.170314  0.00862136
           9     0.18296    0.171719  0.00773206
          10     0.13988    0.168535  0.00761349
          11    0.118109    0.163951   0.0082729
          12    0.181179    0.165387  0.00768734
          13    0.203269    0.168301  0.00764821
          14    0.199448    0.170526  0.00742216
          15    0.196139    0.172233  0.00711751
          16    0.161557    0.171566  0.00669117
          17    0.150688    0.170338  0.00640412
          18    0.187408    0.171286  0.00611189
          19    0.165827    0.170999   0.0057884
          20    0.141864    0.169542   0.0056813
          21    0.167741    0.169456  0.00540467
          22    0.167752    0.169379  0.00515374
          23    0.168261     0.16933   0.0049248
          24    0.164717    0.169138  0.00471906
          25    0.140645    0.167998  0.00466764
          26    0.177451    0.168362  0.00449924
          27    0.147613    0.167593  0.00439707
          28     0.16232    0.167405   0.0042413
          29    0.154555    0.166962  0.00411636
          30    0.178891     0.16736  0.00399661
           1    0.187253    0.187253           0
           2    0.175365    0.181309    0.005944
           3    0.195685    0.186101  0.00589409
           4    0.158733    0.179259  0.00801144
           5    0.130912     0.16959   0.0114895
           6    0.137651    0.164267   0.0107862
           7    0.156341    0.163134  0.00918604
           8    0.194541     0.16706  0.00887129
           9    0.175416    0.167989  0.00787864
          10    0.153933    0.166583  0.00718567
          11    0.111037    0.161534  0.00823071
          12      0.1432    0.160006  0.00766733
          13    0.178707    0.161444  0.00719813
          14    0.119917    0.158478  0.00729449
          15    0.167659     0.15909  0.00681833
          16    0.117659    0.156501  0.00688358
          17    0.162456    0.156851  0.00647548
          18    0.091432    0.153217  0.00710504
          19    0.157573    0.153446   0.0067246
          20    0.184741    0.155011  0.00656862
          21    0.148437    0.154698  0.00625584
          22    0.167381    0.155274  0.00599251
          23    0.119608    0.153723   0.0059323
          24    0.164309    0.154165  0.00569685
          25    0.173499    0.154938  0.00551868
          26    0.124389    0.153763   0.0054308
          27    0.126243    0.152744  0.00532426
          28    0.169768    0.153352  0.00516649
          29    0.145637    0.153086  0.00499225
          30    0.208405     0.15493  0.00516346
           1    0.136768    0.136768           0
           2    0.132035    0.134401  0.00236667
           3    0.132021    0.133608     0.00158
           4    0.127757    0.132145  0.00184054
           5     0.18216    0.142148    0.010104
           6    0.150405    0.143524  0.00836389
           7   0.0933173    0.136352   0.0100703
           8    0.135765    0.136279  0.00872147
           9    0.115981    0.134023  0.00801543
          10    0.202144    0.140835  0.00988948
          11    0.149515    0.141624   0.0089801
          12    0.174853    0.144394  0.00865272
          13    0.157672    0.145415  0.00802462
          14    0.138843    0.144946  0.00744417
          15    0.145224    0.144964  0.00693017
          16    0.111752    0.142888  0.00680681
          17   0.0960587    0.140134  0.00696204
          18   0.0926213    0.137494  0.00707473
          19    0.127909     0.13699  0.00671101
          20    0.142069    0.137244  0.00637169
          21    0.153115    0.137999  0.00610763
          22    0.160392    0.139017  0.00591168
          23    0.138789    0.139007  0.00564881
          24    0.155525    0.139696  0.00545194
          25    0.156432    0.140365    0.005272
          26     0.11992    0.139579  0.00512585
          27     0.12256    0.138948  0.00497246
          28    0.126501    0.138504  0.00481216
          29    0.179885    0.139931  0.00485757
          30    0.130021      0.1396  0.00470447
           1    0.151381    0.151381           0
           2    0.132336    0.141859  0.00952267
           3    0.111149    0.131622   0.0116195
           4    0.117277    0.128036  0.00896476
           5    0.097768    0.121982  0.00921229
           6    0.175176    0.130848   0.0116265
           7    0.154499    0.134227   0.0103909
           8    0.161552    0.137642  0.00962519
           9    0.113923    0.135007  0.00888834
          10    0.151536     0.13666  0.00811999
          11    0.132747    0.136304  0.00735341
          12    0.123816    0.135263  0.00679291
          13    0.112347    0.133501  0.00649246
          14    0.133229    0.133481  0.00601089
          15    0.148171     0.13446  0.00568088
          16   0.0793973    0.131019  0.00633102
          17    0.139859    0.131539  0.00596965
          18    0.118867    0.130835   0.0056721
          19    0.120029    0.130266  0.00539533
          20    0.172605    0.132383  0.00553896
          21    0.121925    0.131885  0.00529209
          22    0.113427    0.131046  0.00511509
          23    0.133331    0.131146  0.00488864
          24    0.149856    0.131925    0.004745
          25     0.11436    0.131223  0.00460516
          26    0.134901    0.131364  0.00442676
          27   0.0897067    0.129821  0.00453046
          28      0.1342    0.129978  0.00436846
          29    0.137227    0.130227  0.00422254
          30    0.118405    0.129833  0.00409835
           1    0.118853    0.118853           0
           2    0.102384    0.110619  0.00823467
           3    0.126816    0.116018    0.007194
           4    0.130344    0.119599  0.00622128
           5    0.149115    0.125502  0.00762029
           6    0.173709    0.133537    0.010162
           7    0.162269    0.137642  0.00951888
           8     0.13496    0.137306  0.00825041
           9    0.114405    0.134762  0.00770827
          10    0.112179    0.132503  0.00725493
          11    0.121637    0.131516  0.00663626
          12     0.09432    0.128416  0.00680498
          13    0.145499     0.12973  0.00639611
          14    0.094584     0.12722  0.00643181
          15    0.117533    0.126574  0.00602241
          16    0.153629    0.128265  0.00588176
          17    0.147549    0.129399   0.0056402
          18    0.137856    0.129869  0.00533835
          19    0.137419    0.130266  0.00506518
          20    0.139965    0.130751  0.00482966
          21    0.170035    0.132622  0.00496018
          22    0.126483    0.132343  0.00473758
          23    0.150784    0.133145  0.00459737
          24   0.0977493     0.13167  0.00464215
          25    0.127757    0.131513  0.00445534
          26    0.154632    0.132403  0.00437193
          27    0.132789    0.132417  0.00420691
          28    0.127984    0.132259  0.00405697
          29    0.127317    0.132088  0.00391829
          30    0.138064    0.132287  0.00379066
           1    0.117427    0.117427           0
           2    0.122365    0.119896  0.00246933
           3    0.138181    0.125991  0.00625963
           4    0.135168    0.128285  0.00498547
           5    0.119147    0.126458  0.00427242
           6    0.150869    0.130526  0.00535936
           7    0.120931    0.129155  0.00473237
           8    0.103371    0.125932  0.00521391
           9    0.134085    0.126838  0.00468662
          10    0.117155     0.12587  0.00430223
          11    0.139283    0.127089  0.00407808
          12    0.114488    0.126039  0.00386803
          13    0.113571     0.12508  0.00368507
          14    0.130637    0.125477  0.00343473
          15    0.125528     0.12548  0.00319756
          16    0.163493    0.127856  0.00381979
          17    0.132208    0.128112  0.00359719
          18   0.0903067    0.126012  0.00398915
          19    0.116797    0.125527  0.00380439
          20      0.1158    0.125041  0.00364179
          21    0.131163    0.125332  0.00347628
          22    0.111837    0.124719  0.00337078
          23    0.123387    0.124661  0.00322141
          24     0.15084    0.125752  0.00327148
          25    0.150648    0.126747  0.00329212
          26   0.0979733    0.125641  0.00335099
          27    0.105717    0.124903  0.00330785
          28    0.135315    0.125275  0.00320914
          29    0.092664     0.12415  0.00329437
          30    0.108224    0.123619  0.00322663
           1    0.107627    0.107627           0
           2   0.0877467   0.0976867     0.00994
           3   0.0864827    0.093952  0.00684706
           4    0.127888    0.102436  0.00976828
           5    0.126653    0.107279  0.00898392
           6    0.118837    0.109206  0.00758405
           7    0.104933    0.108595  0.00643869
           8    0.104664    0.108104  0.00559768
           9   0.0999653      0.1072  0.00501883
          10    0.109909    0.107471  0.00449715
          11    0.128485    0.109381   0.0044941
          12    0.108933    0.109344   0.0041027
          13    0.116365    0.109884  0.00381239
          14   0.0991413    0.109117  0.00361203
          15   0.0774587    0.107006  0.00397008
          16    0.123109    0.108012  0.00384764
          17    0.135819    0.109648  0.00396711
          18    0.097808     0.10899  0.00379763
          19    0.109464    0.109015  0.00359229
          20    0.109821    0.109056  0.00340818
          21    0.112957    0.109241  0.00324715
          22    0.101853    0.108906  0.00311419
          23    0.123043     0.10952  0.00303853
          24   0.0955947     0.10894  0.00296647
          25    0.114653    0.109169   0.0028545
          26    0.116443    0.109448  0.00275675
          27    0.129549    0.110193  0.00275518
          28   0.0846267     0.10928  0.00280758
          29   0.0762507    0.108141  0.00293871
          30    0.101765    0.107928  0.00284701
           1      0.1136      0.1136           0
           2   0.0849867   0.0992933   0.0143067
           3    0.113448    0.104012  0.00951255
           4   0.0954987    0.101883  0.00705504
           5    0.078432   0.0971931  0.00720158
           6    0.103667    0.098272  0.00597823
           7   0.0832213   0.0961219  0.00549099
           8    0.107776   0.0975787  0.00497347
           9   0.0724853   0.0947905  0.00519734
          10    0.113485     0.09666  0.00501048
          11    0.113528   0.0981935  0.00478454
          12     0.12128    0.100117  0.00477261
          13    0.113272    0.101129  0.00450527
          14   0.0898613    0.100324  0.00424802
          15    0.140877    0.103028  0.00479047
          16   0.0875493     0.10206  0.00458431
          17    0.119197    0.103069  0.00442263
          18   0.0997147    0.102882  0.00417385
          19    0.127757    0.104191  0.00415948
          20      0.1192    0.104942  0.00401675
          21    0.112861    0.105319  0.00383926
          22    0.100205    0.105087  0.00366797
          23    0.101784    0.104943   0.0035078
          24    0.108368    0.105086   0.0033615
          25    0.116485    0.105542  0.00325632
          26    0.115584    0.105928  0.00315232
          27   0.0968827    0.105593  0.00305177
          28     0.10036    0.105406  0.00294669
          29    0.101656    0.105277   0.0028462
          30    0.107445    0.105349  0.00275064
           1   0.0939093   0.0939093           0
           2   0.0998293   0.0968693     0.00296
           3    0.107571    0.100436  0.00395535
           4    0.108632    0.102485  0.00346704
           5    0.097664    0.101521  0.00285342
           6   0.0761733   0.0972964  0.00482446
           7   0.0936933   0.0967817  0.00410978
           8   0.0888053   0.0957847  0.00369619
           9    0.113299   0.0977307  0.00379641
          10    0.102773   0.0982349  0.00343286
          11    0.107403   0.0990684  0.00321504
          12   0.0809573   0.0975591  0.00330024
          13    0.116733   0.0990341  0.00337511
          14    0.087232    0.098191  0.00323646
          15    0.105325   0.0986667  0.00305029
          16   0.0983707   0.0986482  0.00285335
          17   0.0832373   0.0977416  0.00282941
          18   0.0869227   0.0971406  0.00273447
          19   0.0890693   0.0967158   0.0026212
          20    0.115117   0.0976359  0.00265144
          21   0.0944827   0.0974857  0.00252649
          22   0.0912533   0.0972024  0.00242551
          23   0.0720453   0.0961086  0.00256279
          24     0.11024   0.0966974  0.00252335
          25   0.0978213   0.0967424  0.00242073
          26    0.105824   0.0970917  0.00235184
          27    0.116717   0.0978186  0.00237693
          28   0.0876427   0.0974551  0.00231912
          29    0.109307   0.0978638  0.00227473
          30    0.106339   0.0981463  0.00221568
           1    0.105637    0.105637           0
           2   0.0869813   0.0963093    0.009328
           3   0.0892933   0.0939707  0.00587139
           4    0.116403   0.0995787  0.00697756
           5   0.0852427   0.0967115  0.00611822
           6   0.0824827     0.09434  0.00552982
           7   0.0879413   0.0934259  0.00476211
           8    0.092472   0.0933067  0.00412583
           9   0.0917493   0.0931336  0.00364275
          10      0.0818   0.0920003  0.00344967
          11    0.108384   0.0934897  0.00345759
          12     0.06856   0.0914122  0.00377867
          13   0.0854533   0.0909538  0.00350597
          14    0.075336   0.0898383  0.00343224
          15   0.0899947   0.0898487  0.00319526
          16    0.068952   0.0885427  0.00326178
          17    0.104981   0.0895096  0.00321288
          18     0.08748   0.0893969  0.00303123
          19    0.112693    0.090623  0.00311842
          20    0.106565   0.0914201   0.0030639
          21    0.075328   0.0906538  0.00301341
          22    0.101725   0.0911571  0.00291692
          23   0.0928907   0.0912325  0.00278823
          24   0.0733627   0.0904879  0.00277142
          25   0.0805947   0.0900922  0.00268755
          26    0.082384   0.0897957  0.00259907
          27    0.075256   0.0892572  0.00255828
          28    0.109264   0.0899717  0.00256668
          29    0.110213   0.0906697  0.00257307
          30   0.0872613   0.0905561  0.00248842
           1    0.089912    0.089912           0
           2    0.087184    0.088548    0.001364
           3   0.0876693   0.0882551 0.000840208
           4   0.0925653   0.0893327  0.00123049
           5   0.0857227   0.0886107  0.00119572
           6    0.109976   0.0921716   0.0036923
           7     0.07488   0.0897013  0.00397994
           8   0.0860747    0.089248  0.00347641
           9    0.111043   0.0916696  0.00390693
          10   0.0574907   0.0882517  0.00488808
          11   0.0964773   0.0889995  0.00448422
          12   0.0838933    0.088574  0.00411557
          13    0.103413   0.0897155  0.00395412
          14   0.0866853    0.089499   0.0036672
          15   0.0838667   0.0891236  0.00343456
          16   0.0941173   0.0894357  0.00322786
          17   0.0829653   0.0890551  0.00305585
          18    0.113323   0.0904033  0.00318092
          19   0.0842907   0.0900815    0.003026
          20    0.079392   0.0895471  0.00292005
          21   0.0820987   0.0891924  0.00280007
          22   0.0793333   0.0887442  0.00270712
          23    0.113877    0.089837  0.00280808
          24    0.115877    0.090922  0.00289922
          25   0.0900853   0.0908885  0.00278103
          26   0.0645067   0.0898738  0.00285811
          27    0.086456   0.0897473  0.00275313
          28    0.087256   0.0896583  0.00265447
          29   0.0830213   0.0894294  0.00257151
          30   0.0869627   0.0893472  0.00248567
           1   0.0677547   0.0677547           0
           2    0.100269    0.084012   0.0162573
           3   0.0810693   0.0830311  0.00943729
           4    0.091304   0.0850993  0.00698633
           5   0.0864187   0.0853632  0.00541801
           6    0.104312   0.0885213  0.00543541
           7   0.0871093   0.0883196  0.00459819
           8   0.0898293   0.0885083  0.00398662
           9    0.078784   0.0874279  0.00367815
          10   0.0900773   0.0876928  0.00330049
          11    0.072352   0.0862982  0.00329508
          12    0.105171   0.0878709  0.00339432
          13   0.0811333   0.0873526  0.00316504
          14   0.0646693   0.0857324  0.00334837
          15    0.098344   0.0865732  0.00322856
          16   0.0742453   0.0858027  0.00311678
          17   0.0812107   0.0855325  0.00294014
          18   0.0919147   0.0858871  0.00279457
          19   0.0800293   0.0855788  0.00266132
          20   0.0949333   0.0860465  0.00256771
          21    0.087064    0.086095  0.00244286
          22    0.098832   0.0866739  0.00240005
          23    0.085064   0.0866039  0.00229439
          24    0.089192   0.0867118  0.00219936
          25   0.0719547   0.0861215  0.00219058
          26   0.0617253   0.0851832  0.00230433
          27   0.0723547    0.084708  0.00226768
          28    0.068592   0.0841325  0.00225972
          29   0.0604507   0.0833159  0.00232831
          30   0.0704453   0.0828868  0.00228991
           1    0.055304    0.055304           0
           2   0.0712613   0.0632827  0.00797867
           3    0.107069   0.0778782   0.0153052
           4    0.076376   0.0775027   0.0108289
           5   0.0709493    0.076192  0.00848984
           6   0.0839413   0.0774836  0.00705122
           7   0.0724853   0.0767695    0.006002
           8   0.0807707   0.0772697  0.00522189
           9     0.07012   0.0764753  0.00467329
          10   0.0853387   0.0773616  0.00427285
          11   0.0959093   0.0790478  0.00421674
          12   0.0978933   0.0806182  0.00415738
          13   0.0887307   0.0812423  0.00387481
          14    0.068152   0.0803072  0.00370723
          15   0.0697813   0.0796055  0.00352186
          16    0.102307   0.0810243  0.00358694
          17   0.0790453   0.0809079  0.00337135
          18    0.051984    0.079301  0.00356163
          19    0.063816    0.078486  0.00346614
          20    0.088552   0.0789893  0.00332656
          21    0.070728   0.0785959  0.00318855
          22    0.065984   0.0780227  0.00309375
          23    0.103557   0.0791329  0.00315777
          24   0.0781253   0.0790909  0.00302363
          25    0.080064   0.0791298  0.00290042
          26   0.0646987   0.0785748  0.00284138
          27   0.0764987   0.0784979   0.0027352
          28    0.100491   0.0792833  0.00275025
          29      0.0746   0.0791218  0.00265863
          30   0.0829227   0.0792485   0.0025716
           1   0.0744053   0.0744053           0
           2   0.0632427    0.068824  0.00558133
           3    0.095008    0.077552  0.00930386
           4   0.0562187   0.0722187  0.00846908
           5   0.0823707   0.0742491  0.00686715
           6   0.0859653   0.0762018   0.0059373
           7    0.048136   0.0721924    0.006423
           8   0.0903467   0.0744617  0.00600757
           9   0.0801627   0.0750951  0.00533591
          10   0.0750933   0.0750949  0.00477258
          11    0.074464   0.0750376  0.00431734
          12    0.073904   0.0749431  0.00394231
          13   0.0806693   0.0753836  0.00365305
          14   0.0693067   0.0749495  0.00340981
          15   0.0414827   0.0727184  0.00388001
          16   0.0786027   0.0730862    0.003648
          17   0.0751973   0.0732104  0.00342895
          18    0.084704   0.0738489   0.0032953
          19    0.093272   0.0748712   0.0032804
          20    0.080944   0.0751748  0.00312683
          21   0.0697173   0.0749149  0.00298555
          22   0.0730853   0.0748318  0.00284782
          23   0.0461653   0.0735854  0.00299304
          24    0.054288   0.0727813  0.00297628
          25   0.0961067   0.0737143  0.00300335
          26   0.0656827   0.0734054  0.00290202
          27    0.078288   0.0735863  0.00279831
          28   0.0733387   0.0735774  0.00269654
          29   0.0802053    0.073806  0.00261191
          30   0.0845307   0.0741635  0.00254854
           1   0.0505867   0.0505867           0
           2   0.0633893    0.056988  0.00640133
           3   0.0646053   0.0595271  0.00448398
           4    0.069848   0.0621073  0.00408786
           5   0.0588613   0.0614581  0.00323231
           6   0.0709493     0.06304  0.00307693
           7   0.0740133   0.0646076  0.00303644
           8    0.060416   0.0640837  0.00268132
           9   0.0685093   0.0645754  0.00241529
          10   0.0763733   0.0657552  0.00246147
          11   0.0518373   0.0644899  0.00256088
          12   0.0917627   0.0667627  0.00326042
          13   0.0858107   0.0682279  0.00333794
          14   0.0663467   0.0680935  0.00309325
          15   0.0819733   0.0690188  0.00302467
          16   0.0925787   0.0704913  0.00318956
          17   0.0723733    0.070602  0.00299811
          18   0.0562613   0.0698053  0.00293678
          19   0.0756267   0.0701117  0.00279476
          20   0.0722587   0.0702191  0.00265352
          21   0.0556213   0.0695239  0.00261797
          22   0.0645813   0.0692993  0.00250623
          23   0.0567093   0.0687519  0.00245655
          24   0.0589333   0.0683428  0.00238728
          25   0.0723147   0.0685017   0.0022953
          26    0.070368   0.0685734  0.00220642
          27   0.0526107   0.0679822  0.00220391
          28   0.0474293   0.0672482  0.00224702
          29   0.0759653   0.0675488  0.00218889
          30   0.0674507   0.0675455  0.00211467
           1   0.0635493   0.0635493           0
           2    0.055336   0.0594427  0.00410667
           3   0.0677707   0.0622187  0.00365072
           4      0.0684    0.063764  0.00300864
           5   0.0829627   0.0676037  0.00449163
           6   0.0676693   0.0676147  0.00366741
           7   0.0650187   0.0672438  0.00312164
           8   0.0770693    0.068472  0.00296933
           9    0.070328   0.0686782  0.00262681
          10    0.066688   0.0684792   0.0023579
          11   0.0639813   0.0680703  0.00217165
          12   0.0665413   0.0679429  0.00198652
          13   0.0672453   0.0678892  0.00182812
          14      0.0712   0.0681257  0.00170896
          15   0.0771707   0.0687287  0.00170139
          16   0.0748213   0.0691095  0.00163643
          17   0.0655493   0.0689001  0.00155135
          18   0.0729653   0.0691259  0.00147997
          19   0.0800907    0.069703  0.00151419
          20   0.0744853   0.0699421  0.00145625
          21    0.075344   0.0701994  0.00140886
          22   0.0720773   0.0702847    0.001346
          23   0.0483547   0.0693312  0.00160103
          24   0.0911227   0.0702392   0.0017816
          25    0.035608    0.068854   0.0021998
          26   0.0770267   0.0691683  0.00213674
          27    0.074592   0.0693692  0.00206587
          28    0.072896   0.0694951   0.0019947
          29   0.0697893   0.0695053  0.00192472
          30   0.0598213   0.0691825  0.00188727
           1   0.0627173   0.0627173           0
           2   0.0747627     0.06874  0.00602267
           3    0.058528    0.065336  0.00486601
           4   0.0664827   0.0656227  0.00345271
           5   0.0782427   0.0681467   0.0036774
           6     0.05084   0.0652622   0.0041636
           7   0.0729307   0.0663577  0.00368546
           8      0.0596    0.065513  0.00330159
           9      0.0734   0.0663893  0.00304075
          10   0.0619013   0.0659405  0.00275651
          11    0.038104   0.0634099  0.00355257
          12   0.0541573   0.0626389  0.00333344
          13   0.0509253   0.0617378  0.00319596
          14   0.0514453   0.0610027  0.00304885
          15    0.080072    0.062274  0.00311003
          16   0.0560693   0.0618862   0.0029349
          17   0.0662293   0.0621416  0.00276867
          18   0.0694053   0.0625452  0.00264133
          19   0.0743227   0.0631651   0.0025742
          20   0.0544827   0.0627309  0.00248038
          21   0.0572667   0.0624707  0.00237362
          22   0.0512507   0.0619607  0.00231991
          23   0.0734533   0.0624604  0.00227237
          24      0.0628   0.0624746  0.00217567
          25   0.0696453   0.0627614  0.00210645
          26   0.0743093   0.0632055  0.00207198
          27    0.070576   0.0634785  0.00201236
          28     0.05792     0.06328   0.0019493
          29     0.04344   0.0625959  0.00200144
          30     0.06048   0.0625253  0.00193486
           1   0.0375973   0.0375973           0
           2   0.0525467    0.045072  0.00747467
           3   0.0619013   0.0506818  0.00707765
           4    0.065592   0.0544093  0.00624029
           5    0.056584   0.0548443  0.00485324
           6   0.0771893   0.0585684  0.00543802
           7   0.0723787   0.0605413  0.00500152
           8    0.069944   0.0617167  0.00448808
           9   0.0803627   0.0637884  0.00446754
          10    0.059824    0.063392  0.00401551
          11   0.0535333   0.0624958   0.0037411
          12   0.0685947    0.063004  0.00345276
          13   0.0608533   0.0628386  0.00318038
          14   0.0662347   0.0630811  0.00295443
          15    0.059472   0.0628405  0.00276093
          16   0.0713867   0.0633747  0.00263727
          17    0.070552   0.0637969  0.00251301
          18   0.0558827   0.0633572  0.00240974
          19   0.0517307   0.0627453  0.00236009
          20    0.039072   0.0615616   0.0025326
          21   0.0718427   0.0620512  0.00245823
          22   0.0632933   0.0621076  0.00234451
          23   0.0515467   0.0616485  0.00228683
          24   0.0658213   0.0618223  0.00219637
          25   0.0567893    0.061621  0.00211628
          26    0.050088   0.0611774  0.00208108
          27   0.0655733   0.0613402  0.00200913
          28    0.064656   0.0614587  0.00193966
          29   0.0676747    0.061673  0.00188381
          30   0.0548533   0.0614457  0.00183408
           1   0.0638053   0.0638053           0
           2   0.0606453   0.0622253     0.00158
           3   0.0500453   0.0581653  0.00416122
           4   0.0503467   0.0562107   0.0035325
           5   0.0617333   0.0573152  0.00295079
           6   0.0718987   0.0597458  0.00342235
           7   0.0632987   0.0602533  0.00293661
           8   0.0609547    0.060341  0.00254469
           9   0.0521173   0.0594273  0.00242309
          10    0.062528   0.0597373  0.00218935
          11   0.0720747   0.0608589  0.00227589
          12    0.063136   0.0610487  0.00208624
          13   0.0502027   0.0602144  0.00209258
          14   0.0625867   0.0603838  0.00194475
          15   0.0649013    0.060685  0.00183534
          16     0.05252   0.0601747  0.00179104
          17   0.0597387    0.060149  0.00168258
          18   0.0473093   0.0594357  0.00173935
          19   0.0751307   0.0602618  0.00184099
          20    0.070552   0.0607763  0.00182073
          21   0.0509067   0.0603063  0.00179449
          22     0.05896   0.0602451  0.00171208
          23   0.0581307   0.0601532  0.00163853
          24    0.058112   0.0600681  0.00157107
          25   0.0492613   0.0596358   0.0015677
          26   0.0556213   0.0594814  0.00151409
          27    0.056104   0.0593563  0.00146229
          28    0.057328   0.0592839  0.00141096
          29   0.0554693   0.0591524  0.00136778
          30   0.0527013   0.0589373  0.00133878
           1   0.0419467   0.0419467           0
           2   0.0762373    0.059092   0.0171453
           3   0.0583707   0.0588516  0.00990178
           4   0.0438987   0.0551133  0.00793706
           5    0.070376   0.0581659  0.00686412
           6   0.0554053   0.0577058  0.00562338
           7    0.043504    0.055677  0.00516755
           8    0.061696   0.0564293  0.00453804
           9     0.05292   0.0560394  0.00402112
          10    0.046408   0.0550763  0.00372333
          11   0.0564347   0.0551998  0.00337014
          12    0.054952   0.0551791  0.00307657
          13   0.0527253   0.0549904  0.00283632
          14    0.061952   0.0554876  0.00267259
          15   0.0652693   0.0561397  0.00257209
          16   0.0520907   0.0558867  0.00241924
          17   0.0711173   0.0567826  0.00244271
          18   0.0540693   0.0566319  0.00230794
          19   0.0621893   0.0569244   0.0022026
          20   0.0733173    0.057744  0.00224458
          21   0.0605067   0.0578756  0.00213907
          22    0.056216   0.0578001  0.00204092
          23    0.052144   0.0575542  0.00196561
          24    0.065152   0.0578708  0.00190837
          25   0.0552587   0.0577663  0.00183342
          26   0.0490347   0.0574305  0.00179322
          27   0.0729093   0.0580038  0.00181827
          28    0.051136   0.0577585  0.00176921
          29   0.0573253   0.0577435  0.00170718
          30   0.0562267    0.057693  0.00165007
           1   0.0611573   0.0611573           0
           2   0.0507253   0.0559413    0.005216
           3    0.048512   0.0534649  0.00389893
           4   0.0493893    0.052446  0.00293921
           5     0.05124   0.0522048  0.00228944
           6    0.032544    0.048928   0.0037725
           7   0.0606773   0.0506065  0.00360317
           8   0.0533333   0.0509473    0.003139
           9   0.0636427   0.0523579    0.003107
          10     0.05648   0.0527701  0.00280939
          11   0.0463307   0.0521847  0.00260775
          12   0.0536747   0.0523089  0.00238377
          13   0.0523013   0.0523083  0.00219275
          14   0.0514107   0.0522442  0.00203111
          15   0.0439547   0.0516916  0.00196996
          16   0.0634907    0.052429  0.00198481
          17   0.0509733   0.0523434  0.00186637
          18    0.057376    0.052623  0.00178171
          19   0.0416027   0.0520429  0.00178234
          20   0.0526987   0.0520757  0.00169119
          21    0.049984   0.0519761  0.00161173
          22   0.0550507   0.0521159  0.00154306
          23   0.0639653   0.0526311  0.00156187
          24   0.0559973   0.0527713  0.00150194
          25    0.057328   0.0529536  0.00145209
          26   0.0661653   0.0534617  0.00148478
          27   0.0462587    0.053195  0.00145343
          28   0.0504853   0.0530982   0.0014039
          29   0.0482987   0.0529327  0.00136469
          30   0.0603093   0.0531786  0.00134115
           1   0.0257653   0.0257653           0
           2     0.05712   0.0414427   0.0156773
           3   0.0453653   0.0427502  0.00914527
           4   0.0579253    0.046544  0.00749738
           5     0.05604   0.0484432  0.00611011
           6    0.044616   0.0478053  0.00502949
           7    0.048848   0.0479543  0.00425331
           8     0.06004    0.049465  0.00398123
           9   0.0407493   0.0484966  0.00364222
          10   0.0573547   0.0493824  0.00337598
          11   0.0592613   0.0502805  0.00318302
          12   0.0507707   0.0503213  0.00290597
          13   0.0627067   0.0512741  0.00283781
          14    0.043016   0.0506842   0.0026927
          15   0.0448907    0.050298  0.00253635
          16    0.061224   0.0509808  0.00246886
          17   0.0635387   0.0517195  0.00243389
          18   0.0570853   0.0520176  0.00231398
          19    0.055952   0.0522247  0.00219858
          20   0.0441253   0.0518197   0.0021247
          21    0.056296   0.0520329  0.00203221
          22    0.069856    0.052843  0.00210018
          23   0.0414693   0.0523485  0.00206682
          24    0.045464   0.0520617  0.00199951
          25   0.0623173   0.0524719  0.00196125
          26   0.0602667   0.0527717  0.00190801
          27   0.0391333   0.0522666   0.0019042
          28    0.058048    0.052473  0.00184651
          29   0.0619893   0.0528012  0.00181167
          30   0.0664747    0.053257  0.00180861
           1   0.0506373   0.0506373           0
           2   0.0400213   0.0453293    0.005308
           3   0.0608347   0.0504978   0.0060087
           4   0.0379387    0.047358  0.00528303
           5   0.0359387   0.0450741   0.0046864
           6   0.0615227   0.0478156  0.00470711
           7   0.0610533   0.0497067  0.00440485
           8    0.054808   0.0503443  0.00386764
           9   0.0407387    0.049277  0.00357402
          10   0.0453627   0.0488856  0.00322058
          11    0.050064   0.0489927  0.00291509
          12   0.0451333   0.0486711  0.00268047
          13    0.046624   0.0485136  0.00247069
          14   0.0435707   0.0481606  0.00231451
          15   0.0365307   0.0473852  0.00228994
          16   0.0639787   0.0484223  0.00237989
          17   0.0526827   0.0486729  0.00224952
          18    0.062448   0.0494382  0.00225472
          19      0.0516    0.049552  0.00213578
          20   0.0470373   0.0494263  0.00203008
          21   0.0491307   0.0494122  0.00193104
          22   0.0573787   0.0497743  0.00187645
          23       0.058   0.0501319  0.00182833
          24    0.061848   0.0506201  0.00181728
          25   0.0611547   0.0510415  0.00179329
          26   0.0668693   0.0516503  0.00182732
          27   0.0593573   0.0519357  0.00178136
          28   0.0651253   0.0524068  0.00178002
          29   0.0542773   0.0524713  0.00171875
          30   0.0556453   0.0525771  0.00166384
           1   0.0560293   0.0560293           0
           2    0.043608   0.0498187  0.00621067
           3   0.0407653   0.0468009  0.00468662
           4    0.052312   0.0481787  0.00358894
           5   0.0578347   0.0501099  0.00338494
           6   0.0530187   0.0505947  0.00280599
           7    0.037992   0.0487943  0.00297748
           8   0.0479813   0.0486927  0.00258057
           9    0.059304   0.0498717  0.00256313
          10    0.041496   0.0490341  0.00244074
          11    0.065376   0.0505198  0.00266105
          12    0.052328   0.0506704  0.00243386
          13     0.04776   0.0504466  0.00224999
          14   0.0381493   0.0495682  0.00226071
          15   0.0426187   0.0491049    0.002155
          16    0.060584   0.0498223  0.00213968
          17    0.048944   0.0497707  0.00201054
          18   0.0543653   0.0500259  0.00191267
          19    0.042472   0.0496284  0.00185237
          20   0.0575227   0.0500231   0.0018011
          21    0.063432   0.0506616  0.00182831
          22   0.0468347   0.0504876  0.00175188
          23   0.0525467   0.0505772  0.00167637
          24    0.060912   0.0510078  0.00166177
          25   0.0408213   0.0506003  0.00164517
          26   0.0440107   0.0503469  0.00160082
          27   0.0622773   0.0507887  0.00160251
          28   0.0507227   0.0507864  0.00154422
          29   0.0323387   0.0501503  0.00162013
          30    0.045168   0.0499842  0.00157398
           1   0.0401013   0.0401013           0
           2   0.0489467    0.044524  0.00442267
           3   0.0519787   0.0470089  0.00356296
           4    0.053272   0.0485747  0.00296631
           5   0.0431547   0.0474907  0.00254056
           6   0.0565173   0.0489951  0.00256248
           7   0.0418587   0.0479756  0.00239366
           8   0.0531547    0.048623   0.0021717
           9   0.0512853   0.0489188  0.00193797
          10    0.044008   0.0484277   0.0018016
          11     0.04416   0.0480398  0.00167515
          12   0.0356827     0.04701   0.0018436
          13   0.0461307   0.0469424  0.00169721
          14   0.0493227   0.0471124  0.00158048
          15    0.035864   0.0463625  0.00165143
          16   0.0553547   0.0469245  0.00164383
          17   0.0489227    0.047042  0.00154857
          18   0.0492053   0.0471622  0.00146495
          19    0.040848   0.0468299  0.00142499
          20    0.040368   0.0465068  0.00138994
          21   0.0403547   0.0462138  0.00135417
          22   0.0378293   0.0458327  0.00134622
          23   0.0471013   0.0458879  0.00128754
          24   0.0477173   0.0459641  0.00123508
          25    0.033448   0.0454635  0.00128609
          26   0.0416107   0.0453153  0.00124449
          27    0.045408   0.0453187  0.00119752
          28   0.0411253    0.045169  0.00116364
          29   0.0514427   0.0453853  0.00114344
          30   0.0409493   0.0452374  0.00111452
           1   0.0431787   0.0431787           0
           2   0.0556133    0.049396  0.00621733
           3     0.03976    0.046184  0.00481685
           4   0.0513867   0.0474847  0.00364592
           5   0.0354027   0.0450683   0.0037168
           6   0.0385893   0.0439884  0.00322114
           7   0.0444533   0.0440549  0.00272317
           8   0.0384347   0.0433523  0.00246075
           9   0.0437813      0.0434   0.0021707
          10   0.0368213   0.0427421  0.00204996
          11   0.0526187     0.04364  0.00206021
          12   0.0496693   0.0441424  0.00194666
          13    0.041792   0.0439616  0.00179977
          14   0.0536293   0.0446522  0.00180369
          15    0.023136   0.0432178  0.00220841
          16   0.0543093    0.043911  0.00217899
          17   0.0529253   0.0444413  0.00211437
          18   0.0520907   0.0448662  0.00203824
          19   0.0470827   0.0449829  0.00193151
          20    0.049696   0.0452185  0.00184748
          21   0.0312773   0.0445547  0.00187852
          22   0.0518853   0.0448879  0.00182183
          23    0.046424   0.0449547   0.0017421
          24   0.0372373   0.0446331  0.00169865
          25   0.0398347   0.0444412  0.00164055
          26     0.04672   0.0445288  0.00157863
          27   0.0389573   0.0443225  0.00153299
          28   0.0321227   0.0438868  0.00154014
          29   0.0504987   0.0441148  0.00150347
          30   0.0408373   0.0440055  0.00145659
           1   0.0445467   0.0445467           0
           2   0.0275547   0.0360507    0.008496
           3    0.056648   0.0429164  0.00843798
           4   0.0469493   0.0439247  0.00605114
           5   0.0516267   0.0454651  0.00493382
           6   0.0317147   0.0431733   0.0046347
           7   0.0335627   0.0418004  0.00415068
           8    0.041296   0.0417373  0.00359515
           9   0.0457947   0.0421881  0.00320251
          10   0.0411493   0.0420843   0.0028663
          11   0.0559387   0.0433438   0.0028824
          12    0.045392   0.0435144  0.00263679
          13   0.0416827   0.0433735  0.00242958
          14    0.029184     0.04236  0.00246716
          15   0.0496213   0.0428441  0.00234726
          16   0.0408693   0.0427207  0.00219913
          17   0.0416373   0.0426569   0.0020667
          18   0.0424827   0.0426473  0.00194853
          19   0.0435813   0.0426964  0.00184378
          20    0.035144   0.0423188  0.00178946
          21    0.047792   0.0425794  0.00172195
          22   0.0468347   0.0427728  0.00165317
          23   0.0461387   0.0429192  0.00158643
          24   0.0494427    0.043191  0.00154302
          25   0.0326747   0.0427703  0.00153863
          26   0.0547253   0.0432302  0.00154813
          27    0.030912   0.0427739  0.00155798
          28    0.041512   0.0427289  0.00150198
          29    0.055664   0.0431749  0.00151635
          30   0.0377093   0.0429927  0.00147622
           1    0.059688    0.059688           0
           2   0.0436613   0.0516747  0.00801333
           3   0.0401733   0.0478409  0.00600852
           4   0.0593493    0.050718  0.00513117
           5    0.045872   0.0497488  0.00409105
           6   0.0294187   0.0463604  0.00475802
           7   0.0345093   0.0446674  0.00436312
           8    0.035056    0.043466  0.00396498
           9   0.0366613   0.0427099  0.00357759
          10   0.0344907    0.041888  0.00330377
          11   0.0284187   0.0406635  0.00322951
          12   0.0397973   0.0405913  0.00294901
          13   0.0399067   0.0405387   0.0027132
          14   0.0434987   0.0407501  0.00252082
          15    0.041768    0.040818  0.00234774
          16   0.0390347   0.0407065  0.00219893
          17    0.039376   0.0406282  0.00206702
          18   0.0487653   0.0410803  0.00200055
          19   0.0392667   0.0409848  0.00189474
          20   0.0361387   0.0407425  0.00181376
          21    0.044712   0.0409316  0.00173556
          22   0.0487787   0.0412882  0.00169279
          23    0.040872   0.0412701  0.00161762
          24    0.044704   0.0414132  0.00155535
          25   0.0466293   0.0416219  0.00150636
          26   0.0408587   0.0415925  0.00144756
          27   0.0462427   0.0417647  0.00140352
          28    0.044376    0.041858  0.00135568
          29    0.046248   0.0420094  0.00131683
          30   0.0473787   0.0421884   0.0012847
           1   0.0432347   0.0432347           0
           2   0.0439387   0.0435867    0.000352
           3   0.0364027    0.041192  0.00240327
           4   0.0414907   0.0412667  0.00170101
           5   0.0485173   0.0427168  0.00195932
           6   0.0335573   0.0411902  0.00221128
           7    0.039704   0.0409779  0.00188089
           8     0.04468   0.0414407  0.00169336
           9   0.0484427   0.0422187   0.0016839
          10    0.038344   0.0418312  0.00155517
          11    0.041488      0.0418  0.00140705
          12   0.0409947   0.0417329  0.00128621
          13   0.0413333   0.0417022  0.00118354
          14   0.0438053   0.0418524  0.00110599
          15   0.0504613   0.0424263  0.00117878
          16    0.042168   0.0424102  0.00110277
          17   0.0279547   0.0415598  0.00134018
          18   0.0393413   0.0414366  0.00126953
          19   0.0360613   0.0411537  0.00123373
          20    0.043088   0.0412504  0.00117441
          21   0.0358853   0.0409949  0.00114593
          22    0.036888   0.0408082  0.00110843
          23     0.04628   0.0410461  0.00108553
          24   0.0351947   0.0408023  0.00106753
          25    0.055008   0.0413706  0.00117104
          26   0.0380667   0.0412435  0.00113225
          27   0.0486667   0.0415184  0.00112366
          28    0.029256   0.0410805    0.001168
          29    0.038144   0.0409792  0.00113155
          30   0.0458933    0.041143  0.00110538
           1    0.041864    0.041864           0
           2   0.0482373   0.0450507  0.00318667
           3    0.042688   0.0442631   0.0020013
           4    0.036528   0.0423293  0.00239627
           5    0.036592   0.0411819  0.00218219
           6   0.0411387   0.0411747  0.00178176
           7   0.0397947   0.0409775  0.00151871
           8   0.0342427   0.0401357   0.0015616
           9   0.0403947   0.0401644   0.0013775
          10   0.0457413   0.0407221  0.00135241
          11    0.037528   0.0404318   0.0012573
          12   0.0405333   0.0404402  0.00114778
          13    0.034384   0.0399744  0.00115402
          14   0.0448133     0.04032  0.00112293
          15    0.036512   0.0400661  0.00107577
          16   0.0470533   0.0405028  0.00109697
          17   0.0419467   0.0405878  0.00103391
          18      0.0386   0.0404773 0.000981019
          19    0.018624   0.0393272  0.00147784
          20    0.036624    0.039192   0.0014085
          21   0.0457627   0.0395049   0.0013758
          22   0.0432587   0.0396755  0.00132282
          23   0.0371173   0.0395643  0.00126889
          24    0.035544   0.0393968  0.00122636
          25   0.0396747   0.0394079  0.00117634
          26   0.0433227   0.0395585  0.00114017
          27   0.0404747   0.0395924  0.00109766
          28    0.046576   0.0398418  0.00108674
          29    0.031048   0.0395386  0.00109156
          30   0.0478267   0.0398148  0.00109013
           1   0.0409547   0.0409547           0
           2     0.05956   0.0502573  0.00930267
           3   0.0460613   0.0488587  0.00555003
           4   0.0363813   0.0457393  0.00501315
           5   0.0297973   0.0425509  0.00502443
           6     0.04664   0.0432324  0.00415865
           7   0.0421493   0.0430777  0.00351811
           8   0.0315307   0.0416343  0.00337137
           9   0.0328507   0.0406584  0.00312935
          10   0.0427893   0.0408715  0.00280708
          11    0.038248    0.040633  0.00255027
          12    0.038056   0.0404182  0.00233795
          13    0.047392   0.0409547   0.0022165
          14   0.0365387   0.0406392  0.00207618
          15    0.048216   0.0411444  0.00199773
          16   0.0403467   0.0410945  0.00186937
          17   0.0273653   0.0402869  0.00193278
          18   0.0412107   0.0403382  0.00182297
          19   0.0484587   0.0407656  0.00177653
          20    0.034544   0.0404545  0.00171383
          21    0.029344   0.0399255  0.00171389
          22    0.031512    0.039543  0.00167828
          23   0.0484133   0.0399287  0.00164937
          24    0.043464    0.040076  0.00158601
          25    0.031416   0.0397296  0.00156019
          26    0.036896   0.0396206  0.00150294
          27   0.0424213   0.0397243  0.00144992
          28   0.0410027     0.03977  0.00139792
          29    0.032368   0.0395148  0.00137279
          30    0.029016   0.0391648  0.00137164
           1     0.03628     0.03628           0
           2   0.0367787   0.0365293 0.000249333
           3    0.035832   0.0362969  0.00027341
           4   0.0305653    0.034864  0.00144587
           5    0.033864    0.034664  0.00113769
           6    0.037376    0.035116  0.00103305
           7   0.0500827   0.0372541  0.00230949
           8     0.02648   0.0359073  0.00241124
           9   0.0368293   0.0360098  0.00212898
          10   0.0427627   0.0366851  0.00202041
          11    0.047344   0.0376541  0.00206853
          12   0.0400907   0.0378571  0.00189919
          13    0.043024   0.0382546  0.00179164
          14   0.0305573   0.0377048  0.00174748
          15   0.0494107   0.0384852  0.00180431
          16   0.0314267    0.038044  0.00174448
          17   0.0286027   0.0374886  0.00173021
          18   0.0476773   0.0380547  0.00172667
          19     0.03492   0.0378897  0.00164158
          20   0.0416267   0.0380765  0.00156851
          21    0.043416   0.0383308  0.00151346
          22    0.048832   0.0388081  0.00151993
          23    0.037344   0.0387445  0.00145373
          24   0.0325947   0.0384882  0.00141523
          25    0.048344   0.0388825  0.00141353
          26   0.0369547   0.0388083   0.0013601
          27    0.023288   0.0382335  0.00142943
          28   0.0373173   0.0382008  0.00137782
          29    0.028216   0.0378565  0.00137332
          30     0.04296   0.0380266  0.00133762
           1   0.0430187   0.0430187           0
           2   0.0409173    0.041968  0.00105067
           3    0.040936    0.041624 0.000697354
           4    0.022464    0.036834  0.00481531
           5   0.0353573   0.0365387   0.0037416
           6    0.022744   0.0342396  0.00382347
           7    0.021072   0.0323585  0.00373906
           8   0.0232267    0.031217  0.00343342
           9     0.03992    0.032184  0.00317865
          10    0.042056   0.0331712  0.00300959
          11   0.0322027   0.0330832   0.0027237
          12   0.0283787   0.0326911  0.00251711
          13   0.0431867   0.0334985  0.00245212
          14    0.032184   0.0334046  0.00227216
          15   0.0416907    0.033957  0.00218621
          16   0.0261813    0.033471  0.00210196
          17    0.032576   0.0334184  0.00197515
          18   0.0263413   0.0330252  0.00190324
          19   0.0353627   0.0331482  0.00180449
          20   0.0467573   0.0338287  0.00184217
          21    0.023112   0.0333183  0.00182505
          22   0.0424613   0.0337339  0.00178906
          23   0.0404107   0.0340242  0.00173397
          24     0.04132   0.0343282  0.00168776
          25   0.0382293   0.0344843  0.00162634
          26   0.0397707   0.0346876  0.00157571
          27     0.03576   0.0347273  0.00151675
          28   0.0384853   0.0348615  0.00146773
          29    0.033344   0.0348092  0.00141718
          30   0.0355413   0.0348336  0.00136934
           1    0.047728    0.047728           0
           2    0.030176    0.038952    0.008776
           3   0.0387573   0.0388871  0.00506724
           4   0.0521573   0.0422047   0.0048831
           5    0.038248   0.0414133  0.00386432
           6   0.0424453   0.0415853  0.00315989
           7   0.0382613   0.0411105  0.00271248
           8    0.027672   0.0394307   0.0028879
           9   0.0227227   0.0375742  0.00315167
          10   0.0267413   0.0364909  0.00301992
          11   0.0488267   0.0376124  0.00295286
          12   0.0424107   0.0380122  0.00272507
          13    0.027872   0.0372322  0.00262526
          14    0.045336    0.037811  0.00249849
          15   0.0304107   0.0373177  0.00237772
          16     0.03396   0.0371078  0.00223403
          17   0.0413227   0.0373558   0.0021131
          18   0.0209627    0.036445  0.00219055
          19   0.0423813   0.0367575  0.00209547
          20   0.0436293   0.0371011  0.00201741
          21    0.041056   0.0372894  0.00192816
          22   0.0330587   0.0370971  0.00184846
          23   0.0278453   0.0366948  0.00181149
          24   0.0400267   0.0368337  0.00173992
          25   0.0361787   0.0368075  0.00166908
          26   0.0366773   0.0368025   0.0016036
          27   0.0254693   0.0363827  0.00159914
          28   0.0458747   0.0367217  0.00157782
          29     0.03316   0.0365989  0.00152738
          30     0.04192   0.0367763  0.00148622
           1   0.0410827   0.0410827           0
           2   0.0336587   0.0373707    0.003712
           3    0.038064   0.0376018  0.00215555
           4   0.0303947      0.0358     0.00236
           5   0.0379893   0.0362379  0.00187976
           6    0.034944   0.0360222  0.00154989
           7    0.023656   0.0342556  0.00219925
           8   0.0261013   0.0332363   0.0021602
           9   0.0312427   0.0330148  0.00191796
          10   0.0239067    0.032104  0.00194227
          11   0.0421067   0.0330133  0.00197824
          12   0.0351707   0.0331931   0.0018148
          13   0.0303093   0.0329713  0.00168405
          14   0.0307387   0.0328118  0.00156726
          15    0.038832   0.0332132  0.00151323
          16    0.037312   0.0334693   0.0014385
          17   0.0344987   0.0335299  0.00135259
          18   0.0362853    0.033683  0.00128439
          19   0.0332293   0.0336591  0.00121514
          20     0.02548   0.0332501  0.00122318
          21   0.0439947   0.0337618    0.001271
          22   0.0229707   0.0332713  0.00130736
          23    0.035408   0.0333642  0.00125267
          24   0.0311893   0.0332736  0.00120276
          25   0.0394213   0.0335195  0.00117957
          26   0.0333813   0.0335142   0.0011333
          27   0.0319147   0.0334549  0.00109213
          28    0.023032   0.0330827   0.0011163
          29   0.0316373   0.0330328  0.00107827
          30   0.0347013   0.0330884  0.00104319
           1   0.0344107   0.0344107           0
           2     0.04552   0.0399653  0.00555467
           3    0.036504   0.0388116  0.00340822
           4    0.029328   0.0364407   0.0033807
           5   0.0369093   0.0365344  0.00262035
           6   0.0367947   0.0365778  0.00213995
           7   0.0189307   0.0340568  0.00310266
           8    0.027792   0.0332737  0.00279877
           9   0.0288027   0.0327769  0.00251778
          10   0.0243333   0.0319325  0.00240506
          11   0.0319013   0.0319297  0.00217546
          12   0.0346453    0.032156  0.00199877
          13   0.0217467   0.0313553  0.00200539
          14   0.0366427    0.031733  0.00189465
          15   0.0401973   0.0322972  0.00185189
          16   0.0332827   0.0323588  0.00173338
          17   0.0255973   0.0319611   0.0016761
          18    0.030928   0.0319037  0.00158129
          19   0.0224667    0.031407  0.00157606
          20   0.0373893   0.0317061  0.00152481
          21   0.0420533   0.0321989  0.00153179
          22   0.0386987   0.0324943  0.00149009
          23    0.030584   0.0324112  0.00142625
          24   0.0366373   0.0325873  0.00137684
          25   0.0218053   0.0321561  0.00138925
          26   0.0285227   0.0320163  0.00134205
          27   0.0231333   0.0316873  0.00133263
          28    0.042056   0.0320576  0.00133649
          29   0.0319893   0.0320553  0.00128958
          30    0.036408   0.0322004  0.00125427
           1   0.0367147   0.0367147           0
           2    0.021784   0.0292493  0.00746533
           3   0.0224027   0.0269671  0.00487705
           4   0.0415093   0.0306027  0.00501099
           5    0.023856   0.0292533  0.00410935
           6   0.0414507   0.0312862  0.00392307
           7     0.02604   0.0305368  0.00339925
           8    0.040632   0.0317987   0.0032029
           9    0.025464   0.0310948  0.00291106
          10    0.033424   0.0313277  0.00261413
          11     0.02416   0.0306761  0.00245271
          12   0.0227227   0.0300133  0.00233505
          13   0.0289227   0.0299294  0.00214957
          14   0.0393573   0.0306029  0.00210096
          15   0.0260053   0.0302964  0.00197976
          16   0.0332693   0.0304822   0.0018612
          17   0.0379387   0.0309208  0.00180247
          18   0.0281333   0.0307659  0.00170643
          19   0.0209493   0.0302493  0.00169479
          20   0.0459067   0.0310321  0.00178829
          21   0.0291253   0.0309413  0.00170342
          22    0.040608   0.0313807  0.00168254
          23   0.0279013   0.0312294  0.00161482
          24   0.0401227      0.0316  0.00158986
          25   0.0288933   0.0314917  0.00152878
          26    0.019704   0.0310384  0.00153718
          27    0.024736   0.0308049  0.00149746
          28    0.023992   0.0305616  0.00146336
          29   0.0291867   0.0305142  0.00141279
          30   0.0277307   0.0304214  0.00136804
           1   0.0318773   0.0318773           0
           2   0.0355253   0.0337013    0.001824
           3     0.03272   0.0333742  0.00110272
           4    0.034496   0.0336547 0.000828641
           5   0.0298693   0.0328976 0.000992541
           6   0.0297733   0.0323769 0.000963275
           7   0.0214293    0.030813  0.00176315
           8   0.0253227   0.0301267  0.00167407
           9   0.0306267   0.0301822  0.00147743
          10   0.0377547   0.0309395  0.00152304
          11   0.0294667   0.0308056  0.00138414
          12    0.024632   0.0302911  0.00136426
          13   0.0332533    0.030519  0.00127546
          14    0.038192    0.031067  0.00130183
          15   0.0357813   0.0313813  0.00125203
          16    0.023248    0.030873  0.00127673
          17   0.0352587    0.031131  0.00122671
          18    0.030184   0.0310784  0.00115775
          19   0.0268773   0.0308573  0.00111722
          20   0.0287573   0.0307523  0.00106508
          21   0.0268267   0.0305653  0.00103019
          22    0.045496    0.031244   0.0011939
          23    0.029912   0.0311861  0.00114228
          24    0.028496    0.031074  0.00109938
          25   0.0306613   0.0310575  0.00105462
          26      0.0182    0.030563  0.00112748
          27   0.0360453    0.030766  0.00110376
          28    0.029696   0.0307278  0.00106429
          29     0.02224   0.0304351  0.00106783
          30   0.0366373   0.0306419  0.00105213
           1   0.0277387   0.0277387           0
           2   0.0281307   0.0279347    0.000196
           3    0.027528   0.0277991  0.00017658
           4   0.0361573   0.0298887  0.00209328
           5   0.0217493   0.0282608  0.00229762
           6    0.032736   0.0290067  0.00201883
           7   0.0313973   0.0293482  0.00174007
           8   0.0291973   0.0293293  0.00150706
           9   0.0292053   0.0293156  0.00132918
          10    0.017208   0.0281048  0.00169685
          11   0.0219813   0.0275481  0.00163269
          12     0.02932   0.0276958  0.00149773
          13    0.027752   0.0277001  0.00137772
          14   0.0346747   0.0281983  0.00136936
          15   0.0395867   0.0289575  0.00148376
          16   0.0316773   0.0291275   0.0013983
          17   0.0332533   0.0293702  0.00133571
          18   0.0273547   0.0292582  0.00126429
          19   0.0327733   0.0294432  0.00121012
          20   0.0287413   0.0294081  0.00114856
          21     0.02864   0.0293716  0.00109311
          22   0.0348747   0.0296217  0.00107184
          23   0.0236853   0.0293636   0.0010562
          24   0.0316027   0.0294569  0.00101553
          25     0.02732   0.0293714 0.000977801
          26    0.025272   0.0292137  0.00095258
          27   0.0334267   0.0293698 0.000929806
          28   0.0319653   0.0294625 0.000900766
          29   0.0317307   0.0295407 0.000872663
          30    0.033568   0.0296749 0.000853693
           1   0.0161093   0.0161093           0
           2     0.02756   0.0218347  0.00572533
           3   0.0299707   0.0245467  0.00427568
           4   0.0236667   0.0243267  0.00303135
           5   0.0228107   0.0240235  0.00236757
           6   0.0204373   0.0234258   0.0020234
           7   0.0282187   0.0241105  0.00184207
           8   0.0185467    0.023415  0.00174029
           9   0.0320853   0.0243784  0.00181209
          10   0.0315973   0.0251003  0.00177428
          11   0.0337333   0.0258851  0.00178651
          12   0.0244693   0.0257671  0.00163512
          13   0.0228187   0.0255403  0.00152109
          14    0.017112   0.0249383  0.00153154
          15    0.024016   0.0248768  0.00142712
          16    0.026712   0.0249915  0.00133986
          17    0.029944   0.0252828  0.00129186
          18   0.0226747   0.0251379  0.00122656
          19    0.031576   0.0254768  0.00120868
          20   0.0331413     0.02586    0.001209
          21   0.0337307   0.0262348  0.00120952
          22   0.0242853   0.0261462  0.00115663
          23   0.0278267   0.0262192  0.00110762
          24   0.0303413    0.026391  0.00107428
          25    0.023352   0.0262694  0.00103756
          26   0.0379867   0.0267201  0.00109399
          27    0.028776   0.0267962  0.00105544
          28   0.0367893   0.0271531  0.00107785
          29   0.0368213   0.0274865  0.00109215
          30   0.0260773   0.0274396  0.00105616
           1    0.022912    0.022912           0
           2   0.0194693   0.0211907  0.00172133
           3    0.025096   0.0224924  0.00163777
           4    0.035888   0.0258413  0.00354347
           5    0.023968   0.0254667  0.00277022
           6    0.029776   0.0261849  0.00237316
           7   0.0322693   0.0270541  0.00218593
           8   0.0158667   0.0256557  0.00235358
           9    0.037528   0.0269748  0.00245937
          10    0.022744   0.0265517  0.00224005
          11    0.020072   0.0259627  0.00211009
          12   0.0149547   0.0250453  0.00213352
          13   0.0265893   0.0251641  0.00196614
          14   0.0313147   0.0256034  0.00187256
          15    0.027264   0.0257141  0.00174677
          16   0.0328533   0.0261603  0.00169378
          17   0.0213733   0.0258787  0.00161576
          18    0.022744   0.0257046  0.00153327
          19    0.022096   0.0255147  0.00146271
          20    0.029592   0.0257185  0.00140255
          21   0.0340027    0.026113  0.00139119
          22   0.0143893   0.0255801  0.00142949
          23    0.018616   0.0252773  0.00139908
          24   0.0329253    0.025596   0.0013769
          25     0.02164   0.0254378  0.00133012
          26   0.0311333   0.0256568  0.00129658
          27   0.0136267   0.0252113  0.00132481
          28    0.038304   0.0256789  0.00135956
          29   0.0286187   0.0257802  0.00131575
          30   0.0318453   0.0259824  0.00128711
           1   0.0230827   0.0230827           0
           2    0.032016   0.0275493  0.00446667
           3   0.0257333    0.026944  0.00264892
           4   0.0237093   0.0261353  0.00204018
           5   0.0287573   0.0266597  0.00166505
           6      0.0312   0.0274164  0.00155592
           7   0.0290453   0.0276491  0.00133542
           8   0.0327093   0.0282817  0.00131818
           9   0.0288133   0.0283407  0.00116402
          10   0.0225973   0.0277664  0.00118905
          11   0.0381067   0.0287064  0.00142843
          12   0.0201707   0.0279951  0.00148537
          13    0.018888   0.0272946  0.00153546
          14     0.02184    0.026905  0.00147399
          15   0.0257333   0.0268268  0.00137443
          16    0.036392   0.0274247  0.00141785
          17   0.0203067    0.027006  0.00139611
          18   0.0297093   0.0271561   0.0013248
          19   0.0203227   0.0267965  0.00130373
          20   0.0274667     0.02683  0.00123728
          21     0.02276   0.0266362  0.00119274
          22   0.0306693   0.0268195  0.00115191
          23    0.019104   0.0264841  0.00115068
          24   0.0325947   0.0267387  0.00113073
          25   0.0366587   0.0271355  0.00115486
          26   0.0332773   0.0273717  0.00113442
          27   0.0291973   0.0274393  0.00109369
          28    0.032928   0.0276353  0.00107198
          29   0.0340373   0.0278561  0.00105765
          30   0.0310027    0.027961  0.00102716
           1   0.0311413   0.0311413           0
           2   0.0261253   0.0286333    0.002508
           3   0.0293067   0.0288578  0.00146529
           4   0.0306187    0.029298  0.00112576
           5   0.0303627   0.0295109 0.000897629
           6    0.027472   0.0291711  0.00080786
           7   0.0369493   0.0302823  0.00130418
           8   0.0246693   0.0295807  0.00132963
           9   0.0338667   0.0300569  0.00126564
          10   0.0341627   0.0304675  0.00120418
          11    0.024608   0.0299348   0.0012125
          12    0.031144   0.0300356  0.00111143
          13    0.028424   0.0299116  0.00102986
          14   0.0308507   0.0299787 0.000955818
          15    0.020136   0.0293225   0.0011056
          16    0.029504   0.0293338  0.00103425
          17    0.032104   0.0294968 0.000985083
          18   0.0268693   0.0293508 0.000940146
          19   0.0231067   0.0290222 0.000948072
          20   0.0329333   0.0292177 0.000920434
          21     0.03796    0.029634 0.000969442
          22   0.0340613   0.0298353  0.00094598
          23    0.031272   0.0298977 0.000906071
          24      0.0254   0.0297103 0.000887508
          25   0.0298987   0.0297179 0.000851302
          26    0.023752   0.0294884 0.000849481
          27   0.0262987   0.0293703 0.000825906
          28   0.0312107    0.029436 0.000798573
          29   0.0268933   0.0293483 0.000775516
          30     0.02492   0.0292007 0.000763622
