           1    -1.00244    -1.00244           0
           2   -0.998401    -1.00042  0.00202189
           3     -1.0061    -1.00232  0.00222392
           4    -1.00622    -1.00329  0.00185056
           5    -1.00429    -1.00349  0.00144726
           6    -1.00345    -1.00348   0.0011817
           7    -1.00002    -1.00299  0.00111456
           8    -1.00095    -1.00273 0.000998374
           9    -1.00764    -1.00328  0.00103571
          10    -1.00097    -1.00305 0.000954732
          11   -0.997876    -1.00258  0.00098334
          12    -1.00573    -1.00284 0.000935246
          13    -1.00329    -1.00288 0.000860986
          14    -1.00189    -1.00281 0.000800195
          15    -1.00482    -1.00294 0.000756924
          16    -1.00664    -1.00317 0.000744938
          17    -1.00667    -1.00338 0.000729434
          18    -1.00356    -1.00339 0.000687792
          19    -1.00724    -1.00359 0.000681444
          20   -0.994455    -1.00313 0.000791554
          21    -1.00623    -1.00328 0.000767189
          22    -1.00366     -1.0033 0.000731686
          23   -0.997988    -1.00307 0.000736271
          24   -0.989747    -1.00251 0.000897176
          25   -0.999305    -1.00238 0.000870047
          26    -1.00525    -1.00249 0.000843156
          27    -1.00354    -1.00253 0.000812246
          28    -1.00496    -1.00262 0.000787476
          29    -1.00556    -1.00272 0.000766576
          30   -0.997063    -1.00253 0.000764213
           1     -1.0023     -1.0023           0
           2   -0.990753   -0.996525  0.00577128
           3    -1.00184   -0.998296  0.00377387
           4    -1.00378   -0.999668  0.00300045
           5   -0.989464   -0.997627  0.00309304
           6   -0.994569   -0.997118  0.00257637
           7     -0.9998   -0.997501   0.0022109
           8    -1.00392   -0.998304  0.00207623
           9   -0.999263    -0.99841  0.00183416
          10   -0.995152   -0.998085  0.00167258
          11   -0.977768   -0.996238   0.0023875
          12   -0.994922   -0.996128  0.00218224
          13    -1.00128   -0.996524  0.00204604
          14   -0.993454   -0.996305  0.00190692
          15   -0.991749   -0.996001  0.00180104
          16   -0.995908   -0.995995  0.00168473
          17   -0.998003   -0.996113  0.00158692
          18    -1.00221   -0.996452  0.00153399
          19   -0.991593   -0.996196  0.00147337
          20    -1.00961   -0.996867  0.00155045
          21    -0.99049   -0.996563  0.00150571
          22    -1.00412   -0.996907  0.00147615
          23   -0.997151   -0.996917  0.00141055
          24    -1.00003   -0.997047  0.00135671
          25    -1.00027   -0.997176  0.00130769
          26    -1.00416   -0.997445  0.00128479
          27   -0.992176    -0.99725  0.00125159
          28   -0.999424   -0.997327  0.00120856
          29   -0.989936   -0.997072  0.00119367
          30   -0.995944   -0.997035  0.00115381
           1   -0.981063   -0.981063           0
           2   -0.975268   -0.978165  0.00289776
           3   -0.992945   -0.983092  0.00520292
           4   -0.989037   -0.984578  0.00396787
           5   -0.980938    -0.98385  0.00315852
           6   -0.991898   -0.985192  0.00290691
           7   -0.980222   -0.984482  0.00255732
           8   -0.990205   -0.985197  0.00232741
           9    -0.98277   -0.984927  0.00207022
          10   -0.976055    -0.98404  0.00205323
          11   -0.994333   -0.984976  0.00207962
          12   -0.977038   -0.984314  0.00201036
          13   -0.985991   -0.984443  0.00185376
          14   -0.978888   -0.984047  0.00176153
          15   -0.973927   -0.983372  0.00177324
          16   -0.996524   -0.984194  0.00185121
          17   -0.983412   -0.984148  0.00173952
          18   -0.982903   -0.984079  0.00164149
          19     -1.0021   -0.985027  0.00181945
          20   -0.987151   -0.985133  0.00172935
          21   -0.988149   -0.985277  0.00165119
          22    -0.98273   -0.985161   0.0015786
          23   -0.977195   -0.984815  0.00154766
          24   -0.976605   -0.984473  0.00152074
          25   -0.975596   -0.984118  0.00150124
          26   -0.980074   -0.983962   0.0014507
          27   -0.985435   -0.984017  0.00139701
          28   -0.977591   -0.983787  0.00136561
          29   -0.997932   -0.984275  0.00140505
          30   -0.991866   -0.984528  0.00138079
           1   -0.979184   -0.979184           0
           2   -0.971746   -0.975465  0.00371907
           3   -0.970022   -0.973651  0.00281117
           4   -0.975413   -0.974091  0.00203602
           5   -0.967257   -0.972724  0.00208705
           6   -0.972239   -0.972643  0.00170599
           7   -0.973228   -0.972727  0.00144424
           8   -0.975848   -0.973117  0.00131018
           9    -0.98136   -0.974033  0.00147443
          10   -0.968988   -0.973529  0.00141199
          11   -0.975108   -0.973672  0.00128524
          12    -0.97531   -0.973809  0.00118117
          13   -0.982347   -0.974465  0.00126959
          14   -0.974367   -0.974458  0.00117544
          15   -0.975503   -0.974528  0.00109648
          16   -0.975065   -0.974562  0.00102622
          17   -0.962226   -0.973836  0.00120653
          18   -0.967859   -0.973504    0.001185
          19   -0.976996   -0.973688  0.00113587
          20   -0.964207   -0.973214  0.00117723
          21   -0.987987   -0.973917  0.00132241
          22    -0.95744   -0.973168  0.00146653
          23   -0.975335   -0.973262  0.00140449
          24   -0.975152   -0.973341    0.001347
          25   -0.967297   -0.973099  0.00131442
          26   -0.976022   -0.973212  0.00126785
          27   -0.973654   -0.973228   0.0012201
          28   -0.986239   -0.973693  0.00126422
          29   -0.982566   -0.973999  0.00125763
          30   -0.985076   -0.974368  0.00126986
           1   -0.965174   -0.965174           0
           2   -0.963106    -0.96414  0.00103384
           3   -0.964838   -0.964373 0.000640612
           4   -0.961899   -0.963754  0.00076659
           5    -0.96641   -0.964286  0.00079668
           6    -0.96112   -0.963758 0.000837586
           7   -0.975912   -0.965494  0.00187505
           8   -0.965131   -0.965449  0.00162447
           9   -0.978238    -0.96687  0.00201785
          10   -0.962739   -0.966457  0.00185148
          11   -0.971567   -0.966921  0.00173797
          12   -0.964947   -0.966757  0.00159505
          13   -0.961475    -0.96635  0.00152245
          14    -0.97235   -0.966779  0.00147323
          15   -0.954594   -0.965967  0.00159401
          16     -0.9625    -0.96575  0.00150672
          17   -0.966269   -0.965781  0.00141565
          18   -0.963141   -0.965634  0.00134272
          19   -0.959513   -0.965312   0.0013103
          20   -0.965415   -0.965317  0.00124307
          21   -0.967023   -0.965398  0.00118518
          22   -0.958232   -0.965072  0.00117604
          23   -0.972698   -0.965404  0.00117164
          24   -0.954558   -0.964952  0.00120937
          25   -0.961469   -0.964813  0.00116832
          26   -0.952071   -0.964323   0.0012248
          27   -0.970495   -0.964551  0.00120054
          28   -0.977219   -0.965004  0.00124218
          29   -0.968636   -0.965129  0.00120511
          30   -0.968994   -0.965258  0.00117135
           1   -0.953702   -0.953702           0
           2   -0.948475   -0.951088  0.00261355
           3   -0.947213   -0.949796  0.00198629
           4   -0.946288   -0.948919  0.00165585
           5   -0.951476   -0.949431  0.00138075
           6     -0.9532   -0.950059  0.00129058
           7   -0.957996   -0.951193  0.00157336
           8   -0.960106   -0.952307  0.00176008
           9    -0.94909   -0.951949  0.00159286
          10   -0.950385   -0.951793  0.00143327
          11   -0.949299   -0.951566  0.00131611
          12    -0.95409   -0.951777  0.00121971
          13   -0.948441    -0.95152  0.00115094
          14    -0.95814   -0.951993  0.00116577
          15   -0.957358    -0.95235  0.00114269
          16   -0.944352   -0.951851     0.00118
          17     -0.9596   -0.952306  0.00119849
          18   -0.954757   -0.952443  0.00113812
          19    -0.94685   -0.952148  0.00111607
          20    -0.94411   -0.951746  0.00113252
          21   -0.950607   -0.951692   0.0010786
          22   -0.947366   -0.951495  0.00104703
          23   -0.952156   -0.951524  0.00100089
          24   -0.938403   -0.950977  0.00110327
          25   -0.938873   -0.950493  0.00116373
          26   -0.959778    -0.95085  0.00117372
          27   -0.955754   -0.951032  0.00114392
          28   -0.961023   -0.951389  0.00115863
          29    -0.94802   -0.951273  0.00112398
          30   -0.942193    -0.95097  0.00112726
           1   -0.935398   -0.935398           0
           2   -0.938288   -0.936843  0.00144496
           3   -0.943243   -0.938976  0.00229039
           4   -0.938161   -0.938773  0.00163231
           5   -0.940639   -0.939146  0.00131833
           6   -0.940691   -0.939403  0.00110679
           7   -0.942085   -0.939787   0.0010108
           8    -0.94437   -0.940359   0.0010462
           9   -0.934727   -0.939734   0.0011149
          10   -0.935896    -0.93935   0.0010685
          11   -0.944222   -0.939793  0.00106313
          12   -0.938742   -0.939705 0.000974447
          13   -0.945554   -0.940155  0.00100294
          14   -0.932883   -0.939636  0.00106397
          15   -0.946065   -0.940064  0.00107927
          16   -0.940955    -0.94012   0.0010111
          17   -0.948263   -0.940599   0.0010637
          18   -0.945246   -0.940857  0.00103557
          19   -0.930703   -0.940323  0.00111586
          20    -0.94066   -0.940339  0.00105874
          21   -0.938406   -0.940247  0.00101126
          22   -0.937118   -0.940105 0.000974636
          23    -0.93925   -0.940068 0.000932038
          24   -0.937667   -0.939968  0.00089795
          25   -0.942481   -0.940068 0.000867127
          26   -0.931977   -0.939757 0.000889331
          27   -0.929553   -0.939379 0.000935503
          28    -0.94182   -0.939466 0.000905679
          29   -0.931951   -0.939207  0.00091151
          30   -0.929649   -0.938889 0.000936466
           1   -0.924766   -0.924766           0
           2   -0.934374    -0.92957  0.00480419
           3   -0.922284   -0.927141  0.00368676
           4   -0.925984   -0.926852  0.00262293
           5   -0.929292    -0.92734   0.0020895
           6    -0.91383   -0.925088  0.00282505
           7   -0.928343   -0.925553  0.00243245
           8   -0.924748   -0.925453  0.00210897
           9   -0.923666   -0.925254  0.00187049
          10    -0.92604   -0.925333  0.00167487
          11   -0.924347   -0.925243  0.00151762
          12   -0.935403    -0.92609   0.0016236
          13   -0.930546   -0.926432  0.00153233
          14   -0.929123   -0.926625  0.00143162
          15    -0.93182   -0.926971  0.00137704
          16   -0.929744   -0.927144  0.00129971
          17   -0.947682   -0.928352  0.00171756
          18   -0.924143   -0.928119  0.00163613
          19   -0.926938   -0.928056  0.00154887
          20   -0.928623   -0.928085  0.00146966
          21   -0.923118   -0.927848  0.00141779
          22    -0.92028   -0.927504   0.0013949
          23   -0.928207   -0.927535  0.00133322
          24   -0.926718   -0.927501  0.00127692
          25   -0.928265   -0.927531  0.00122516
          26   -0.928402   -0.927565  0.00117757
          27   -0.923541   -0.927416  0.00114288
          28   -0.917183    -0.92705  0.00116035
          29   -0.921163   -0.926847  0.00113788
          30    -0.92623   -0.926827  0.00109949
           1   -0.919188   -0.919188           0
           2   -0.908521   -0.913855  0.00533368
           3   -0.911344   -0.913018  0.00319108
           4   -0.909187    -0.91206  0.00245132
           5   -0.915958    -0.91284  0.00205262
           6   -0.924296   -0.914749  0.00254062
           7    -0.90804   -0.913791  0.00235141
           8   -0.913411   -0.913743  0.00203693
           9   -0.905165    -0.91279  0.00203361
          10   -0.912884     -0.9128  0.00181894
          11   -0.910167    -0.91256  0.00166261
          12   -0.910144   -0.912359  0.00153104
          13    -0.91894   -0.912865  0.00149658
          14   -0.911623   -0.912776   0.0013884
          15   -0.901981   -0.912057   0.0014794
          16   -0.911355   -0.912013  0.00138455
          17   -0.919144   -0.912432  0.00136654
          18   -0.912351   -0.912428  0.00128839
          19   -0.906316   -0.912106  0.00126043
          20   -0.912767   -0.912139  0.00119621
          21   -0.910988   -0.912084  0.00113914
          22   -0.922316   -0.912549   0.0011815
          23   -0.912488   -0.912547  0.00112897
          24    -0.91495   -0.912647  0.00108554
          25   -0.905049   -0.912343  0.00108466
          26   -0.916692    -0.91251  0.00105545
          27    -0.91857   -0.912735  0.00104011
          28   -0.911321   -0.912684  0.00100355
          29   -0.900974    -0.91228  0.00104914
          30    -0.90367   -0.911993  0.00105342
           1   -0.895278   -0.895278           0
           2   -0.899848   -0.897563  0.00228456
           3   -0.897909   -0.897678  0.00132403
           4   -0.898586   -0.897905 0.000963353
           5   -0.899144   -0.898153 0.000786259
           6   -0.907428   -0.899699  0.00167376
           7   -0.889407   -0.898229  0.00204031
           8   -0.884256   -0.896482  0.00248444
           9   -0.893488   -0.896149  0.00221619
          10   -0.904456    -0.89698  0.00214921
          11   -0.899174   -0.897179  0.00195424
          12   -0.898441   -0.897285  0.00178706
          13   -0.896977   -0.897261  0.00164403
          14   -0.900971   -0.897526  0.00154497
          15   -0.895092   -0.897364  0.00144741
          16   -0.903039   -0.897718  0.00139962
          17   -0.899202   -0.897806  0.00131761
          18   -0.906785   -0.898304  0.00133867
          19   -0.905002   -0.898657  0.00131441
          20   -0.896737   -0.898561  0.00125065
          21   -0.898771   -0.898571  0.00118964
          22   -0.899019   -0.898591  0.00113446
          23   -0.896893   -0.898517  0.00108653
          24   -0.899136   -0.898543  0.00104059
          25   -0.892619   -0.898306  0.00102584
          26    -0.90532   -0.898576  0.00102185
          27   -0.901386    -0.89868 0.000988763
          28   -0.897103   -0.898624 0.000954459
          29   -0.895319    -0.89851 0.000927981
          30   -0.905638   -0.898747 0.000927464
           1   -0.884965   -0.884965           0
           2   -0.881587   -0.883276  0.00168872
           3   -0.893818    -0.88679  0.00364689
           4   -0.895829    -0.88905  0.00342872
           5    -0.88009   -0.887258  0.00320388
           6   -0.887635   -0.887321  0.00261671
           7   -0.881103   -0.886432  0.00238323
           8   -0.887556   -0.886573  0.00206871
           9   -0.887561   -0.886683  0.00182773
          10   -0.891403   -0.887155  0.00170156
          11   -0.885404   -0.886996  0.00154733
          12   -0.895961   -0.887743  0.00159793
          13   -0.880339   -0.887173  0.00157636
          14   -0.883657   -0.886922  0.00148088
          15   -0.896041    -0.88753  0.00150672
          16    -0.88568   -0.887414  0.00141414
          17   -0.889748   -0.887552  0.00133542
          18   -0.887893   -0.887571  0.00125919
          19   -0.891538   -0.887779  0.00120924
          20   -0.886321   -0.887707   0.0011495
          21   -0.889767   -0.887805  0.00109779
          22   -0.892097      -0.888  0.00106473
          23   -0.886306   -0.887926  0.00102005
          24   -0.890086   -0.888016 0.000980758
          25   -0.882179   -0.887783 0.000969249
          26   -0.888076   -0.887794 0.000931293
          27   -0.893413   -0.888002 0.000919983
          28   -0.882285   -0.887798 0.000909726
          29   -0.885143   -0.887706 0.000882558
          30   -0.888648   -0.887738 0.000853209
           1    -0.86936    -0.86936           0
           2   -0.876014   -0.872687  0.00332693
           3   -0.873241   -0.872872  0.00192966
           4   -0.876568   -0.873796  0.00164788
           5   -0.866161   -0.872269  0.00199029
           6   -0.866026   -0.871228  0.00192963
           7   -0.878031     -0.8722  0.00189843
           8   -0.869635    -0.87188  0.00167506
           9   -0.880981   -0.872891  0.00179024
          10   -0.867416   -0.872343  0.00169225
          11   -0.873531   -0.872451  0.00153451
          12   -0.870631     -0.8723    0.001409
          13   -0.873692   -0.872407  0.00130051
          14   -0.880602   -0.872992   0.0013388
          15    -0.87179   -0.872912  0.00124893
          16   -0.874536   -0.873014  0.00117267
          17   -0.871302   -0.872913  0.00110612
          18   -0.874356   -0.872993  0.00104593
          19   -0.871003   -0.872888 0.000994883
          20   -0.872607   -0.872874 0.000943934
          21   -0.870182   -0.872746 0.000906967
          22   -0.879394   -0.873048 0.000916032
          23   -0.875678   -0.873163 0.000882734
          24   -0.873037   -0.873157  0.00084517
          25   -0.871733     -0.8731 0.000812659
          26   -0.875411   -0.873189 0.000785817
          27   -0.876508   -0.873312 0.000766082
          28   -0.876554   -0.873428 0.000747238
          29    -0.87778   -0.873578 0.000736461
          30   -0.878247   -0.873734 0.000728315
           1   -0.866042   -0.866042           0
           2   -0.863523   -0.864782  0.00125936
           3   -0.863114   -0.864226 0.000915303
           4   -0.864623   -0.864325 0.000654774
           5    -0.86328   -0.864116 0.000548611
           6   -0.860872   -0.863576 0.000702146
           7   -0.863822   -0.863611 0.000594464
           8   -0.855158   -0.862554  0.00117537
           9   -0.865663     -0.8629  0.00109262
          10    -0.86495   -0.863105 0.000998553
          11   -0.868606   -0.863605  0.00103244
          12   -0.860221   -0.863323 0.000983772
          13    -0.86339   -0.863328 0.000904953
          14   -0.858294   -0.862968 0.000911737
          15   -0.863051   -0.862974 0.000848799
          16   -0.865129   -0.863109 0.000805325
          17   -0.859572   -0.862901 0.000784561
          18   -0.861331   -0.862813 0.000744813
          19   -0.868551   -0.863115 0.000766521
          20   -0.860784   -0.862999 0.000736472
          21   -0.859116   -0.862814  0.00072452
          22   -0.870366   -0.863157  0.00077139
          23    -0.86626   -0.863292 0.000749329
          24    -0.86022   -0.863164 0.000728754
          25   -0.859781   -0.863029 0.000711973
          26   -0.865889   -0.863139  0.00069283
          27   -0.860227   -0.863031 0.000675341
          28   -0.870827   -0.863309 0.000707833
          29   -0.868595   -0.863492 0.000706886
          30   -0.854839   -0.863203 0.000741325
           1   -0.850725   -0.850725           0
           2   -0.846691   -0.848708  0.00201699
           3   -0.844514    -0.84731   0.0018196
           4   -0.853356   -0.848821  0.00198488
           5   -0.850194   -0.849096  0.00156179
           6   -0.849427   -0.849151  0.00127639
           7   -0.844583   -0.848499  0.00126078
           8   -0.844629   -0.848015   0.0011942
           9   -0.848593   -0.848079  0.00105514
          10   -0.851292     -0.8484 0.000996949
          11   -0.854044   -0.848913   0.0010375
          12    -0.84478   -0.848569  0.00100779
          13   -0.844104   -0.848226 0.000988622
          14   -0.857959   -0.848921  0.00114938
          15   -0.849249   -0.848943  0.00107024
          16   -0.846596   -0.848796   0.0010118
          17   -0.853247   -0.849058 0.000985823
          18    -0.84891    -0.84905 0.000929479
          19   -0.848792   -0.849036 0.000879304
          20   -0.848886   -0.849029 0.000834214
          21   -0.842348    -0.84871 0.000854899
          22   -0.852439    -0.84888 0.000832549
          23   -0.851248   -0.848983 0.000802162
          24   -0.851682   -0.849095 0.000776203
          25   -0.854471    -0.84931 0.000774938
          26   -0.848554   -0.849281 0.000745105
          27   -0.849023   -0.849272 0.000717042
          28   -0.849102   -0.849266 0.000690985
          29   -0.845824   -0.849147 0.000677212
          30    -0.84877   -0.849134 0.000654369
           1   -0.828705   -0.828705           0
           2   -0.831973   -0.830339  0.00163373
           3   -0.837594   -0.832757  0.00259584
           4   -0.842307   -0.835145  0.00301139
           5    -0.83269   -0.834654  0.00238371
           6   -0.839667   -0.835489  0.00211808
           7    -0.83756   -0.835785  0.00181438
           8   -0.835458   -0.835744  0.00157183
           9   -0.832357   -0.835368  0.00143641
          10   -0.835755   -0.835407  0.00128535
          11   -0.837502   -0.835597  0.00117814
          12   -0.838154    -0.83581   0.0010964
          13   -0.836982     -0.8359  0.00101256
          14   -0.839502   -0.836158 0.000972115
          15   -0.829555   -0.835717  0.00100637
          16   -0.834419   -0.835636 0.000944866
          17   -0.838379   -0.835798  0.00090209
          18   -0.834612   -0.835732 0.000853046
          19   -0.832982   -0.835587 0.000819776
          20   -0.839487   -0.835782 0.000801779
          21   -0.833531   -0.835675 0.000770143
          22   -0.839703   -0.835858 0.000756791
          23   -0.834149   -0.835784 0.000726945
          24   -0.835448    -0.83577 0.000696138
          25   -0.835269    -0.83575 0.000668012
          26   -0.834806   -0.835713 0.000642831
          27   -0.836787   -0.835753 0.000619841
          28   -0.833921   -0.835688 0.000600867
          29   -0.834912   -0.835661 0.000580395
          30   -0.840014   -0.835806 0.000579187
           1    -0.82993    -0.82993           0
           2   -0.827643   -0.828787  0.00114363
           3   -0.825675   -0.827749  0.00122961
           4   -0.829314   -0.828141 0.000953362
           5   -0.832042   -0.828921  0.00107428
           6   -0.823301   -0.827984  0.00128319
           7   -0.826276    -0.82774   0.0011116
           8   -0.826397   -0.827572 0.000977211
           9   -0.822206   -0.826976  0.00104797
          10   -0.831406   -0.827419  0.00103677
          11   -0.826021   -0.827292 0.000946361
          12   -0.824645   -0.827071 0.000891626
          13   -0.822965   -0.826755 0.000878902
          14   -0.826725   -0.826753 0.000813708
          15   -0.819227   -0.826252 0.000908609
          16   -0.826278   -0.826253 0.000849928
          17   -0.829619   -0.826451 0.000822558
          18   -0.825709    -0.82641  0.00077661
          19    -0.81833   -0.825985 0.000848822
          20   -0.827915   -0.826081 0.000811025
          21   -0.825083   -0.826034 0.000772902
          22   -0.823043   -0.825898 0.000749363
          23   -0.818297   -0.825567 0.000788618
          24   -0.823028   -0.825462 0.000762422
          25   -0.824324   -0.825416 0.000732704
          26   -0.826033    -0.82544 0.000704359
          27   -0.824217   -0.825394  0.00067928
          28   -0.824913   -0.825377 0.000654797
          29   -0.825842   -0.825393 0.000632018
          30   -0.821279   -0.825256 0.000625802
           1   -0.812034   -0.812034           0
           2   -0.814069   -0.813051  0.00101744
           3   -0.815068   -0.813724 0.000892697
           4   -0.806185   -0.811839  0.00198745
           5   -0.817204   -0.812912  0.00187655
           6   -0.815366   -0.813321  0.00158586
           7   -0.808995   -0.812703   0.0014759
           8   -0.816583   -0.813188  0.00136709
           9   -0.813157   -0.813185  0.00120566
          10   -0.822528   -0.814119  0.00142681
          11   -0.813605   -0.814072  0.00129144
          12   -0.810226   -0.813752   0.0012217
          13   -0.812351   -0.813644  0.00112896
          14   -0.810287   -0.813404  0.00107236
          15   -0.809429   -0.813139  0.00103289
          16   -0.813172   -0.813141 0.000966185
          17   -0.808758   -0.812884 0.000943484
          18   -0.812772   -0.812877 0.000889547
          19   -0.808367    -0.81264 0.000874268
          20   -0.814538   -0.812735 0.000834815
          21   -0.815298   -0.812857  0.00080339
          22   -0.814067   -0.812912 0.000767974
          23   -0.814498   -0.812981 0.000737059
          24   -0.817068   -0.813151  0.00072594
          25   -0.813252   -0.813155 0.000696309
          26    -0.81071   -0.813061 0.000675568
          27   -0.814596   -0.813118 0.000652548
          28   -0.814844    -0.81318 0.000631823
          29    -0.81528   -0.813252 0.000613934
          30   -0.816252   -0.813352 0.000601489
           1   -0.805297   -0.805297           0
           2   -0.802178   -0.803737  0.00155936
           3   -0.801117   -0.802864  0.00125444
           4   -0.801742   -0.802583 0.000930267
           5   -0.804074   -0.802881 0.000779847
           6   -0.797655    -0.80201  0.00107905
           7   -0.799413   -0.801639 0.000984541
           8   -0.796941   -0.801052  0.00103535
           9   -0.805191   -0.801512  0.00102238
          10   -0.796997    -0.80106  0.00101984
          11   -0.803076   -0.801244  0.00094051
          12   -0.798449   -0.801011 0.000889592
          13   -0.797589   -0.800748 0.000859599
          14   -0.800938   -0.800761 0.000795951
          15   -0.802383   -0.800869 0.000748836
          16   -0.801346   -0.800899 0.000701104
          17   -0.802029   -0.800966 0.000661918
          18   -0.801585      -0.801 0.000625011
          19   -0.803467    -0.80113 0.000605291
          20   -0.805235   -0.801335 0.000609807
          21   -0.802564   -0.801394 0.000582986
          22   -0.803979   -0.801511 0.000568142
          23   -0.800509   -0.801468 0.000544624
          24   -0.802584   -0.801514 0.000523508
          25   -0.803625   -0.801598 0.000509178
          26   -0.800208   -0.801545 0.000492117
          27   -0.803443   -0.801615 0.000478727
          28   -0.800702   -0.801583 0.000462465
          29   -0.805751   -0.801726 0.000468808
          30   -0.795305   -0.801512  0.00050095
           1    -0.78468    -0.78468           0
           2    -0.79037   -0.787525   0.0028452
           3   -0.790174   -0.788408  0.00186498
           4    -0.78735   -0.788144    0.001345
           5   -0.789399   -0.788395  0.00107168
           6   -0.789073   -0.788508 0.000882283
           7   -0.789702   -0.788678 0.000764936
           8   -0.787627   -0.788547 0.000675365
           9   -0.788235   -0.788512 0.000596622
          10   -0.787448   -0.788406  0.00054414
          11   -0.784992   -0.788096 0.000581895
          12    -0.79133   -0.788365 0.000595677
          13   -0.789719   -0.788469 0.000557749
          14   -0.794554   -0.788904 0.000674955
          15    -0.78828   -0.788862 0.000629723
          16   -0.794842   -0.789236 0.000697603
          17   -0.786763   -0.789091 0.000671235
          18   -0.790441   -0.789166 0.000637282
          19   -0.791541   -0.789291 0.000615632
          20   -0.787008   -0.789176 0.000595087
          21   -0.791499   -0.789287 0.000576742
          22   -0.791339    -0.78938 0.000557757
          23   -0.788896   -0.789359 0.000533371
          24   -0.789668   -0.789372 0.000510825
          25   -0.788546   -0.789339 0.000491079
          26   -0.789874    -0.78936 0.000472262
          27   -0.787555   -0.789293 0.000459324
          28   -0.786004   -0.789175 0.000457938
          29   -0.791694   -0.789262 0.000450318
          30   -0.792836   -0.789381 0.000451068
           1   -0.777782   -0.777782           0
           2   -0.777225   -0.777504  0.00027888
           3   -0.779354    -0.77812   0.0006374
           4    -0.77694   -0.777825 0.000538703
           5    -0.77601   -0.777462 0.000553066
           6   -0.780033   -0.777891 0.000622501
           7   -0.776209    -0.77765 0.000578335
           8   -0.778483   -0.777755 0.000511545
           9   -0.783439   -0.778386 0.000776178
          10    -0.77982    -0.77853 0.000708887
          11   -0.776258   -0.778323 0.000673643
          12   -0.778592   -0.778345 0.000615357
          13   -0.779985   -0.778472 0.000579923
          14   -0.779166   -0.778521 0.000539193
          15   -0.777487   -0.778452 0.000506679
          16   -0.778305   -0.778443 0.000474043
          17   -0.776972   -0.778356 0.000453618
          18   -0.777274   -0.778296 0.000431883
          19   -0.776229   -0.778188 0.000422765
          20   -0.778121   -0.778184 0.000401084
          21   -0.776318   -0.778095 0.000391719
          22    -0.77603   -0.778001 0.000385104
          23   -0.776909   -0.777954  0.00037103
          24   -0.780422   -0.778057 0.000369821
          25   -0.778979   -0.778094 0.000356634
          26   -0.776312   -0.778025  0.00034943
          27   -0.776466   -0.777967 0.000341161
          28   -0.778473   -0.777986 0.000329246
          29   -0.776315   -0.777928 0.000322867
          30   -0.781043   -0.778032 0.000328746
           1   -0.766175   -0.766175           0
           2   -0.763494   -0.764835  0.00134067
           3   -0.768166   -0.765945  0.00135352
           4   -0.770283    -0.76703  0.00144644
           5   -0.771718   -0.767967    0.001461
           6   -0.766528   -0.767727  0.00121678
           7    -0.76792   -0.767755  0.00102873
           8   -0.767809   -0.767762 0.000890933
           9   -0.767402   -0.767722 0.000786742
          10   -0.773371   -0.768287  0.00090239
          11   -0.764772   -0.767967 0.000876561
          12   -0.772105   -0.768312 0.000871327
          13   -0.767612   -0.768258  0.00080331
          14   -0.766094   -0.768103 0.000759611
          15   -0.762174   -0.767708 0.000810152
          16   -0.766096   -0.767607 0.000764494
          17   -0.766721   -0.767555 0.000720006
          18   -0.760194   -0.767146 0.000792508
          19   -0.772372   -0.767421  0.00079849
          20   -0.767337   -0.767417 0.000757526
          21   -0.767446   -0.767419 0.000720552
          22    -0.76916   -0.767498 0.000691564
          23   -0.766317   -0.767446 0.000662803
          24   -0.767297    -0.76744 0.000634616
          25   -0.764862   -0.767337 0.000617376
          26   -0.766974   -0.767323  0.00059332
          27   -0.764942   -0.767235 0.000577694
          28   -0.768642   -0.767285 0.000558943
          29     -0.7718   -0.767441  0.00056135
          30   -0.768467   -0.767475 0.000543393
           1   -0.757129   -0.757129           0
           2   -0.752977   -0.755053  0.00207579
           3   -0.756223   -0.755443   0.0012603
           4    -0.75529   -0.755405 0.000891991
           5   -0.754718   -0.755267 0.000704451
           6   -0.760341   -0.756113  0.00102266
           7   -0.758317   -0.756428 0.000919855
           8    -0.75961   -0.756826 0.000890392
           9   -0.753766   -0.756486 0.000855658
          10   -0.760732    -0.75691 0.000875238
          11   -0.757247   -0.756941 0.000792274
          12   -0.754071   -0.756702  0.00076176
          13   -0.751719   -0.756318 0.000798696
          14   -0.758553   -0.756478 0.000756473
          15   -0.755561   -0.756417 0.000706888
          16   -0.754633   -0.756305 0.000670564
          17   -0.757224   -0.756359 0.000632198
          18   -0.758697   -0.756489  0.00061003
          19   -0.754161   -0.756367 0.000589903
          20   -0.755079   -0.756302 0.000563324
          21   -0.753308    -0.75616 0.000554477
          22   -0.756983   -0.756197 0.000529997
          23   -0.759589   -0.756345 0.000527468
          24   -0.759338   -0.756469  0.00052019
          25   -0.753413   -0.756347 0.000513713
          26   -0.759637   -0.756474 0.000509518
          27   -0.754077   -0.756385 0.000498256
          28   -0.756092   -0.756374 0.000480245
          29   -0.760174   -0.756505 0.000481554
          30   -0.752907   -0.756385 0.000480442
           1   -0.743198   -0.743198           0
           2   -0.743866   -0.743532 0.000333973
           3   -0.746808   -0.744624  0.00110888
           4     -0.7433   -0.744293 0.000851109
           5    -0.74695   -0.744825 0.000846766
           6   -0.744285   -0.744735 0.000697212
           7   -0.750637   -0.745578  0.00102872
           8   -0.744998   -0.745505 0.000893843
           9   -0.745477   -0.745502 0.000788302
          10   -0.744489   -0.745401 0.000712325
          11    -0.74207   -0.745098 0.000711931
          12    -0.74043   -0.744709 0.000757416
          13   -0.748291   -0.744985  0.00074923
          14    -0.74506    -0.74499 0.000693673
          15   -0.744436   -0.744953  0.00064683
          16    -0.74799   -0.745143 0.000634124
          17   -0.746935   -0.745248 0.000604912
          18   -0.741845   -0.745059 0.000600839
          19   -0.747074   -0.745165 0.000578141
          20   -0.748426   -0.745328 0.000572191
          21   -0.744531    -0.74529 0.000545584
          22   -0.744679   -0.745263 0.000520935
          23   -0.751986   -0.745555 0.000577266
          24    -0.74467   -0.745518  0.00055392
          25    -0.74944   -0.745675 0.000553984
          26   -0.745658   -0.745674 0.000532251
          27   -0.744213    -0.74562  0.00051501
          28   -0.746122   -0.745638   0.0004966
          29   -0.745069   -0.745618 0.000479571
          30   -0.748777   -0.745724 0.000475124
           1   -0.736109   -0.736109           0
           2    -0.73345   -0.734779  0.00132928
           3   -0.735622    -0.73506  0.00081729
           4   -0.731962   -0.734286 0.000966398
           5   -0.736415   -0.734712  0.00086122
           6   -0.739508   -0.735511  0.00106468
           7   -0.737203   -0.735753 0.000931702
           8   -0.731289   -0.735195 0.000981019
           9   -0.737956   -0.735502 0.000917984
          10   -0.739079   -0.735859 0.000895627
          11   -0.736167   -0.735887 0.000810608
          12   -0.736556   -0.735943 0.000742079
          13   -0.737546   -0.736066 0.000693662
          14   -0.734858    -0.73598 0.000647979
          15   -0.736335   -0.736004 0.000603698
          16   -0.737899   -0.736122 0.000577002
          17   -0.731636   -0.735858 0.000602823
          18    -0.73467   -0.735792 0.000572167
          19   -0.735125   -0.735757 0.000542353
          20   -0.737201   -0.735829 0.000519563
          21   -0.738543   -0.735959 0.000510821
          22    -0.73381   -0.735861 0.000496743
          23   -0.737332   -0.735925 0.000478943
          24   -0.740451   -0.736113 0.000495827
          25    -0.73632   -0.736122 0.000475652
          26   -0.733629   -0.736026 0.000466942
          27   -0.737096   -0.736065 0.000451058
          28   -0.739357   -0.736183 0.000450267
          29   -0.728717   -0.735926 0.000505008
          30     -0.7361   -0.735931 0.000487919
           1   -0.720627   -0.720627           0
           2   -0.725019   -0.722823  0.00219587
           3   -0.722124    -0.72259    0.001289
           4   -0.724152   -0.722981 0.000991619
           5   -0.728064   -0.723997  0.00127415
           6   -0.726553   -0.724423  0.00112415
           7   -0.724296   -0.724405 0.000950251
           8   -0.725619   -0.724557 0.000836806
           9   -0.724725   -0.724575 0.000738229
          10   -0.725564   -0.724674 0.000667645
          11   -0.724495   -0.724658 0.000604127
          12   -0.723789   -0.724586  0.00055622
          13   -0.724866   -0.724607 0.000512102
          14   -0.728463   -0.724883 0.000548301
          15    -0.72436   -0.724848 0.000511629
          16    -0.72595   -0.724917  0.00048352
          17   -0.723895   -0.724856 0.000458146
          18   -0.722244   -0.724711 0.000455673
          19   -0.722568   -0.724599 0.000445542
          20    -0.72377   -0.724557 0.000424705
          21   -0.723432   -0.724504 0.000407509
          22    -0.72136   -0.724361  0.00041399
          23    -0.72077   -0.724205 0.000425269
          24   -0.722173    -0.72412 0.000415869
          25   -0.729072   -0.724318 0.000445358
          26   -0.724697   -0.724333 0.000428134
          27   -0.724287   -0.724331 0.000411976
          28   -0.724701   -0.724344 0.000397209
          29   -0.722677   -0.724287 0.000387555
          30   -0.723395   -0.724257  0.00037559
           1   -0.716043   -0.716043           0
           2   -0.717086   -0.716565 0.000521867
           3   -0.714925   -0.716018 0.000624076
           4   -0.713558   -0.715403 0.000756949
           5   -0.713761   -0.715075 0.000672069
           6   -0.716367    -0.71529 0.000589488
           7   -0.714486   -0.715175 0.000511281
           8   -0.715436   -0.715208 0.000443978
           9   -0.711114   -0.714753 0.000600186
          10   -0.715758   -0.714853 0.000546149
          11   -0.714271     -0.7148 0.000496842
          12   -0.718399     -0.7151 0.000543732
          13   -0.712761    -0.71492  0.00053153
          14   -0.713344   -0.714808 0.000504818
          15   -0.714551   -0.714791 0.000470272
          16   -0.711298   -0.714572 0.000491088
          17   -0.714363    -0.71456 0.000461462
          18   -0.716074   -0.714644 0.000443131
          19   -0.716438   -0.714738 0.000429661
          20   -0.714459   -0.714724 0.000407852
          21   -0.718625    -0.71491 0.000430122
          22   -0.712516   -0.714801 0.000424297
          23   -0.716521   -0.714876 0.000412267
          24   -0.717117   -0.714969 0.000405605
          25   -0.713434   -0.714908 0.000393863
          26   -0.715453   -0.714929 0.000378991
          27   -0.716412   -0.714984 0.000368799
          28   -0.714978   -0.714984 0.000355384
          29   -0.714918   -0.714981 0.000342918
          30   -0.714533   -0.714967 0.000331627
           1   -0.702673   -0.702673           0
           2   -0.703597   -0.703135 0.000461867
           3   -0.707202   -0.704491  0.00138176
           4   -0.704077   -0.704387 0.000982516
           5    -0.70718   -0.704946 0.000944042
           6   -0.697587   -0.703719  0.00144848
           7   -0.702279   -0.703514  0.00124136
           8   -0.704421   -0.703627  0.00108102
           9   -0.705711   -0.703859 0.000981094
          10   -0.708327   -0.704305 0.000984755
          11   -0.704223   -0.704298 0.000890777
          12   -0.707459   -0.704561  0.00085477
          13   -0.705407   -0.704626 0.000788958
          14   -0.704027   -0.704584 0.000731686
          15   -0.702325   -0.704433 0.000697604
          16   -0.705925   -0.704526 0.000659175
          17   -0.705478   -0.704582 0.000621713
          18   -0.704464   -0.704576 0.000586194
          19   -0.708235   -0.704768 0.000586975
          20   -0.709657   -0.705013  0.00060814
          21   -0.702807   -0.704908 0.000587916
          22    -0.70358   -0.704847 0.000563796
          23   -0.701724   -0.704712 0.000555582
          24   -0.704146   -0.704688  0.00053245
          25   -0.703434   -0.704638 0.000513167
          26   -0.704479   -0.704632 0.000493072
          27   -0.707828    -0.70475 0.000489002
          28   -0.702846   -0.704682 0.000476095
          29   -0.705237   -0.704701 0.000459782
          30   -0.705679   -0.704734 0.000445386
           1   -0.696646   -0.696646           0
           2    -0.69711   -0.696878 0.000232107
           3    -0.69625   -0.696669 0.000248642
           4   -0.696584   -0.696648 0.000177087
           5   -0.696974   -0.696713 0.000151931
           6   -0.693618   -0.696197 0.000530579
           7   -0.697423   -0.696372 0.000481401
           8   -0.696724   -0.696416 0.000419221
           9   -0.695168   -0.696277 0.000394859
          10   -0.695209   -0.696171 0.000368972
          11   -0.697149    -0.69626 0.000345396
          12   -0.692075   -0.695911 0.000470114
          13   -0.695192   -0.695856 0.000435967
          14   -0.692989   -0.695651  0.00045258
          15   -0.694936   -0.695603 0.000424016
          16   -0.693902   -0.695497  0.00041064
          17    -0.69507   -0.695472 0.000386544
          18   -0.694907    -0.69544 0.000365786
          19   -0.694099    -0.69537 0.000353126
          20   -0.695486   -0.695376 0.000335055
          21     -0.6922   -0.695224 0.000352759
          22   -0.697331    -0.69532 0.000349701
          23   -0.693031   -0.695221 0.000348657
          24   -0.692422   -0.695104 0.000353595
          25   -0.693201   -0.695028 0.000347591
          26   -0.696416   -0.695081 0.000338194
          27   -0.694598   -0.695063 0.000325918
          28   -0.697332   -0.695144 0.000324345
          29    -0.69646    -0.69519 0.000316233
          30   -0.697057   -0.695252 0.000311788
           1   -0.684737   -0.684737           0
           2   -0.688037   -0.686387  0.00165005
           3   -0.687663   -0.686812  0.00104326
           4    -0.68503   -0.686367 0.000861814
           5   -0.685256   -0.686144 0.000703559
           6   -0.686888   -0.686268  0.00058765
           7   -0.681172    -0.68554 0.000881284
           8   -0.682783   -0.685196 0.000837439
           9   -0.684296   -0.685096 0.000745293
          10   -0.687331   -0.685319 0.000703097
          11   -0.685279   -0.685316 0.000635986
          12   -0.684569   -0.685253   0.0005839
          13   -0.685391   -0.685264 0.000537214
          14   -0.689227   -0.685547 0.000572283
          15   -0.685501   -0.685544 0.000532775
          16   -0.686325   -0.685593 0.000500751
          17   -0.684577   -0.685533 0.000474156
          18   -0.685034   -0.685505 0.000447896
          19   -0.690102   -0.685747 0.000487874
          20   -0.684351   -0.685677 0.000468076
          21   -0.683727   -0.685584  0.00045481
          22   -0.689363   -0.685756 0.000466412
          23   -0.687014   -0.685811 0.000449013
          24   -0.687182   -0.685868 0.000433674
          25   -0.685727   -0.685862 0.000416003
          26   -0.686138   -0.685873 0.000399824
          27   -0.687852   -0.685946 0.000391649
          28   -0.687777   -0.686012 0.000383025
          29   -0.683554   -0.685927 0.000379175
          30   -0.681585   -0.685782 0.000393878
           1   -0.675216   -0.675216           0
           2   -0.675557   -0.675387  0.00017048
           3   -0.675861   -0.675545 0.000186286
           4   -0.674018   -0.675163 0.000403834
           5   -0.677264   -0.675584 0.000523857
           6   -0.676124   -0.675674 0.000437095
           7    -0.67547   -0.675644 0.000370553
           8   -0.674378   -0.675486 0.000357838
           9   -0.674056   -0.675327 0.000353349
          10    -0.67762   -0.675557 0.000390464
          11    -0.67542   -0.675544 0.000353405
          12   -0.676818    -0.67565 0.000339631
          13   -0.676225   -0.675695 0.000315531
          14   -0.676173   -0.675729 0.000294121
          15   -0.676756   -0.675797 0.000282249
          16   -0.673202   -0.675635 0.000309857
          17   -0.674696    -0.67558 0.000296253
          18   -0.676734   -0.675644 0.000286579
          19   -0.676102   -0.675668 0.000272146
          20   -0.678075   -0.675788 0.000284845
          21   -0.678595   -0.675922 0.000302103
          22   -0.676601   -0.675953 0.000289691
          23   -0.678491   -0.676063 0.000297989
          24   -0.680227   -0.676237 0.000333901
          25   -0.672074    -0.67607 0.000360969
          26   -0.673976    -0.67599 0.000356039
          27   -0.674914    -0.67595 0.000344908
          28   -0.675255   -0.675925 0.000333288
          29   -0.675636   -0.675915 0.000321745
          30   -0.676444   -0.675933 0.000311334
           1   -0.666082   -0.666082           0
           2   -0.668737    -0.66741  0.00132757
           3   -0.667101   -0.667307 0.000773332
           4   -0.667266   -0.667297 0.000546923
           5   -0.666704   -0.667178   0.0004399
           6    -0.66738   -0.667212  0.00036075
           7   -0.666111   -0.667055  0.00034306
           8   -0.667226   -0.667076  0.00029787
           9   -0.666368   -0.666997 0.000274233
          10   -0.663989   -0.666697 0.000388122
          11   -0.666025   -0.666636 0.000356341
          12   -0.665035   -0.666502 0.000351568
          13   -0.666409   -0.666495 0.000323474
          14   -0.666824   -0.666519 0.000300402
          15   -0.668708   -0.666664 0.000315448
          16   -0.672425   -0.667024 0.000465493
          17    -0.66581   -0.666953  0.00044305
          18   -0.664021    -0.66679 0.000448349
          19   -0.664306   -0.666659 0.000443798
          20   -0.669248   -0.666789 0.000440474
          21   -0.666599    -0.66678 0.000419073
          22   -0.666034   -0.666746 0.000401004
          23    -0.66941   -0.666862 0.000400295
          24   -0.667749   -0.666899 0.000385033
          25   -0.667751   -0.666933 0.000370879
          26   -0.666542   -0.666918 0.000356646
          27   -0.666437     -0.6669 0.000343645
          28    -0.66721   -0.666911  0.00033133
          29   -0.668372   -0.666961 0.000323646
          30   -0.670666   -0.667085 0.000336179
           1   -0.658613   -0.658613           0
           2   -0.659116   -0.658864  0.00025104
           3   -0.657356   -0.658362 0.000523248
           4   -0.659684   -0.658692  0.00049622
           5   -0.658373   -0.658628  0.00038965
           6   -0.659922   -0.658844 0.000384312
           7   -0.655149   -0.658316  0.00061974
           8   -0.659508   -0.658465  0.00055701
           9   -0.660665    -0.65871 0.000548664
          10   -0.659795   -0.658818 0.000502604
          11   -0.656401   -0.658598 0.000504932
          12   -0.657377   -0.658497 0.000472048
          13   -0.659283   -0.658557 0.000438411
          14   -0.656565   -0.658415 0.000430114
          15   -0.658302   -0.658407 0.000400485
          16   -0.654724   -0.658177 0.000439695
          17   -0.661216   -0.658356 0.000450046
          18   -0.657225   -0.658293 0.000428935
          19    -0.66042   -0.658405 0.000420895
          20   -0.653379   -0.658154 0.000471794
          21    -0.65684   -0.658091 0.000453107
          22   -0.658582   -0.658113 0.000432596
          23   -0.653947   -0.657932 0.000451304
          24   -0.656542   -0.657874 0.000435957
          25   -0.656861   -0.657834 0.000420116
          26   -0.657554   -0.657823 0.000403778
          27    -0.65659   -0.657777 0.000391211
          28     -0.6612     -0.6579 0.000396305
          29   -0.654708   -0.657789 0.000397916
          30   -0.655077   -0.657699 0.000394911
           1   -0.649732   -0.649732           0
           2     -0.6485   -0.649116 0.000615973
           3   -0.648599   -0.648943 0.000395186
           4   -0.645626   -0.648114 0.000875099
           5   -0.647977   -0.648087 0.000678402
           6   -0.647216   -0.647942 0.000572596
           7   -0.646846   -0.647785 0.000508634
           8   -0.648115   -0.647826 0.000442416
           9   -0.646629   -0.647693 0.000412237
          10   -0.649293   -0.647853 0.000401915
          11   -0.650141   -0.648061 0.000418821
          12   -0.649163   -0.648153 0.000393205
          13   -0.647263   -0.648085  0.00036812
          14   -0.651775   -0.648348 0.000430857
          15   -0.652663   -0.648636 0.000493609
          16   -0.648678   -0.648638 0.000461737
          17   -0.647325   -0.648561 0.000440556
          18   -0.646496   -0.648446 0.000430917
          19   -0.647721   -0.648408 0.000409394
          20   -0.651189   -0.648547 0.000412524
          21   -0.645224   -0.648389 0.000423092
          22     -0.6467   -0.648312 0.000410647
          23   -0.648436   -0.648318 0.000392423
          24   -0.647013   -0.648263 0.000379627
          25   -0.649985   -0.648332  0.00037058
          26   -0.647402   -0.648296 0.000357835
          27   -0.649634   -0.648346  0.00034787
          28   -0.648266   -0.648343 0.000335228
          29    -0.64657   -0.648282  0.00032919
          30   -0.652858   -0.648434 0.000352721
           1   -0.641756   -0.641756           0
           2   -0.638755   -0.640256   0.0015008
           3   -0.642177   -0.640896  0.00107746
           4   -0.639699   -0.640597 0.000818567
           5   -0.640097   -0.640497 0.000641897
           6   -0.642196    -0.64078 0.000595746
           7   -0.638634   -0.640473 0.000589498
           8   -0.640437   -0.640469  0.00051054
           9   -0.640655   -0.640489 0.000450727
          10   -0.640987   -0.640539 0.000406203
          11   -0.641381   -0.640616 0.000375309
          12   -0.639613   -0.640532 0.000352641
          13   -0.643494    -0.64076 0.000396409
          14   -0.641296   -0.640798 0.000368994
          15   -0.639138   -0.640688 0.000360906
          16   -0.640312   -0.640664  0.00033841
          17     -0.6393   -0.640584 0.000327849
          18    -0.64019   -0.640562 0.000309873
          19   -0.640572   -0.640563 0.000293111
          20   -0.640039   -0.640536 0.000279299
          21   -0.642078    -0.64061 0.000275616
          22   -0.641708    -0.64066  0.00026749
          23   -0.638188   -0.640552 0.000277262
          24    -0.64154   -0.640593 0.000268628
          25   -0.639651   -0.640556 0.000260403
          26   -0.641247   -0.640582 0.000251597
          27   -0.638959   -0.640522 0.000249458
          28   -0.642018   -0.640576 0.000246247
          29   -0.642532   -0.640643 0.000246994
          30   -0.639362     -0.6406 0.000242411
           1   -0.631169   -0.631169           0
           2   -0.632919   -0.632044  0.00087512
           3   -0.630701   -0.631596 0.000675023
           4   -0.630487   -0.631319 0.000552057
           5   -0.631821   -0.631419 0.000439237
           6   -0.627593   -0.630782 0.000731697
           7   -0.632595   -0.631041  0.00067044
           8   -0.631389   -0.631084 0.000582251
           9   -0.632705   -0.631264 0.000544171
          10   -0.630411   -0.631179  0.00049414
          11   -0.630847   -0.631149 0.000447982
          12   -0.631798   -0.631203  0.00041251
          13   -0.628459   -0.630992 0.000434229
          14   -0.632026   -0.631066  0.00040875
          15   -0.631681   -0.631107 0.000382733
          16   -0.633681   -0.631268 0.000392513
          17   -0.631682   -0.631292 0.000369506
          18   -0.632017   -0.631332 0.000350696
          19   -0.636222    -0.63159  0.00041986
          20   -0.632119   -0.631616 0.000399192
          21   -0.630079   -0.631543 0.000386702
          22   -0.631366   -0.631535 0.000368793
          23    -0.63373    -0.63163 0.000365093
          24   -0.633299     -0.6317 0.000356394
          25    -0.63174   -0.631702 0.000341845
          26   -0.629924   -0.631633 0.000335478
          27   -0.635769   -0.631786 0.000357311
          28   -0.629553   -0.631707 0.000353431
          29   -0.631567   -0.631702 0.000341059
          30   -0.630196   -0.631652 0.000333294
           1    -0.62056    -0.62056           0
           2    -0.62287   -0.621715  0.00115483
           3   -0.620667   -0.621366 0.000752621
           4   -0.623083   -0.621795 0.000683701
           5   -0.626652   -0.622766  0.00110635
           6   -0.621384   -0.622536 0.000932255
           7   -0.626488     -0.6231 0.000969272
           8   -0.625746   -0.623431 0.000902189
           9   -0.625282   -0.623637 0.000821805
          10   -0.621783   -0.623451 0.000758054
          11   -0.620559   -0.623188 0.000734382
          12   -0.626359   -0.623453 0.000720572
          13   -0.622801   -0.623402 0.000664721
          14   -0.626333   -0.623612 0.000650032
          15   -0.622485   -0.623537 0.000609787
          16   -0.623412   -0.623529 0.000570457
          17   -0.626238   -0.623688 0.000559042
          18   -0.621038   -0.623541 0.000547252
          19   -0.624043   -0.623567 0.000518322
          20   -0.622755   -0.623527 0.000493399
          21   -0.624296   -0.623563 0.000470742
          22   -0.621202   -0.623456 0.000461491
          23    -0.62565   -0.623551 0.000451166
          24    -0.62274   -0.623518 0.000433278
          25   -0.620101   -0.623381 0.000437478
          26   -0.624372   -0.623419 0.000422042
          27   -0.621727   -0.623356 0.000410914
          28   -0.620424   -0.623252 0.000409584
          29    -0.62658   -0.623366 0.000411537
          30   -0.623033   -0.623355 0.000397738
           1   -0.614343   -0.614343           0
           2   -0.617512   -0.615927   0.0015844
           3     -0.6165   -0.616118 0.000934441
           4   -0.613172   -0.615382 0.000989401
           5   -0.617053   -0.615716 0.000836148
           6   -0.617097   -0.615946 0.000720453
           7   -0.614221     -0.6157 0.000656891
           8   -0.614883   -0.615597 0.000577966
           9   -0.615085   -0.615541 0.000512889
          10   -0.617283   -0.615715 0.000490704
          11   -0.614204   -0.615577 0.000464616
          12   -0.614825   -0.615515  0.00042874
          13   -0.612961   -0.615318 0.000440586
          14   -0.617678   -0.615487 0.000441365
          15   -0.617629    -0.61563 0.000434991
          16   -0.610682    -0.61532 0.000511051
          17   -0.615963   -0.615358 0.000481533
          18   -0.614386   -0.615304 0.000457195
          19   -0.614431   -0.615258 0.000434901
          20   -0.616952   -0.615343 0.000421188
          21   -0.612437   -0.615205 0.000423859
          22   -0.619478   -0.615399 0.000448389
          23   -0.618389   -0.615529 0.000447744
          24   -0.616512    -0.61557 0.000430634
          25   -0.614137   -0.615513 0.000417005
          26    -0.61252   -0.615397 0.000416846
          27   -0.613997   -0.615346 0.000404451
          28   -0.618827    -0.61547 0.000409087
          29   -0.616971   -0.615522 0.000398107
          30   -0.618099   -0.615608 0.000394089
           1   -0.606562   -0.606562           0
           2   -0.609258    -0.60791  0.00134824
           3   -0.603605   -0.606475  0.00163255
           4   -0.607283   -0.606677  0.00117195
           5   -0.609376   -0.607217  0.00105611
           6   -0.605849   -0.606989 0.000891913
           7   -0.607707   -0.607091 0.000760763
           8   -0.603837   -0.606685  0.00077434
           9   -0.609565   -0.607005 0.000754183
          10   -0.606112   -0.606915  0.00068044
          11   -0.606345   -0.606864 0.000617664
          12    -0.60936   -0.607072 0.000601014
          13   -0.609577   -0.607264 0.000585486
          14   -0.610679   -0.607508 0.000594403
          15   -0.605369   -0.607366 0.000571435
          16   -0.608252   -0.607421 0.000537394
          17   -0.608836   -0.607504 0.000511607
          18   -0.606196   -0.607432 0.000487792
          19   -0.608945   -0.607511 0.000468231
          20   -0.606042   -0.607438 0.000450234
          21    -0.60961   -0.607541 0.000440574
          22    -0.60577   -0.607461  0.00042772
          23   -0.607342   -0.607456 0.000408733
          24   -0.606732   -0.607425 0.000392491
          25   -0.605815   -0.607361 0.000381939
          26   -0.605365   -0.607284 0.000374901
          27   -0.605517   -0.607219 0.000366639
          28   -0.607119   -0.607215 0.000353321
          29   -0.607349    -0.60722 0.000340951
          30   -0.606095   -0.607182 0.000331516
           1   -0.598119   -0.598119           0
           2   -0.599703   -0.598911  0.00079168
           3   -0.599706   -0.599176  0.00052841
           4   -0.599014   -0.599136 0.000375818
           5   -0.596758    -0.59866 0.000557526
           6   -0.600032   -0.598889 0.000509432
           7   -0.598888   -0.598889 0.000430548
           8   -0.598565   -0.598848  0.00037505
           9   -0.597833   -0.598735 0.000349477
          10   -0.600292   -0.598891 0.000349204
          11   -0.601135   -0.599095  0.00037599
          12   -0.598988   -0.599086 0.000343346
          13   -0.603329   -0.599413 0.000454151
          14   -0.599055   -0.599387 0.000421237
          15   -0.601503   -0.599528 0.000416754
          16   -0.601488   -0.599651  0.00040864
          17   -0.597425    -0.59952 0.000405565
          18   -0.598118   -0.599442 0.000390217
          19   -0.599413    -0.59944 0.000369111
          20    -0.60011   -0.599474 0.000351767
          21   -0.597394   -0.599375 0.000348942
          22   -0.599672   -0.599388 0.000332976
          23   -0.600767   -0.599448  0.00032377
          24   -0.601733   -0.599543 0.000324279
          25   -0.600805   -0.599594 0.000315106
          26   -0.596059   -0.599458 0.000331866
          27   -0.596941   -0.599365 0.000332665
          28   -0.601884   -0.599455 0.000332955
          29    -0.59967   -0.599462 0.000321354
          30   -0.601606   -0.599534 0.000318577
           1   -0.592958   -0.592958           0
           2    -0.59206   -0.592509  0.00044912
           3   -0.590097   -0.591705 0.000844847
           4   -0.592732   -0.591962 0.000650239
           5   -0.592331   -0.592036 0.000509078
           6   -0.592204   -0.592064 0.000416611
           7   -0.589697   -0.591726 0.000488146
           8   -0.591745   -0.591728 0.000422754
           9   -0.591492   -0.591702 0.000373752
          10   -0.592619   -0.591794 0.000346651
          11   -0.590113   -0.591641 0.000348787
          12   -0.592354     -0.5917 0.000323899
          13   -0.595019   -0.591956 0.000392381
          14    -0.59134   -0.591912 0.000365922
          15   -0.590135   -0.591793 0.000360654
          16   -0.590776    -0.59173 0.000343293
          17   -0.592028   -0.591747 0.000322945
          18   -0.594139    -0.59188 0.000332209
          19   -0.593471   -0.591964 0.000325204
          20   -0.588851   -0.591808 0.000345562
          21   -0.592107   -0.591822 0.000329004
          22    -0.59208   -0.591834 0.000313911
          23    -0.59132   -0.591812 0.000300783
          24   -0.591805   -0.591811 0.000287978
          25   -0.591833   -0.591812  0.00027622
          26   -0.593376   -0.591872 0.000272113
          27   -0.591396   -0.591855 0.000262435
          28    -0.58978   -0.591781 0.000263525
          29   -0.592029   -0.591789  0.00025442
          30   -0.590881   -0.591759 0.000247649
           1   -0.587269   -0.587269           0
           2   -0.582502   -0.584885  0.00238349
           3   -0.586305   -0.585358  0.00145518
           4   -0.579697   -0.583943  0.00174977
           5   -0.583647   -0.583884  0.00135666
           6   -0.583268   -0.583781  0.00111246
           7   -0.583141    -0.58369 0.000944633
           8   -0.582717   -0.583568 0.000827055
           9   -0.583145   -0.583521 0.000730905
          10   -0.585681   -0.583737  0.00068848
          11   -0.581929   -0.583573 0.000644077
          12   -0.584593   -0.583658 0.000594077
          13    -0.58442   -0.583717 0.000549611
          14   -0.585031    -0.58381 0.000517436
          15    -0.58456    -0.58386 0.000484291
          16   -0.587648   -0.584097 0.000511123
          17   -0.587075   -0.584272 0.000511073
          18   -0.586753    -0.58441 0.000501166
          19    -0.58564   -0.584475 0.000478455
          20   -0.585591   -0.584531 0.000457322
          21   -0.586775   -0.584638 0.000447932
          22   -0.583585    -0.58459 0.000429758
          23   -0.586301   -0.584664 0.000417337
          24     -0.5852   -0.584686 0.000400193
          25   -0.585762   -0.584729 0.000386254
          26   -0.583583   -0.584685 0.000373712
          27   -0.585651   -0.584721  0.00036138
          28   -0.584348   -0.584708 0.000348489
          29   -0.584339   -0.584695 0.000336498
          30   -0.585486   -0.584721 0.000326156
           1   -0.578497   -0.578497           0
           2   -0.576291   -0.577394  0.00110288
           3   -0.578442   -0.577743 0.000726322
           4   -0.577004   -0.577558 0.000545853
           5   -0.580069    -0.57806 0.000656406
           6   -0.579946   -0.578375 0.000621278
           7   -0.577043   -0.578184 0.000558494
           8   -0.575152   -0.577805 0.000614523
           9   -0.582391   -0.578315 0.000743903
          10   -0.576211   -0.578104 0.000697826
          11   -0.577873   -0.578083 0.000631558
          12   -0.575159    -0.57784 0.000625935
          13   -0.574577   -0.577589 0.000628111
          14   -0.578363   -0.577644 0.000584142
          15   -0.576687    -0.57758 0.000547536
          16    -0.57895   -0.577666 0.000519283
          17   -0.573811   -0.577439 0.000537913
          18   -0.578005    -0.57747 0.000508122
          19   -0.577532   -0.577474 0.000480646
          20   -0.578388   -0.577519 0.000458266
          21   -0.579519   -0.577615 0.000446179
          22   -0.580462   -0.577744 0.000444668
          23    -0.57672     -0.5777  0.00042722
          24   -0.578061   -0.577715 0.000409309
          25    -0.57751   -0.577706 0.000392681
          26   -0.581115   -0.577838 0.000399403
          27   -0.577043   -0.577808 0.000385451
          28   -0.575878   -0.577739 0.000377769
          29   -0.575201   -0.577652 0.000374867
          30   -0.577175   -0.577636 0.000362504
           1   -0.567778   -0.567778           0
           2   -0.571043    -0.56941  0.00163245
           3   -0.569114   -0.569312 0.000947656
           4   -0.569705    -0.56941 0.000677284
           5   -0.569082   -0.569344 0.000528718
           6   -0.570517    -0.56954 0.000473868
           7   -0.569216   -0.569494 0.000403159
           8   -0.571004   -0.569682 0.000396948
           9    -0.56886   -0.569591 0.000361796
          10   -0.569275   -0.569559 0.000325142
          11   -0.570222    -0.56962 0.000300204
          12   -0.570692   -0.569709 0.000288256
          13   -0.569829   -0.569718 0.000265318
          14   -0.568224   -0.569612 0.000267831
          15   -0.568963   -0.569568 0.000253063
          16   -0.570008   -0.569596 0.000238312
          17    -0.56757   -0.569477 0.000253585
          18   -0.569528    -0.56948 0.000239099
          19   -0.569425   -0.569477 0.000226183
          20   -0.567837   -0.569395  0.00022971
          21   -0.569996   -0.569423 0.000220369
          22    -0.56881   -0.569395 0.000211955
          23   -0.568547   -0.569359  0.00020586
          24   -0.567029   -0.569262   0.0002197
          25      -0.573   -0.569411 0.000258388
          26   -0.567275   -0.569329 0.000261494
          27   -0.570839   -0.569385 0.000257762
          28   -0.568439   -0.569351 0.000250675
          29   -0.570512   -0.569391 0.000245164
          30     -0.5714   -0.569458 0.000246139
           1   -0.564933   -0.564933           0
           2   -0.564275   -0.564604 0.000328987
           3   -0.561675   -0.563628 0.000994546
           4   -0.564441   -0.563831 0.000732059
           5   -0.557471   -0.562559  0.00139273
           6    -0.55994   -0.562122  0.00121807
           7    -0.56314   -0.562268  0.00103966
           8   -0.561798   -0.562209 0.000902285
           9   -0.563526   -0.562355 0.000809089
          10   -0.564155   -0.562535 0.000745713
          11   -0.563868   -0.562657 0.000685322
          12   -0.564444   -0.562806 0.000643099
          13   -0.562889   -0.562812   0.0005916
          14   -0.561142   -0.562693 0.000560555
          15   -0.561033   -0.562582 0.000533444
          16   -0.563369   -0.562631 0.000501408
          17   -0.562883   -0.562646 0.000471223
          18   -0.564103   -0.562727 0.000451588
          19   -0.562782    -0.56273 0.000427169
          20   -0.563847   -0.562786 0.000409082
          21   -0.562332   -0.562764 0.000389713
          22   -0.563123    -0.56278 0.000371935
          23   -0.563142   -0.562796 0.000355743
          24   -0.561283   -0.562733 0.000346381
          25    -0.56421   -0.562792 0.000337449
          26   -0.562689   -0.562788 0.000324235
          27   -0.560443   -0.562701 0.000323859
          28    -0.56373   -0.562738 0.000314235
          29   -0.562775   -0.562739 0.000303208
          30   -0.562833   -0.562743 0.000292944
           1   -0.558582   -0.558582           0
           2   -0.554866   -0.556724  0.00185792
           3   -0.558152     -0.5572  0.00117353
           4   -0.554907   -0.556626  0.00100852
           5   -0.557689   -0.556839 0.000809559
           6   -0.555381   -0.556596  0.00070425
           7   -0.553866   -0.556206 0.000711591
           8   -0.556927   -0.556296 0.000622817
           9   -0.555625   -0.556222 0.000554308
          10   -0.555932   -0.556193 0.000496631
          11   -0.558591   -0.556411 0.000499328
          12   -0.554721    -0.55627 0.000477069
          13   -0.553938    -0.55609 0.000474093
          14   -0.554706   -0.555992 0.000449922
          15    -0.55775   -0.556109 0.000434945
          16   -0.555633   -0.556079 0.000407938
          17   -0.555259   -0.556031 0.000386212
          18    -0.55549   -0.556001 0.000365364
          19   -0.556578   -0.556031 0.000346933
          20   -0.553546   -0.555907 0.000351813
          21   -0.552513   -0.555745  0.00037162
          22   -0.553993   -0.555666 0.000363171
          23   -0.557312   -0.555737 0.000354328
          24   -0.555048   -0.555708 0.000340459
          25    -0.55372   -0.555629 0.000336102
          26   -0.557927   -0.555717 0.000334789
          27   -0.555098   -0.555694 0.000322966
          28   -0.555566    -0.55569 0.000311251
          29   -0.556969   -0.555734  0.00030355
          30   -0.557181   -0.555782 0.000297197
           1   -0.549002   -0.549002           0
           2   -0.552361   -0.550681  0.00167973
           3   -0.548286   -0.549883   0.0012562
           4   -0.549656   -0.549826 0.000890071
           5   -0.549141   -0.549689 0.000702923
           6   -0.550466   -0.549819 0.000588338
           7   -0.549954   -0.549838 0.000497613
           8   -0.546802   -0.549459 0.000574197
           9   -0.548216   -0.549321 0.000524883
          10   -0.548124   -0.549201 0.000484467
          11   -0.547518   -0.549048 0.000464166
          12   -0.548897   -0.549035 0.000423909
          13   -0.548531   -0.548997 0.000391862
          14   -0.545889   -0.548775 0.000425326
          15   -0.549475   -0.548821 0.000398704
          16   -0.546983   -0.548706 0.000390243
          17   -0.546926   -0.548602 0.000381235
          18   -0.546991   -0.548512   0.0003704
          19   -0.551207   -0.548654 0.000377974
          20   -0.550515   -0.548747  0.00037045
          21   -0.548009   -0.548712 0.000354117
          22    -0.55089   -0.548811 0.000351856
          23   -0.547927   -0.548773 0.000338401
          24   -0.547294   -0.548711 0.000329799
          25   -0.551861   -0.548837 0.000340497
          26   -0.550705   -0.548909 0.000334938
          27   -0.550301    -0.54896 0.000326392
          28    -0.55004   -0.548999 0.000316872
          29   -0.548248   -0.548973 0.000306845
          30   -0.548697   -0.548964 0.000296584
           1   -0.542939   -0.542939           0
           2   -0.539092   -0.541016  0.00192363
           3   -0.544744   -0.542259  0.00166671
           4   -0.543688   -0.542616  0.00123157
           5   -0.542522   -0.542597 0.000954155
           6   -0.544063   -0.542842 0.000816474
           7   -0.542202    -0.54275 0.000696068
           8   -0.543176   -0.542803  0.00060516
           9   -0.542393   -0.542758 0.000535648
          10    -0.54186   -0.542668 0.000487435
          11    -0.54636   -0.543004 0.000554135
          12   -0.545924   -0.543247 0.000561342
          13   -0.544987   -0.543381 0.000533416
          14   -0.542791   -0.543339 0.000495643
          15   -0.544225   -0.543398 0.000465188
          16   -0.542059   -0.543314 0.000443112
          17    -0.54066   -0.543158 0.000444541
          18   -0.541997   -0.543094 0.000424048
          19   -0.546903   -0.543294 0.000448417
          20   -0.539059   -0.543082 0.000475192
          21   -0.545118   -0.543179 0.000462273
          22   -0.541596   -0.543107 0.000446593
          23   -0.545203   -0.543198 0.000436353
          24   -0.538485   -0.543002 0.000461632
          25   -0.542983   -0.543001 0.000442782
          26   -0.544639   -0.543064 0.000430047
          27   -0.544227   -0.543107 0.000416047
          28   -0.541102   -0.543036 0.000407256
          29    -0.54247   -0.543016 0.000393447
          30   -0.543969   -0.543048 0.000381429
           1   -0.536645   -0.536645           0
           2   -0.536858   -0.536752   0.0001064
           3   -0.536859   -0.536787 7.11028e-05
           4   -0.534037     -0.5361   0.0006894
           5   -0.533943   -0.535668 0.000686543
           6   -0.537964   -0.536051 0.000678689
           7   -0.535943   -0.536036 0.000573806
           8   -0.537341   -0.536199 0.000523032
           9     -0.5342   -0.535977 0.000511952
          10   -0.535325   -0.535912  0.00046251
          11   -0.535183   -0.535845 0.000423572
          12   -0.537904   -0.536017 0.000423019
          13   -0.536666   -0.536067 0.000392316
          14   -0.533179    -0.53586   0.0004177
          15   -0.536853   -0.535927 0.000394446
          16   -0.539682   -0.536161 0.000437309
          17   -0.540492   -0.536416 0.000483365
          18   -0.535561   -0.536369 0.000458189
          19   -0.533759   -0.536231 0.000454644
          20    -0.53486   -0.536163 0.000436725
          21    -0.53667   -0.536187  0.00041611
          22   -0.536759   -0.536213 0.000397595
          23   -0.538076   -0.536294 0.000388452
          24   -0.537762   -0.536355 0.000376909
          25   -0.537209   -0.536389  0.00036313
          26   -0.537528   -0.536433 0.000351622
          27   -0.537012   -0.536454 0.000339027
          28   -0.538633   -0.536532 0.000335831
          29   -0.534413   -0.536459 0.000332182
          30   -0.537287   -0.536487 0.000322103
           1   -0.530611   -0.530611           0
           2   -0.531575   -0.531093 0.000482053
           3   -0.530463   -0.530883  0.00034877
           4   -0.529597   -0.530561 0.000405193
           5   -0.529988   -0.530447 0.000334163
           6   -0.529199   -0.530239 0.000343013
           7   -0.531099   -0.530362 0.000314864
           8   -0.529052   -0.530198 0.000318057
           9   -0.527873    -0.52994 0.000381335
          10   -0.529885   -0.529934  0.00034112
          11   -0.529762   -0.529919 0.000308951
          12   -0.526121   -0.529602 0.000423895
          13   -0.529695   -0.529609 0.000389991
          14   -0.528411   -0.529524 0.000371071
          15   -0.530959   -0.529619 0.000358457
          16   -0.529852   -0.529634 0.000335621
          17   -0.532958   -0.529829 0.000370976
          18   -0.528232   -0.529741  0.00036084
          19   -0.529401   -0.529723 0.000341788
          20   -0.528926   -0.529683  0.00032669
          21   -0.531446   -0.529767  0.00032188
          22   -0.527206    -0.52965  0.00032823
          23   -0.532755   -0.529785 0.000341446
          24   -0.529429   -0.529771 0.000327246
          25   -0.530783   -0.529811 0.000316485
          26   -0.534007   -0.529973 0.000344245
          27   -0.530107   -0.529977 0.000331287
          28   -0.530601       -0.53 0.000320013
          29   -0.529751   -0.529991   0.0003089
          30   -0.529572   -0.529977 0.000298752
           1   -0.522662   -0.522662           0
           2   -0.524464   -0.523563 0.000900987
           3   -0.522381   -0.523169 0.000652544
           4   -0.524265   -0.523443 0.000536645
           5   -0.524544   -0.523663 0.000470436
           6    -0.52511   -0.523904  0.00045357
           7   -0.521983    -0.52363 0.000471452
           8   -0.522412   -0.523477 0.000435726
           9   -0.523329   -0.523461  0.00038463
          10   -0.524077   -0.523523 0.000349489
          11   -0.522947    -0.52347 0.000320426
          12   -0.524866   -0.523586 0.000314781
          13   -0.524994   -0.523695 0.000309132
          14    -0.52419    -0.52373 0.000288377
          15   -0.522503   -0.523648 0.000280654
          16   -0.523098   -0.523614 0.000264772
          17   -0.523729   -0.523621 0.000248803
          18   -0.523599   -0.523619 0.000234577
          19   -0.521098   -0.523487 0.000258534
          20   -0.523627   -0.523494 0.000245368
          21     -0.5257   -0.523599 0.000255953
          22   -0.524843   -0.523655 0.000250511
          23   -0.522715   -0.523615  0.00024284
          24   -0.524289   -0.523643 0.000234195
          25   -0.522946   -0.523615 0.000226356
          26   -0.523368   -0.523605 0.000217682
          27   -0.524108   -0.523624 0.000210292
          28   -0.524298   -0.523648 0.000204068
          29   -0.521695   -0.523581 0.000208104
          30   -0.523318   -0.523572 0.000201239
           1   -0.518023   -0.518023           0
           2   -0.518445   -0.518234 0.000210987
           3   -0.517747   -0.518072 0.000203036
           4   -0.514129   -0.517086  0.00099598
           5   -0.517368   -0.517143 0.000773548
           6   -0.518028    -0.51729 0.000648621
           7   -0.515323   -0.517009 0.000616032
           8    -0.51735   -0.517052 0.000535197
           9   -0.517401    -0.51709 0.000473594
          10    -0.51731   -0.517112 0.000424166
          11   -0.515673   -0.516982 0.000405364
          12   -0.516477    -0.51694 0.000372428
          13   -0.517802   -0.517006 0.000348954
          14   -0.519588    -0.51719 0.000371994
          15   -0.518396   -0.517271  0.00035552
          16   -0.515932   -0.517187 0.000342929
          17   -0.518358   -0.517256 0.000329409
          18   -0.516959   -0.517239 0.000311008
          19   -0.519555   -0.517361 0.000318434
          20   -0.516428   -0.517315 0.000305673
          21     -0.5185   -0.517371 0.000296177
          22   -0.516177   -0.517317  0.00028756
          23   -0.515688   -0.517246 0.000283751
          24   -0.516138     -0.5172 0.000275563
          25   -0.517591   -0.517216 0.000264774
          26   -0.516635   -0.517193 0.000255364
          27   -0.519403   -0.517275 0.000258997
          28   -0.517906   -0.517298  0.00025059
          29   -0.517083    -0.51729 0.000241908
          30   -0.517297    -0.51729 0.000233706
           1   -0.509797   -0.509797           0
           2   -0.508369   -0.509083 0.000714187
           3   -0.512231   -0.510132  0.00112747
           4    -0.51363   -0.511007  0.00118325
           5   -0.508349   -0.510475  0.00105953
           6   -0.513276   -0.510942 0.000982976
           7   -0.511453   -0.511015 0.000833971
           8   -0.511737   -0.511105 0.000727864
           9   -0.513185   -0.511336 0.000682247
          10   -0.512311   -0.511434 0.000617951
          11   -0.512427   -0.511524 0.000566206
          12   -0.513424   -0.511682 0.000540583
          13   -0.513635   -0.511833 0.000519446
          14   -0.512656   -0.511891 0.000484497
          15    -0.51224   -0.511915 0.000451641
          16   -0.515021   -0.512109 0.000464933
          17   -0.509936   -0.511981  0.00045505
          18   -0.510643   -0.511907 0.000435415
          19   -0.509008   -0.511754 0.000439216
          20   -0.510483   -0.511691 0.000421494
          21   -0.510709   -0.511644 0.000403636
          22   -0.510677     -0.5116 0.000387352
          23   -0.510461    -0.51155 0.000373426
          24   -0.511494   -0.511548 0.000357536
          25   -0.512841     -0.5116 0.000346814
          26   -0.510648   -0.511563 0.000335211
          27   -0.511539   -0.511562 0.000322559
          28   -0.511989   -0.511577   0.0003112
          29   -0.513271   -0.511636 0.000305904
          30   -0.514641   -0.511736 0.000312047
           1   -0.504603   -0.504603           0
           2   -0.506604   -0.505603  0.00100043
           3   -0.506756   -0.505988 0.000693693
           4   -0.506464   -0.506107 0.000504762
           5   -0.503117   -0.505509 0.000714399
           6   -0.506352   -0.505649 0.000600005
           7   -0.502985   -0.505269 0.000634038
           8   -0.506117   -0.505375  0.00055923
           9   -0.504481   -0.505275 0.000503096
          10   -0.503817    -0.50513 0.000473032
          11   -0.508015   -0.505392 0.000501903
          12   -0.505962   -0.505439  0.00046063
          13   -0.504628   -0.505377 0.000428296
          14   -0.504796   -0.505335  0.00039869
          15    -0.50611   -0.505387 0.000374734
          16   -0.506826   -0.505477 0.000361888
          17   -0.506109   -0.505514 0.000341959
          18   -0.503424   -0.505398  0.00034267
          19   -0.507577   -0.505513 0.000343814
          20   -0.504739   -0.505474 0.000328458
          21   -0.506267   -0.505512 0.000314697
          22   -0.504219   -0.505453 0.000305748
          23   -0.507284   -0.505533 0.000302806
          24   -0.505744   -0.505541 0.000290048
          25   -0.506148   -0.505566 0.000279261
          26   -0.505297   -0.505555 0.000268505
          27    -0.50562   -0.505558  0.00025838
          28   -0.503383    -0.50548 0.000260811
          29   -0.503006   -0.505395 0.000265725
          30    -0.50439   -0.505361  0.00025889
           1   -0.500283   -0.500283           0
           2   -0.500105   -0.500194 8.89067e-05
           3   -0.497951   -0.499446  0.00074928
           4   -0.498608   -0.499237 0.000569789
           5   -0.500829   -0.499555 0.000544224
           6   -0.501067   -0.499807 0.000510785
           7   -0.499515   -0.499765  0.00043371
           8   -0.501431   -0.499973 0.000429422
           9   -0.502939   -0.500303 0.000501973
          10   -0.500439   -0.500317 0.000449183
          11   -0.500995   -0.500378 0.000410962
          12   -0.500688   -0.500404 0.000376039
          13   -0.497891   -0.500211 0.000396259
          14   -0.503789   -0.500466 0.000447115
          15   -0.498921   -0.500363 0.000428796
          16   -0.499844   -0.500331 0.000402411
          17   -0.499739   -0.500296 0.000379601
          18   -0.498848   -0.500216 0.000366823
          19   -0.502433   -0.500332 0.000366087
          20   -0.503569   -0.500494 0.000383158
          21   -0.500718   -0.500505 0.000364613
          22   -0.497873   -0.500385 0.000367657
          23   -0.500708   -0.500399 0.000351588
          24   -0.497015   -0.500258 0.000364954
          25   -0.498143   -0.500174 0.000360133
          26   -0.499194   -0.500136 0.000348048
          27   -0.498927   -0.500091 0.000337891
          28   -0.496697    -0.49997 0.000347431
          29   -0.497866   -0.499897 0.000342993
          30   -0.499251   -0.499876 0.000332063
           1   -0.491102   -0.491102           0
           2   -0.492057    -0.49158  0.00047736
           3   -0.493413   -0.492191 0.000670505
           4   -0.495129   -0.492925 0.000874221
           5   -0.494712   -0.493283 0.000765641
           6    -0.49645   -0.493811 0.000818249
           7   -0.493673   -0.493791 0.000691827
           8   -0.496599   -0.494142 0.000694408
           9   -0.494616   -0.494195 0.000614671
          10   -0.493692   -0.494144 0.000552067
          11   -0.495481   -0.494266 0.000513923
          12   -0.494529   -0.494288 0.000469658
          13   -0.492333   -0.494137 0.000457441
          14   -0.492926   -0.494051 0.000432261
          15     -0.4926   -0.493954 0.000413873
          16   -0.494804   -0.494007  0.00039077
          17   -0.493927   -0.494003 0.000367095
          18     -0.4918    -0.49388 0.000367095
          19      -0.495   -0.493939 0.000352206
          20   -0.493339   -0.493909 0.000335475
          21   -0.494977    -0.49396 0.000323127
          22   -0.495612   -0.494035  0.00031711
          23    -0.49475   -0.494066 0.000304599
          24   -0.493421   -0.494039 0.000292868
          25   -0.494514   -0.494058 0.000281549
          26   -0.491274   -0.493951 0.000290929
          27   -0.494132   -0.493958 0.000280027
          28   -0.493552   -0.493943  0.00027023
          29   -0.494456   -0.493961 0.000261343
          30   -0.493589   -0.493949 0.000252785
           1   -0.491006   -0.491006           0
           2   -0.491244   -0.491125 0.000119147
           3   -0.489844   -0.490698 0.000432492
           4   -0.489303   -0.490349 0.000463741
           5   -0.488272   -0.489934 0.000549179
           6   -0.489918   -0.489931  0.00044841
           7   -0.492274   -0.490266 0.000505608
           8   -0.486885   -0.489843 0.000608528
           9   -0.488885   -0.489737  0.00054714
          10   -0.490696   -0.489833 0.000498699
          11   -0.490088   -0.489856 0.000451687
          12   -0.489895   -0.489859 0.000412345
          13    -0.49067   -0.489922 0.000384401
          14   -0.491479   -0.490033 0.000372858
          15   -0.489468   -0.489995 0.000349151
          16   -0.489041   -0.489935    0.000332
          17   -0.489351   -0.489901 0.000313752
          18   -0.490188   -0.489917 0.000296237
          19   -0.490106   -0.489927 0.000280388
          20    -0.48969   -0.489915 0.000266263
          21   -0.488761    -0.48986 0.000259165
          22   -0.490798   -0.489903 0.000250754
          23   -0.488561   -0.489844 0.000246604
          24   -0.488927   -0.489806 0.000239178
          25   -0.485413    -0.48963 0.000288974
          26   -0.492844   -0.489754 0.000303906
          27   -0.488012   -0.489689  0.00029947
          28   -0.491927   -0.489769 0.000299439
          29   -0.486365   -0.489652  0.00031187
          30   -0.489101   -0.489634 0.000301855
           1   -0.483963   -0.483963           0
           2   -0.486109   -0.485036  0.00107325
           3   -0.481239    -0.48377  0.00140935
           4   -0.482776   -0.483522  0.00102706
           5   -0.481795   -0.483176 0.000867284
           6   -0.481599   -0.482913 0.000755379
           7   -0.484372   -0.483122 0.000671551
           8   -0.484835   -0.483336 0.000619737
           9   -0.483619   -0.483367 0.000547459
          10   -0.482456   -0.483276 0.000498068
          11   -0.482696   -0.483223 0.000453601
          12   -0.483717   -0.483265 0.000416118
          13   -0.481824   -0.483154 0.000398482
          14   -0.483941    -0.48321 0.000373189
          15   -0.483096   -0.483202 0.000347503
          16   -0.482911   -0.483184  0.00032557
          17   -0.482457   -0.483141 0.000308796
          18   -0.481875   -0.483071 0.000299516
          19   -0.484293   -0.483135 0.000290519
          20   -0.486735   -0.483315 0.000329167
          21   -0.482071   -0.483256 0.000318654
          22   -0.484548   -0.483315 0.000309449
          23     -0.4853   -0.483401 0.000308032
          24   -0.481619   -0.483327 0.000304126
          25   -0.483208   -0.483322 0.000291747
          26   -0.485945   -0.483423 0.000297907
          27   -0.482903   -0.483404 0.000287307
          28   -0.484911   -0.483458 0.000282043
          29   -0.484944   -0.483509 0.000276927
          30   -0.483503   -0.483509 0.000267537
           1   -0.479821   -0.479821           0
           2    -0.47757   -0.478695  0.00112549
           3   -0.479618   -0.479003  0.00071892
           4   -0.473097   -0.477527  0.00156147
           5    -0.48028   -0.478077  0.00132899
           6   -0.478339   -0.478121    0.001086
           7   -0.478868   -0.478228 0.000924024
           8   -0.479006   -0.478325 0.000806114
           9   -0.477314   -0.478213  0.00071975
          10     -0.4774   -0.478131 0.000648873
          11   -0.476365   -0.477971 0.000608489
          12   -0.477545   -0.477935 0.000556602
          13   -0.476814   -0.477849 0.000519219
          14   -0.479116    -0.47794 0.000489141
          15   -0.477472   -0.477908  0.00045643
          16    -0.47774   -0.477898 0.000427081
          17   -0.479346   -0.477983 0.000410112
          18   -0.479381   -0.478061 0.000394386
          19   -0.478168   -0.478066 0.000373094
          20   -0.477996   -0.478063 0.000353966
          21   -0.477789    -0.47805  0.00033694
          22   -0.478347   -0.478063 0.000321544
          23   -0.477927   -0.478057 0.000307303
          24   -0.479135   -0.478102 0.000297626
          25   -0.479731   -0.478167 0.000292813
          26   -0.477256   -0.478132 0.000283502
          27   -0.478762   -0.478156 0.000273796
          28   -0.479232   -0.478194  0.00026662
          29   -0.477414   -0.478167 0.000258666
          30    -0.47929   -0.478205  0.00025268
           1   -0.473552   -0.473552           0
           2   -0.471637   -0.472594 0.000957093
           3   -0.471771    -0.47232 0.000616963
           4   -0.473667   -0.472657 0.000551113
           5   -0.472117   -0.472549 0.000440347
           6   -0.471284   -0.472338 0.000416822
           7   -0.474619   -0.472664 0.000479859
           8   -0.473341   -0.472748 0.000424113
           9   -0.474687   -0.472964 0.000431595
          10   -0.473703   -0.473038 0.000393042
          11   -0.472028   -0.472946 0.000367176
          12   -0.472299   -0.472892 0.000339491
          13   -0.476425   -0.473164 0.000413987
          14   -0.471325   -0.473032 0.000405158
          15   -0.470113   -0.472838 0.000424429
          16   -0.472534   -0.472819  0.00039747
          17   -0.474347   -0.472909 0.000384033
          18    -0.47302   -0.472915 0.000362122
          19   -0.473973   -0.472971 0.000347027
          20   -0.475408   -0.473093 0.000351048
          21   -0.474589   -0.473164 0.000341436
          22    -0.47105   -0.473068 0.000339424
          23   -0.471695   -0.473008 0.000329776
          24   -0.474168   -0.473056 0.000319414
          25   -0.472411   -0.473031 0.000307455
          26   -0.476735   -0.473173 0.000327953
          27   -0.470891   -0.473089 0.000326694
          28   -0.474558   -0.473141 0.000319155
          29   -0.472535    -0.47312 0.000308661
          30   -0.473581   -0.473135  0.00029859
           1   -0.469774   -0.469774           0
           2   -0.467835   -0.468804 0.000969333
           3   -0.469704   -0.469104 0.000634932
           4   -0.467424   -0.468684  0.00061491
           5   -0.467252   -0.468398 0.000555737
           6    -0.47008   -0.468678 0.000533393
           7   -0.466944    -0.46843 0.000514412
           8    -0.46563    -0.46808 0.000566548
           9    -0.46624   -0.467876 0.000539859
          10   -0.467369   -0.467825 0.000485514
          11   -0.467626   -0.467807 0.000439537
          12   -0.469683   -0.467963  0.00043063
          13   -0.468938   -0.468038  0.00040315
          14   -0.466026   -0.467895 0.000399963
          15   -0.467517    -0.46787 0.000373194
          16   -0.469123   -0.467948 0.000357767
          17   -0.466801    -0.46788  0.00034277
          18    -0.46916   -0.467951 0.000330888
          19   -0.466385   -0.467869 0.000323663
          20   -0.466501   -0.467801 0.000314576
          21   -0.468237   -0.467821 0.000299941
          22   -0.468731   -0.467863 0.000288954
          23   -0.467257   -0.467836 0.000277359
          24   -0.467127   -0.467807 0.000267193
          25   -0.469165   -0.467861 0.000261979
          26   -0.468095    -0.46787 0.000251862
          27   -0.468803   -0.467905 0.000244803
          28   -0.468349   -0.467921 0.000236432
          29   -0.467422   -0.467903  0.00022878
          30   -0.468849   -0.467935 0.000223261
           1   -0.461369   -0.461369           0
           2   -0.462064   -0.461717 0.000347173
           3   -0.460207   -0.461214 0.000541528
           4   -0.462095   -0.461434 0.000441797
           5   -0.462458   -0.461639 0.000398812
           6   -0.460133   -0.461388 0.000411068
           7   -0.462984   -0.461616 0.000415586
           8   -0.461587   -0.461612 0.000359926
           9   -0.461947   -0.461649 0.000319592
          10   -0.463537   -0.461838 0.000342527
          11   -0.463767   -0.462013 0.000355999
          12   -0.463519   -0.462139 0.000348354
          13   -0.460707   -0.462029 0.000338838
          14   -0.461145   -0.461966 0.000319992
          15   -0.461155   -0.461912 0.000302762
          16   -0.462611   -0.461955 0.000286566
          17   -0.462807   -0.462005 0.000273808
          18    -0.46122   -0.461962  0.00026181
          19    -0.46203   -0.461965 0.000247674
          20   -0.462552   -0.461995 0.000236787
          21   -0.461335   -0.461963 0.000227409
          22   -0.463039   -0.462012 0.000222266
          23   -0.462044   -0.462014 0.000212387
          24   -0.464961   -0.462136 0.000237559
          25   -0.463643   -0.462197 0.000235696
          26   -0.460368   -0.462126 0.000237117
          27   -0.461017   -0.462085 0.000231838
          28   -0.464027   -0.462155 0.000233919
          29   -0.460826   -0.462109 0.000230313
          30   -0.463949    -0.46217 0.000230804
