-3.26994
-3.26994
-3.27009
-3.26964
-3.26949
-3.26964
-3.26919
-3.26964
-3.26949
-3.26979
-3.27116
-3.27116
-3.2704
-3.271
-3.27039
-3.27054
-3.27085
-3.271
-3.27115
-3.27024
-3.27084
-3.27054
-3.271
-3.27221
-3.27146
-3.27146
-3.27176
-3.27161
-3.27131
-3.27206
-3.27161
-3.27266
-3.27235
-3.27371
-3.27341
-3.27281
-3.27251
-3.27205
-3.27266
-3.27205
-3.27236
-3.27206
-3.27281
-3.27296
-3.27206
-3.27326
-3.27266
-3.27235
-3.27205
-3.2716
-3.271
-3.27175
-3.27161
-3.27055
-3.27025
-3.26995
-3.26949
-3.26888
-3.26948
-3.26933
-3.26963
-3.26963
-3.27054
-3.27099
-3.2713
-3.27145
-3.2713
-3.27176
-3.27101
-3.2704
-3.2707
-3.271
-3.27085
-3.2716
-3.27084
-3.27084
-3.27174
-3.27235
-3.2722
-3.27266
-3.27206
-3.27085
-3.27055
-3.27024
-3.27115
-3.2722
-3.2722
-3.2722
-3.27251
-3.27266
-3.27311
-3.27402
-3.27417
-3.27402
-3.27477
-3.27523
-3.27538
-3.27493
-3.27462
-3.27402
-3.27372
-3.27266
-3.27357
-3.27357
-3.27523
-3.27462
-3.27432
-3.27462
-3.27402
-3.27447
-3.27432
-3.27447
-3.27523
-3.27509
-3.27448
-3.27358
-3.27237
-3.27236
-3.27115
-3.27085
-3.27039
-3.2713
-3.27281
-3.27326
-3.27417
-3.27417
-3.27463
-3.27448
-3.27387
-3.27433
-3.27478
-3.27418
-3.27342
-3.27327
-3.27236
-3.27311
-3.2716
-3.27236
-3.2716
-3.27084
-3.27069
-3.27054
-3.26994
-3.26934
-3.26919
-3.26783
-3.26692
-3.26662
-3.26692
-3.26662
-3.26662
-3.26586
-3.26722
-3.26722
-3.26782
-3.26767
-3.26677
-3.26631
-3.26571
-3.26556
-3.26632
-3.26753
-3.26813
-3.26828
-3.26858
-3.26948
-3.26978
-3.26963
-3.26948
-3.26948
-3.26888
-3.26949
-3.26918
-3.26918
-3.26949
-3.26949
-3.26933
-3.26918
-3.26933
-3.26857
-3.26888
-3.26948
-3.26843
-3.26949
-3.26949
-3.26949
-3.26964
-3.27055
-3.26979
-3.26918
-3.26873
-3.26842
-3.26812
-3.26873
-3.26828
-3.26798
-3.26722
-3.26571
-3.26525
-3.26571
-3.26571
-3.26601
-3.26722
-3.26752
-3.26677
-3.26632
-3.26737
-3.26737
-3.26858
-3.26828
-3.26873
-3.26843
-3.26903
-3.26843
-3.26828
-3.26783
-3.26737
-3.26843
-3.26828
-3.26813
-3.26858
-3.26904
-3.26873
-3.26919
-3.26888
-3.26918
-3.26903
-3.26843
-3.26858
-3.26934
-3.26964
-3.26918
-3.26994
-3.27069
-3.27054
-3.27039
-3.2707
-3.2713
-3.27115
-3.27025
-3.26964
-3.26903
-3.26767
-3.26737
-3.26707
-3.26661
-3.26722
-3.26722
-3.26828
-3.26843
-3.26889
-3.26889
-3.26768
-3.26874
-3.26813
-3.26737
-3.26737
-3.26722
-3.26677
-3.26692
-3.26662
-3.26722
-3.26707
-3.26647
-3.26662
-3.26632
-3.26572
-3.26647
-3.26692
-3.26601
-3.26661
-3.2657
-3.26631
-3.26707
-3.26813
-3.26768
-3.26738
-3.26768
-3.26738
-3.26632
-3.26647
-3.26722
-3.26692
-3.26828
-3.26903
-3.26948
-3.27069
-3.26979
-3.26964
-3.26964
-3.27009
-3.26994
-3.27024
-3.26933
-3.271
-3.2716
-3.27069
-3.2707
-3.27085
-3.27085
-3.27024
-3.26964
-3.26828
-3.26858
-3.26949
-3.26994
-3.26949
-3.26994
-3.26978
-3.26963
-3.26963
-3.26994
-3.271
-3.27009
-3.26904
-3.26783
-3.26828
-3.26722
-3.26782
-3.26661
-3.26706
-3.26676
-3.26782
-3.26813
-3.26844
-3.26769
-3.26708
-3.26663
-3.26526
-3.2648
-3.26465
-3.26556
-3.26571
-3.26722
-3.26904
-3.26949
-3.26904
-3.27024
-3.26949
-3.26979
-3.27085
-3.271
-3.27025
-3.26934
-3.26858
-3.26767
-3.26677
-3.26858
-3.26874
-3.26874
-3.26889
-3.2698
-3.26979
-3.27009
-3.26964
-3.27039
-3.27145
-3.2719
-3.27221
-3.27206
-3.27206
-3.27176
-3.27176
-3.27115
-3.271
-3.27025
-3.26949
-3.26859
-3.26859
-3.26919
-3.26919
-3.26782
-3.26903
-3.26858
-3.26843
-3.26813
-3.26708
-3.26783
-3.26723
-3.26708
-3.26602
-3.26511
-3.26572
-3.26526
-3.26571
-3.26616
-3.26632
-3.26768
-3.26844
-3.26859
-3.26843
-3.26722
-3.26812
-3.26767
-3.26813
-3.26964
-3.27055
-3.2695
-3.27025
-3.2701
-3.26934
-3.26874
-3.26934
-3.26828
-3.26843
-3.26813
-3.26722
-3.26722
-3.26813
-3.26979
-3.26965
-3.27101
-3.27071
-3.2707
-3.26995
-3.26904
-3.26949
-3.26979
-3.2704
-3.26979
-3.26964
-3.2695
-3.27025
-3.26965
-3.2701
-3.26889
-3.26889
-3.26873
-3.26919
-3.26859
-3.26874
-3.2692
-3.2695
-3.2695
-3.2692
-3.2701
-3.26995
-3.26904
-3.26919
-3.26904
-3.26844
-3.26919
-3.26828
-3.26843
-3.26919
-3.26874
-3.26859
-3.26889
-3.26904
-3.26965
-3.27086
-3.27071
-3.27056
-3.26905
-3.26935
-3.26995
-3.27025
-3.27025
-3.2707
-3.2704
-3.27025
-3.2695
-3.2698
-3.27026
-3.27041
-3.2692
-3.26935
-3.26874
-3.26874
-3.26965
-3.26919
-3.26904
-3.26844
-3.26799
-3.2686
-3.26875
-3.26875
-3.2689
-3.26829
-3.26798
-3.26828
-3.26903
-3.26918
-3.26934
-3.26934
-3.26979
-3.2701
-3.2695
-3.26889
-3.2695
-3.26904
-3.26889
-3.26859
-3.26934
-3.26934
-3.26889
-3.26844
-3.26919
-3.26874
-3.26768
-3.26723
-3.26799
-3.26889
-3.27025
-3.2704
-3.27071
-3.2701
-3.27085
-3.27085
-3.27146
-3.27266
-3.27236
-3.27191
-3.27297
-3.27041
-3.27011
-3.27026
-3.27025
-3.27055
-3.27025
-3.2698
-3.26995
-3.2698
-3.26949
-3.26934
-3.26934
-3.26904
-3.26844
-3.26859
-3.26859
-3.2695
-3.27011
-3.27026
-3.27025
-3.27055
-3.27116
-3.27146
-3.2707
-3.26934
-3.26904
-3.26904
-3.26904
-3.26753
-3.26813
-3.26828
-3.26889
-3.26874
-3.2701
-3.27025
-3.2701
-3.26995
-3.26799
-3.26739
-3.26723
-3.26783
-3.26752
-3.26842
-3.26797
-3.26858
-3.2701
-3.2701
-3.27025
-3.2701
-3.26964
-3.27055
-3.2713
-3.2707
-3.2704
-3.2707
-3.27055
-3.26964
-3.26995
-3.26965
-3.26783
-3.26844
-3.26904
-3.26904
-3.26798
-3.26768
-3.26798
-3.26782
-3.26752
-3.26722
-3.26647
-3.26753
-3.26602
-3.26541
-3.26481
-3.26496
-3.26572
-3.26648
-3.26648
-3.26617
-3.26647
-3.26662
-3.26708
-3.26678
-3.26783
-3.26708
-3.26633
-3.26527
-3.26648
-3.26663
-3.26632
-3.26708
-3.26829
-3.26813
-3.26768
-3.26798
-3.26738
-3.26693
-3.26783
-3.26799
-3.26784
-3.26754
-3.26769
-3.26693
-3.26754
-3.26769
-3.26754
-3.26799
-3.26739
-3.26693
-3.26708
-3.26753
-3.26738
-3.26753
-3.26889
-3.26828
-3.26814
-3.26965
-3.2698
-3.26875
-3.26829
-3.26814
-3.26814
-3.2689
-3.2689
-3.26859
-3.26874
-3.2692
-3.2692
-3.2701
-3.27086
-3.27116
-3.27131
-3.27237
-3.27267
-3.27237
-3.27268
-3.27177
-3.27162
-3.27176
-3.27146
-3.27161
-3.27237
-3.27328
-3.27343
-3.27313
-3.27252
-3.27298
-3.27207
-3.27313
-3.27267
-3.27237
-3.27206
-3.27221
-3.27282
-3.27206
-3.27297
-3.27342
-3.27343
-3.27327
-3.27282
-3.27328
-3.27252
-3.27298
-3.27328
-3.27343
-3.27358
-3.27403
-3.27373
-3.27478
-3.27448
-3.27539
-3.27403
-3.27433
-3.27464
-3.27494
-3.27313
-3.27343
-3.27373
-3.27328
-3.27253
-3.27207
-3.27298
-3.27388
-3.27328
-3.27433
-3.27387
-3.27463
-3.27342
-3.27297
-3.27252
-3.27192
-3.27238
-3.27253
-3.27177
-3.27238
-3.27223
-3.27313
-3.27313
-3.27358
-3.27283
-3.27192
-3.27222
-3.27085
-3.2701
-3.27131
-3.27086
-3.27101
-3.27147
-3.26995
-3.27026
-3.26996
-3.2698
-3.2698
-3.27041
-3.26965
-3.26935
-3.26844
-3.26844
-3.26829
-3.26768
-3.26663
-3.26663
-3.26753
-3.26768
-3.26723
-3.26723
-3.26769
-3.26844
-3.26965
-3.2695
-3.26995
-3.26965
-3.26949
-3.2698
-3.27025
-3.27025
-3.27056
-3.2704
-3.27071
-3.2701
-3.2698
-3.2698
-3.2698
-3.26889
-3.26935
-3.2695
-3.26829
-3.26799
-3.26769
-3.26738
-3.26768
-3.26768
-3.26889
-3.26813
-3.26904
-3.26783
-3.26677
-3.26738
-3.26784
-3.26769
-3.26844
-3.2692
-3.26935
-3.27025
-3.27055
-3.26995
-3.26995
-3.27056
-3.2698
-3.27071
-3.27025
-3.2695
-3.26965
-3.26995
-3.26874
-3.26784
-3.26708
-3.26708
-3.26829
-3.26814
-3.26753
-3.26844
-3.26949
-3.2695
-3.2695
-3.2698
-3.2698
-3.2698
-3.2692
-3.2692
-3.26996
-3.27071
-3.2698
-3.26919
-3.26904
-3.2695
-3.27041
-3.27011
-3.2698
-3.27056
-3.27071
-3.27086
-3.2704
-3.27086
-3.27025
-3.26905
-3.2692
-3.26875
-3.26769
-3.26875
-3.26875
-3.26799
-3.26875
-3.2686
-3.26935
-3.26935
-3.26905
-3.2692
-3.26799
-3.26875
-3.26995
-3.26995
-3.2695
-3.2698
-3.26904
-3.26784
-3.26844
-3.26845
-3.26905
-3.27011
-3.27057
-3.27102
-3.27072
-3.27012
-3.26966
-3.26845
-3.2689
-3.26844
-3.26768
-3.26798
-3.26738
-3.26799
-3.26754
-3.26739
-3.2683
-3.26799
-3.26814
-3.26769
-3.26648
-3.26663
-3.26724
-3.26739
-3.26649
-3.26709
-3.26754
-3.26739
-3.26859
-3.26965
-3.26934
-3.27101
-3.27161
-3.27147
-3.27177
-3.27268
-3.27223
-3.27253
-3.27283
-3.27283
-3.27208
-3.27177
-3.27117
-3.27192
-3.27207
-3.27253
-3.27132
-3.27117
-3.27086
-3.26935
-3.26935
-3.26995
-3.2686
-3.26799
-3.26754
-3.26799
-3.26814
-3.26724
-3.26754
-3.2686
-3.26891
-3.26876
-3.26816
-3.2677
-3.26831
-3.26785
-3.26785
-3.26769
-3.26814
-3.26768
-3.2692
-3.27026
-3.27012
-3.27118
-3.27148
-3.27209
-3.27133
-3.27027
-3.27011
-3.27086
-3.27071
-3.27056
-3.26996
-3.26996
-3.26935
-3.26739
-3.26679
-3.26634
-3.2671
-3.26755
-3.2674
-3.2674
-3.26694
-3.26664
-3.26739
-3.26679
-3.26588
-3.26648
-3.26694
-3.26785
-3.268
-3.26739
-3.26694
-3.26664
-3.26724
-3.26785
-3.26724
-3.26799
-3.26724
-3.26755
-3.268
-3.26936
-3.26997
-3.27057
-3.27011
-3.27072
-3.27102
-3.27072
-3.27163
-3.27087
-3.27223
-3.27162
-3.27147
-3.27026
-3.27026
-3.26905
-3.2683
-3.26785
-3.26755
-3.26755
-3.26679
-3.26679
-3.26709
-3.26663
-3.26724
-3.26739
-3.26799
-3.26754
-3.26649
-3.26694
-3.26603
-3.26633
-3.26558
-3.26452
-3.26391
-3.26467
-3.26407
-3.26331
-3.26331
-3.26331
-3.26407
-3.26482
-3.26452
-3.26527
-3.26527
-3.26436
-3.26437
-3.26392
-3.26392
-3.26423
-3.26514
-3.26635
-3.26725
-3.2683
-3.26784
-3.26723
-3.26708
-3.26663
-3.26678
-3.26633
-3.26694
-3.26709
-3.26725
-3.26695
-3.26725
-3.26619
-3.26559
-3.26559
-3.26528
-3.26573
-3.26481
-3.26527
-3.26482
-3.26482
-3.26467
-3.26498
-3.26543
-3.26453
-3.26422
-3.26483
-3.26422
-3.26467
-3.26528
-3.26513
-3.26513
-3.26483
-3.26559
-3.26559
-3.26574
-3.26574
-3.26618
-3.26588
-3.26618
-3.26739
-3.26738
-3.26784
-3.26769
-3.26709
-3.26876
-3.27057
-3.27042
-3.26997
-3.26982
-3.26982
-3.26936
-3.26997
-3.26997
-3.26876
-3.26875
-3.26966
-3.2692
-3.2698
-3.26919
-3.26829
-3.26829
-3.26844
-3.26784
-3.26875
-3.26921
-3.26966
-3.26951
-3.26966
-3.2692
-3.2692
-3.2689
-3.26965
-3.2692
-3.26905
-3.26981
-3.27026
-3.27056
-3.2701
-3.26965
-3.26935
-3.2692
-3.26966
-3.26935
-3.27086
-3.26995
-3.27025
-3.26904
-3.2701
-3.26965
-3.2695
-3.27071
-3.27011
-3.2692
-3.26951
-3.26996
-3.27011
-3.2695
-3.26828
-3.26873
-3.26873
-3.26828
-3.26829
-3.26874
-3.26738
-3.26663
-3.26723
-3.26768
-3.26768
-3.26768
-3.26708
-3.26662
-3.26602
-3.26677
-3.26723
-3.26693
-3.26708
-3.26632
-3.26632
-3.26632
-3.26572
-3.26496
-3.26511
-3.26572
-3.26511
-3.26527
-3.26421
-3.26527
-3.26436
-3.26481
-3.26557
-3.26466
-3.26466
-3.26466
-3.26512
-3.26572
-3.26663
-3.26617
-3.26632
-3.26693
-3.26753
-3.26723
-3.26798
-3.26783
-3.26738
-3.26768
-3.26844
-3.26829
-3.26663
-3.26587
-3.26617
-3.26632
-3.26602
-3.26768
-3.26783
-3.26813
-3.26829
-3.26829
-3.2689
-3.27026
-3.2692
-3.26874
-3.2692
-3.26783
-3.26844
-3.26813
-3.26813
-3.26904
-3.26919
-3.26768
-3.26798
-3.26859
-3.26844
-3.26874
-3.26828
-3.26828
-3.26843
-3.26904
-3.26964
-3.26889
-3.26844
-3.2692
-3.2695
-3.2692
-3.26784
-3.26859
-3.26768
-3.26798
-3.26768
-3.26737
-3.26904
-3.26873
-3.26934
-3.26814
-3.2692
-3.26995
-3.2701
-3.27101
-3.27131
-3.27252
-3.27222
-3.27267
-3.27146
-3.2701
-3.2701
-3.2698
-3.26889
-3.2698
-3.2704
-3.2704
-3.26994
-3.26979
-3.26964
-3.2707
-3.271
-3.27025
-3.2698
-3.2701
-3.27026
-3.27071
-3.27101
-3.27086
-3.27055
-3.27055
-3.26994
-3.26919
-3.26859
-3.26768
-3.26633
-3.26693
-3.26709
-3.26724
-3.26754
-3.26709
-3.26663
-3.26603
-3.26648
-3.26617
-3.26723
-3.26814
-3.26738
-3.26859
-3.26904
-3.26965
-3.26965
-3.26829
-3.26784
-3.26814
-3.26754
-3.26799
-3.26768
-3.26738
-3.26753
-3.26768
-3.26799
-3.26768
-3.26753
-3.26693
-3.26723
-3.26814
-3.26934
-3.26919
-3.2695
-3.26859
-3.26708
-3.26618
-3.26633
-3.26708
-3.26663
-3.26633
-3.26693
-3.26723
-3.26784
-3.26799
-3.26723
-3.26829
-3.26874
-3.26949
-3.26965
-3.2695
-3.27116
-3.27161
-3.27237
-3.27146
-3.27191
-3.27146
-3.27161
-3.27146
-3.27131
-3.27025
-3.26995
-3.27025
-3.26919
-3.2692
-3.26935
-3.26935
-3.26965
-3.2695
-3.26814
-3.26844
-3.26935
-3.2692
-3.26844
-3.26859
-3.26813
-3.26798
-3.26949
-3.26904
-3.26949
-3.26919
-3.2698
-3.26965
-3.27071
-3.27071
-3.27086
-3.27161
-3.27222
-3.27176
-3.27176
-3.27207
-3.27192
-3.27146
-3.26995
-3.2704
-3.26949
-3.27055
-3.2701
-3.27146
-3.27176
-3.27101
-3.27147
-3.27207
-3.27071
-3.26996
-3.2695
-3.2689
-3.26995
-3.26965
-3.27131
-3.27131
-3.27086
-3.27162
-3.27237
-3.27207
-3.27116
-3.27086
-3.27162
-3.27268
-3.27237
-3.27283
-3.27313
-3.27298
-3.27464
-3.27449
-3.27389
-3.27419
-3.27419
-3.27268
-3.27238
-3.27162
-3.27177
-3.27238
-3.27223
-3.27208
-3.27223
-3.27222
-3.27132
-3.27162
-3.27238
-3.27283
-3.27298
-3.27313
-3.27374
-3.27373
-3.27283
-3.27268
-3.27328
-3.27237
-3.27207
-3.27298
-3.27237
-3.27298
-3.27388
-3.27419
-3.27328
-3.27298
-3.27343
-3.27283
-3.27238
-3.27253
-3.27177
-3.27102
-3.27056
-3.26996
-3.26905
-3.26874
-3.26844
-3.26753
-3.26708
-3.26754
-3.26799
-3.2683
-3.2686
-3.26815
-3.26905
-3.26966
-3.26996
-3.26995
-3.27025
-3.27056
-3.27161
-3.27116
-3.26875
-3.2692
-3.2692
-3.26935
-3.2689
-3.26905
-3.26905
-3.26996
-3.27041
-3.27132
-3.27207
-3.27177
-3.27298
-3.27222
-3.27237
-3.27146
-3.27025
-3.27055
-3.27071
-3.27086
-3.26965
-3.26981
-3.27041
-3.27026
-3.27026
-3.26935
-3.26905
-3.27041
-3.27011
-3.2698
-3.27116
-3.27177
-3.27192
-3.27162
-3.27207
-3.27253
-3.27237
-3.27162
-3.27146
-3.27161
-3.27237
-3.27312
-3.27312
-3.27282
-3.27267
-3.27267
-3.27207
-3.27207
-3.27192
-3.27223
-3.27193
-3.27162
-3.27072
-3.26996
-3.27192
-3.27177
-3.27177
-3.27162
-3.27177
-3.27207
-3.27298
-3.27329
-3.27283
-3.27207
-3.27358
-3.27252
-3.27282
-3.27312
-3.27252
-3.27237
-3.27268
-3.27344
-3.27359
-3.27359
-3.27344
-3.27419
-3.27449
-3.27479
-3.27464
-3.27449
-3.27418
-3.27388
-3.27313
-3.27358
-3.27313
-3.27358
-3.27328
-3.27237
-3.27146
-3.2704
-3.2704
-3.27086
-3.27056
-3.2701
-3.26965
-3.2695
-3.26966
-3.26981
-3.27011
-3.26981
-3.2692
-3.26905
-3.26904
-3.26798
-3.26768
-3.26799
-3.26829
-3.26814
-3.26799
-3.2683
-3.2689
-3.26905
-3.26905
-3.26845
-3.26814
-3.2695
-3.26995
-3.26875
-3.26829
-3.2692
-3.26814
-3.26829
-3.26799
-3.26784
-3.26754
-3.2686
-3.26815
-3.2677
-3.2686
-3.26845
-3.26815
-3.26815
-3.26814
-3.26844
-3.26828
-3.26904
-3.26814
-3.26906
-3.26846
-3.26831
-3.26876
-3.26937
-3.26967
-3.27102
-3.27147
-3.27192
-3.27267
-3.27177
-3.27177
-3.27283
-3.27193
-3.27148
-3.27208
-3.27192
-3.27162
-3.27147
-3.27222
-3.27101
-3.27147
-3.27192
-3.27177
-3.27117
-3.27116
-3.27177
-3.27147
-3.27177
-3.27102
-3.27087
-3.27147
-3.27147
-3.27147
-3.27208
-3.27268
-3.27208
-3.27177
-3.27223
-3.27177
-3.27162
-3.27041
-3.27011
-3.27056
-3.27071
-3.27086
-3.27116
-3.27071
-3.27146
-3.27162
-3.27101
-3.26996
-3.2692
-3.26739
-3.26769
-3.26844
-3.26905
-3.2695
-3.26874
-3.26784
-3.2686
-3.26829
-3.26739
-3.26784
-3.26769
-3.26829
-3.26799
-3.26753
-3.26693
-3.26724
-3.26618
-3.26543
-3.26542
-3.26572
-3.26648
-3.26496
-3.2639
-3.26541
-3.26587
-3.26512
-3.26512
-3.26482
-3.26407
-3.26316
-3.26241
-3.2621
-3.26271
-3.26316
-3.26301
-3.26391
-3.26422
-3.26467
-3.26482
-3.26497
-3.26513
-3.26498
-3.26543
-3.26604
-3.26649
-3.26709
-3.26634
-3.26679
-3.26739
-3.26784
-3.26875
-3.2692
-3.2686
-3.26784
-3.26814
-3.26905
-3.26936
-3.26951
-3.2692
-3.2695
-3.27026
-3.27026
-3.27071
-3.27086
-3.27132
-3.27117
-3.27207
-3.27177
-3.27116
-3.27207
-3.27253
-3.27359
-3.27283
-3.27208
-3.27238
-3.27192
-3.27283
-3.27222
-3.27162
-3.27177
-3.27207
-3.27237
-3.27132
-3.27117
-3.27072
-3.26966
-3.26951
-3.26815
-3.26784
-3.26754
-3.26845
-3.26935
-3.27056
-3.27071
-3.27086
-3.27147
-3.27087
-3.27072
-3.27117
-3.26966
-3.26996
-3.2686
-3.26739
-3.26769
-3.26784
-3.26724
-3.26664
-3.26588
-3.26603
-3.26603
-3.26648
-3.26678
-3.26693
-3.26738
-3.26662
-3.26647
-3.26557
-3.26496
-3.26512
-3.26481
-3.26617
-3.26618
-3.26648
-3.26588
-3.26557
-3.26603
-3.26633
-3.26769
-3.26739
-3.26723
-3.26693
-3.26783
-3.26874
-3.26829
-3.26844
-3.26829
-3.26904
-3.26829
-3.26768
-3.26829
-3.26859
-3.26844
-3.2701
-3.27101
-3.27101
-3.27101
-3.27071
-3.27041
-3.26996
-3.26935
-3.2692
-3.26935
-3.26874
-3.2695
-3.26934
-3.2695
-3.26889
-3.26844
-3.2698
-3.27101
-3.27221
-3.27191
-3.27237
-3.27237
-3.27328
-3.27207
-3.27283
-3.27328
-3.27283
-3.27268
-3.27282
-3.27192
-3.27162
-3.27313
-3.27373
-3.27312
-3.27267
-3.27237
-3.27177
-3.27146
-3.27146
-3.27131
-3.27177
-3.27192
-3.27207
-3.27177
-3.27162
-3.27177
-3.27148
-3.27193
-3.27238
-3.27253
-3.27253
-3.27388
-3.27373
-3.27373
-3.27313
-3.27086
-3.2695
-3.26935
-3.2692
-3.26965
-3.2689
-3.26965
-3.26935
-3.26981
-3.27041
-3.26996
-3.26981
-3.2686
-3.26724
-3.26784
-3.26694
-3.26663
-3.26739
-3.26739
-3.26815
-3.26799
-3.26709
-3.26724
-3.26784
-3.26784
-3.26739
-3.26754
-3.26815
-3.26709
-3.26769
-3.26693
-3.26738
-3.26693
-3.26663
-3.26724
-3.26663
-3.26724
-3.26739
-3.268
-3.26724
-3.26633
-3.26648
-3.26724
-3.26694
-3.26618
-3.26618
-3.26664
-3.26679
-3.26679
-3.26678
-3.26724
-3.26724
-3.26739
-3.26739
-3.26739
-3.26603
-3.26558
-3.26527
-3.26603
-3.26694
-3.26724
-3.26739
-3.26678
-3.26739
-3.26739
-3.26799
-3.26844
-3.26844
-3.26905
-3.26875
-3.26905
-3.2692
-3.26905
-3.26875
-3.2689
-3.2689
-3.26815
-3.26769
-3.26815
-3.2683
-3.26905
-3.26874
-3.2692
-3.2686
-3.26875
-3.26799
-3.26678
-3.26603
-3.26663
-3.26739
-3.26709
-3.26724
-3.26633
-3.26588
-3.26542
-3.26663
-3.26679
-3.26663
-3.26588
-3.26648
-3.26663
-3.26633
-3.26603
-3.26709
-3.26844
-3.2692
-3.2698
-3.26934
-3.27009
-3.26964
-3.2695
-3.26875
-3.26875
-3.26769
-3.26875
-3.2689
-3.26935
-3.26981
-3.26815
-3.2683
-3.26815
-3.26724
-3.26724
-3.26708
-3.26723
-3.26663
-3.26723
-3.26693
-3.26799
-3.26754
-3.2683
-3.2686
-3.26875
-3.2692
-3.26935
-3.2689
-3.26935
-3.26935
-3.27026
-3.26995
-3.2701
-3.2698
-3.26995
-3.27026
-3.26995
-3.27147
-3.27116
-3.27086
-3.27086
-3.27011
-3.27011
-3.26996
-3.26935
-3.26965
-3.26814
-3.26708
-3.26663
-3.26678
-3.26739
-3.26814
-3.26799
-3.26905
-3.26935
-3.26935
-3.2686
-3.2689
-3.2683
-3.26739
-3.26754
-3.26754
-3.26739
-3.26799
-3.2683
-3.26815
-3.26845
-3.26845
-3.26769
-3.26754
-3.2677
-3.26694
-3.2677
-3.2674
-3.26755
-3.26861
-3.26815
-3.268
-3.26694
-3.26784
-3.26738
-3.26723
-3.26708
-3.26769
-3.268
-3.26815
-3.2683
-3.26785
-3.26679
-3.26633
-3.26617
-3.26497
-3.26527
-3.26558
-3.26664
-3.26603
-3.26573
-3.26603
-3.26633
-3.26723
-3.26739
-3.26784
-3.26799
-3.26769
-3.26754
-3.26875
-3.26875
-3.2686
-3.2689
-3.26845
-3.26905
-3.2689
-3.2686
-3.26829
-3.26769
-3.26723
-3.26754
-3.26723
-3.26799
-3.26693
-3.26738
-3.26829
-3.26874
-3.26784
-3.26784
-3.26754
-3.26799
-3.26829
-3.26844
-3.26814
-3.26889
-3.26738
-3.26784
-3.26754
-3.26829
-3.26845
-3.26829
-3.26814
-3.26814
-3.26814
-3.26844
-3.26844
-3.26935
-3.2686
-3.26845
-3.2683
-3.26814
-3.26754
-3.26829
-3.26844
-3.26935
-3.2698
-3.26995
-3.2704
-3.27101
-3.27116
-3.27177
-3.27207
-3.27132
-3.27223
-3.27223
-3.27222
-3.27237
-3.27297
-3.27237
-3.27252
-3.27252
-3.27418
-3.27403
-3.27433
-3.27328
-3.27313
-3.27237
-3.27207
-3.27237
-3.27177
-3.27146
-3.27237
-3.27283
-3.27207
-3.27267
-3.27131
-3.27146
-3.27191
-3.2704
-3.2704
-3.26994
-3.26965
-3.26935
-3.26965
-3.26996
-3.27011
-3.27056
-3.27102
-3.27011
-3.2686
-3.26844
-3.26829
-3.26859
-3.26935
-3.26981
-3.26981
-3.26997
-3.26906
-3.26891
-3.27041
-3.27011
-3.2698
-3.26995
-3.2695
-3.2683
-3.2686
-3.26845
-3.26769
-3.26739
-3.26799
-3.26799
-3.26799
-3.2689
-3.2692
-3.26905
-3.2686
-3.26905
-3.2692
-3.26905
-3.26951
-3.2692
-3.26966
-3.26936
-3.26966
-3.2689
-3.2689
-3.26995
-3.26889
-3.26889
-3.26905
-3.2686
-3.26935
-3.26875
-3.2689
-3.26905
-3.2695
-3.26981
-3.26951
-3.26951
-3.26996
-3.27087
-3.27117
-3.27207
-3.27237
-3.27237
-3.27207
-3.27223
-3.27268
-3.27359
-3.27314
-3.27193
-3.27177
-3.27131
-3.27101
-3.27071
-3.27146
-3.27162
-3.27223
-3.27223
-3.27193
-3.27163
-3.27253
-3.27163
-3.26905
-3.26845
-3.26814
-3.26708
-3.26754
-3.26754
-3.26769
-3.26845
-3.2689
-3.26814
-3.26799
-3.26633
-3.26663
-3.26709
-3.268
-3.26755
-3.268
-3.26846
-3.26891
-3.26936
-3.26936
-3.26936
-3.26981
-3.26936
-3.26951
-3.26861
-3.26906
-3.26981
-3.26996
-3.26935
-3.2695
-3.2695
-3.2695
-3.26981
-3.26981
-3.27056
-3.27102
-3.27162
-3.27102
-3.27026
-3.27057
-3.27011
-3.27072
-3.27133
-3.27133
-3.27087
-3.27072
-3.26981
-3.27026
-3.27071
-3.27011
-3.2695
-3.2692
-3.2686
-3.26875
-3.26876
-3.26936
-3.26996
-3.2686
-3.26876
-3.26921
-3.26997
-3.26891
-3.26846
-3.26831
-3.26861
-3.26846
-3.26845
-3.26906
-3.26935
-3.27011
-3.27041
-3.27041
-3.27027
-3.26966
-3.26906
-3.26937
-3.26982
-3.26967
-3.26906
-3.2683
-3.268
-3.26831
-3.27042
-3.27058
-3.27043
-3.26997
-3.27042
-3.27102
-3.27117
-3.27011
-3.26921
-3.26846
-3.26771
-3.26741
-3.26696
-3.26786
-3.26711
-3.26907
-3.26982
-3.26982
-3.27087
-3.27087
-3.27072
-3.27178
-3.27148
-3.27087
-3.26982
-3.26906
-3.26891
-3.26891
-3.26846
-3.26876
-3.26967
-3.26876
-3.26997
-3.27013
-3.27043
-3.27028
-3.27118
-3.27103
-3.27102
-3.27011
-3.27042
-3.27042
-3.26936
-3.26967
-3.27012
-3.27103
-3.27118
-3.27073
-3.26967
-3.26997
-3.27133
-3.27118
-3.27087
-3.27163
-3.27133
-3.27239
-3.27148
-3.27118
-3.27088
-3.27057
-3.26891
-3.27042
-3.27073
-3.26997
-3.26997
-3.26846
-3.26831
-3.26831
-3.26786
-3.2677
-3.26786
-3.26861
-3.26846
-3.26862
-3.26877
-3.26998
-3.27073
-3.26983
-3.26967
-3.26997
-3.26997
-3.26937
-3.26982
-3.26907
-3.26877
-3.26831
-3.26741
-3.26756
-3.26801
-3.26755
-3.26604
-3.26483
-3.26484
-3.26484
-3.26439
-3.26439
-3.26333
-3.26303
-3.26243
-3.26318
-3.26424
-3.26317
-3.26317
-3.26332
-3.26242
-3.26227
-3.26227
-3.26333
-3.26303
-3.26378
-3.26287
-3.26317
-3.26363
-3.26302
-3.26302
-3.26348
-3.26287
-3.26302
-3.26408
-3.26423
-3.26423
-3.26438
-3.26484
-3.26514
-3.26454
-3.26408
-3.26377
-3.26407
-3.26378
-3.26349
-3.26304
-3.26409
-3.265
-3.26575
-3.26514
-3.26529
-3.26574
-3.2665
-3.26665
-3.26755
-3.2674
-3.2668
-3.2665
-3.2671
-3.26695
-3.2665
-3.26589
-3.2662
-3.26635
-3.2668
-3.26605
-3.26499
-3.26499
-3.26635
-3.26574
-3.26634
-3.26604
-3.26544
-3.26498
-3.26498
-3.26529
-3.2665
-3.26605
-3.2653
-3.26605
-3.26605
-3.26514
-3.26454
-3.26499
-3.26574
-3.26619
-3.26574
-3.26604
-3.2662
-3.26725
-3.26635
-3.26605
-3.2668
-3.2659
-3.26665
-3.26786
-3.26786
-3.26741
-3.26725
-3.26801
-3.2674
-3.2677
-3.26861
-3.26846
-3.2677
-3.2665
-3.26604
-3.26499
-3.26483
-3.26513
-3.26468
-3.26438
-3.26377
-3.26348
-3.26257
-3.26318
-3.26424
-3.26393
-3.26393
-3.26393
-3.26287
-3.26287
-3.26287
-3.26287
-3.26377
-3.26363
-3.26438
-3.26439
-3.26454
-3.26424
-3.26514
-3.26423
-3.26423
-3.26393
-3.26378
-3.26408
-3.26378
-3.26423
-3.26483
-3.26559
-3.26574
-3.2665
-3.26801
-3.26831
-3.26725
-3.26756
-3.26741
-3.2671
-3.26756
-3.26846
-3.26771
-3.26756
-3.26786
-3.26816
-3.26876
-3.26891
-3.26845
-3.26846
-3.26876
-3.26937
-3.26831
-3.26907
-3.26877
-3.26832
-3.26847
-3.26816
-3.26892
-3.26967
-3.27042
-3.27072
-3.27133
-3.27178
-3.27148
-3.27148
-3.27073
-3.27073
-3.27058
-3.27058
-3.27119
-3.27013
-3.26952
-3.27043
-3.26997
-3.26891
-3.26906
-3.26664
-3.26725
-3.26649
-3.26665
-3.26604
-3.26605
-3.26605
-3.26741
-3.26695
-3.2671
-3.26725
-3.26665
-3.2671
-3.2674
-3.26801
-3.26756
-3.2671
-3.26786
-3.26846
-3.26847
-3.26862
-3.26862
-3.26711
-3.2665
-3.2665
-3.26544
-3.2665
-3.26755
-3.26771
-3.26755
-3.26771
-3.26831
-3.27012
-3.27148
-3.27224
-3.27148
-3.27179
-3.27103
-3.27103
-3.27028
-3.27028
-3.26892
-3.26846
-3.26937
-3.26861
-3.26816
-3.26771
-3.26725
-3.2674
-3.26725
-3.26786
-3.26725
-3.26847
-3.26817
-3.26862
-3.26983
-3.26877
-3.26816
-3.26831
-3.26831
-3.26816
-3.26726
-3.26711
-3.26801
-3.26816
-3.26801
-3.26816
-3.26816
-3.26831
-3.26756
-3.2665
-3.26544
-3.26559
-3.26589
-3.26589
-3.26574
-3.26559
-3.26605
-3.26559
-3.26665
-3.26665
-3.26635
-3.2662
-3.26665
-3.26665
-3.2665
-3.2668
-3.26756
-3.26741
-3.2665
-3.26756
-3.26741
-3.26862
-3.26998
-3.27073
-3.27058
-3.27043
-3.26983
-3.26907
-3.26771
-3.26756
-3.26817
-3.26847
-3.26817
-3.26847
-3.26772
-3.26862
-3.26862
-3.26802
-3.26636
-3.26651
-3.26606
-3.2659
-3.26545
-3.2659
-3.2668
-3.26726
-3.26636
-3.26727
-3.26651
-3.26636
-3.26575
-3.26545
-3.26636
-3.26591
-3.26515
-3.26652
-3.26682
-3.26682
-3.26666
-3.26696
-3.26696
-3.2662
-3.26635
-3.26681
-3.26756
-3.26832
-3.26878
-3.26847
-3.26863
-3.26923
-3.26938
-3.26923
-3.26939
-3.26924
-3.26923
-3.26862
-3.26832
-3.26847
-3.26847
-3.26878
-3.26893
-3.26847
-3.26877
-3.26892
-3.26877
-3.26953
-3.27029
-3.26999
-3.2709
-3.2706
-3.27075
-3.27044
-3.26983
-3.26967
-3.27043
-3.26998
-3.27013
-3.26953
-3.26953
-3.27059
-3.2712
-3.27029
-3.26983
-3.27029
-3.27165
-3.2724
-3.27285
-3.273
-3.2733
-3.273
-3.27315
-3.27375
-3.27255
-3.2727
-3.27255
-3.27406
-3.27361
-3.2727
-3.27194
-3.273
-3.27225
-3.27195
-3.27165
-3.2715
-3.27165
-3.2721
-3.2724
-3.2721
-3.27179
-3.2721
-3.27074
-3.27029
-3.27089
-3.27044
-3.27029
-3.26968
-3.26968
-3.26983
-3.27074
-3.27225
-3.27225
-3.27255
-3.27194
-3.27059
-3.27013
-3.27104
-3.27043
-3.26982
-3.26982
-3.26997
-3.26922
-3.26953
-3.27074
-3.27134
-3.2718
-3.27029
-3.27044
-3.27014
-3.27029
-3.27105
-3.27135
-3.2718
-3.27285
-3.27315
-3.27284
-3.27315
-3.27315
-3.27315
-3.27406
-3.27376
-3.27376
-3.27345
-3.2739
-3.27421
-3.27345
-3.27225
-3.27179
-3.27119
-3.27104
-3.27089
-3.27149
-3.2721
-3.27179
-3.27073
-3.27028
-3.27073
-3.27088
-3.27149
-3.27119
-3.26998
-3.26997
-3.27028
-3.27119
-3.27074
-3.26998
-3.26968
-3.26892
-3.26952
-3.26938
-3.26877
-3.26847
-3.26817
-3.26742
-3.26878
-3.26817
-3.26892
-3.26831
-3.26922
-3.27027
-3.26982
-3.27134
-3.27074
-3.27104
-3.27089
-3.27059
-3.27119
-3.27134
-3.27149
-3.27134
-3.27164
-3.2724
-3.27164
-3.27164
-3.27119
-3.27074
-3.27044
-3.27013
-3.26983
-3.26908
-3.26863
-3.26893
-3.26802
-3.26832
-3.26847
-3.26817
-3.26757
-3.26727
-3.26727
-3.26682
-3.26651
-3.26787
-3.26711
-3.26726
-3.26635
-3.26696
-3.26711
-3.26726
-3.26726
-3.26757
-3.26696
-3.26681
-3.2662
-3.26575
-3.2662
-3.26635
-3.26665
-3.26635
-3.26545
-3.26621
-3.26576
-3.26621
-3.26621
-3.26726
-3.26681
-3.26636
-3.26439
-3.26424
-3.26303
-3.26363
-3.26318
-3.26257
-3.26348
-3.26272
-3.26287
-3.26348
-3.26379
-3.26364
-3.26439
-3.26439
-3.26621
-3.26621
-3.26666
-3.26681
-3.26741
-3.26665
-3.2665
-3.26695
-3.26695
-3.2671
-3.26726
-3.26817
-3.26877
-3.26983
-3.26938
-3.27074
-3.27134
-3.27149
-3.27164
-3.27089
-3.27058
-3.26983
-3.26982
-3.27012
-3.27043
-3.27058
-3.27073
-3.27028
-3.27043
-3.27044
-3.27074
-3.27044
-3.27074
-3.26968
-3.26893
-3.26878
-3.26877
-3.26711
-3.26832
-3.26832
-3.26863
-3.26893
-3.26877
-3.26817
-3.26907
-3.26967
-3.26892
-3.26952
-3.26937
-3.26983
-3.27029
-3.27044
-3.27119
-3.27044
-3.27014
-3.27059
-3.26998
-3.26953
-3.26983
-3.26893
-3.26953
-3.26998
-3.26953
-3.27073
-3.26998
-3.26892
-3.26922
-3.26922
-3.26952
-3.27028
-3.27074
-3.26968
-3.26848
-3.26818
-3.26893
-3.26878
-3.26848
-3.26818
-3.26863
-3.26877
-3.27058
-3.26998
-3.26937
-3.26801
-3.26877
-3.26907
-3.26877
-3.26922
-3.26877
-3.26968
-3.26998
-3.27028
-3.27104
-3.27224
-3.27285
-3.27255
-3.273
-3.2724
-3.27119
-3.27059
-3.27073
-3.26892
-3.26771
-3.26726
-3.26771
-3.26771
-3.26786
-3.26726
-3.2662
-3.2659
-3.2659
-3.2656
-3.26665
-3.2665
-3.26635
-3.26711
-3.26725
-3.26695
-3.26574
-3.26574
-3.2665
-3.2662
-3.2662
-3.26605
-3.26711
-3.26635
-3.26695
-3.26695
-3.26755
-3.26786
-3.26816
-3.26861
-3.26877
-3.26801
-3.26832
-3.26771
-3.26756
-3.26756
-3.26756
-3.26741
-3.26756
-3.26695
-3.26725
-3.2668
-3.2668
-3.26635
-3.26619
-3.26664
-3.2674
-3.26755
-3.26785
-3.26816
-3.26816
-3.26741
-3.26892
-3.26967
-3.26922
-3.26891
-3.26922
-3.26967
-3.27103
-3.27027
-3.27088
-3.26997
-3.27042
-3.26982
-3.26997
-3.26982
-3.26937
-3.26967
-3.26982
-3.27012
-3.27012
-3.26997
-3.26937
-3.26861
-3.26906
-3.26891
-3.26937
-3.26906
-3.26967
-3.26906
-3.26861
-3.26891
-3.26937
-3.26831
-3.26801
-3.2677
-3.26785
-3.26664
-3.268
-3.2674
-3.26815
-3.26861
-3.26876
-3.26861
-3.26952
-3.26937
-3.26876
-3.26846
-3.2674
-3.26725
-3.2671
-3.26816
-3.26892
-3.26847
-3.26892
-3.26847
-3.26847
-3.26892
-3.26953
-3.27089
-3.26998
-3.27043
-3.27103
-3.27163
-3.27103
-3.27254
-3.27284
-3.27345
-3.27375
-3.2736
-3.27285
-3.27285
-3.2733
-3.27375
-3.2733
-3.2733
-3.27285
-3.2736
-3.2742
-3.27375
-3.27451
-3.27405
-3.27345
-3.27375
-3.2736
-3.27405
-3.2736
-3.27375
-3.2736
-3.27285
-3.27194
-3.27224
-3.27179
-3.27164
-3.27134
-3.27149
-3.27194
-3.27042
-3.27027
-3.27042
-3.27042
-3.27102
-3.26997
-3.27012
-3.26937
-3.26937
-3.26952
-3.26952
-3.26937
-3.26877
-3.26801
-3.26877
-3.26876
-3.26967
-3.27027
-3.27118
-3.27058
-3.27012
-3.27043
-3.27058
-3.27073
-3.27013
-3.26998
-3.27028
-3.27059
-3.27059
-3.27029
-3.27058
-3.27103
-3.27073
-3.27103
-3.27133
-3.27073
-3.26982
-3.27073
-3.27043
-3.27058
-3.26967
-3.26982
-3.26982
-3.26967
-3.26967
-3.27027
-3.27118
-3.27042
-3.26982
-3.26982
-3.27088
-3.27149
-3.27149
-3.27284
-3.27209
-3.27239
-3.27223
-3.27254
-3.27269
-3.27269
-3.2733
-3.27345
-3.2742
-3.2733
-3.27269
-3.2733
-3.27345
-3.27436
-3.27315
-3.27254
-3.2727
-3.273
-3.2739
-3.2733
-3.2733
-3.2733
-3.27285
-3.27255
-3.27118
-3.27224
-3.27239
-3.27179
-3.27148
-3.27224
-3.27239
-3.27284
-3.27208
-3.27224
-3.2733
-3.2727
-3.27164
-3.27134
-3.27103
-3.27163
-3.27163
-3.27314
-3.27209
-3.27149
-3.27209
-3.27134
-3.27058
-3.27149
-3.27164
-3.27194
-3.2727
-3.27285
-3.27224
-3.27285
-3.27239
-3.27239
-3.27239
-3.27224
-3.27315
-3.2736
-3.27376
-3.27225
-3.27119
-3.27134
-3.27149
-3.27149
-3.27088
-3.27179
-3.27164
-3.27013
-3.27164
-3.27239
-3.27209
-3.27164
-3.27058
-3.26982
-3.26952
-3.26876
-3.26846
-3.26876
-3.26861
-3.26876
-3.26922
-3.26891
-3.26907
-3.26967
-3.27058
-3.27073
-3.26907
-3.26907
-3.26952
-3.26997
-3.27073
-3.27103
-3.27103
-3.27088
-3.27104
-3.27043
-3.26983
-3.27028
-3.27073
-3.27012
-3.26952
-3.26953
-3.26938
-3.26922
-3.26832
-3.26786
-3.26801
-3.26816
-3.26846
-3.2683
-3.26861
-3.2677
-3.26846
-3.27043
-3.27058
-3.26983
-3.26953
-3.26922
-3.26998
-3.27028
-3.26968
-3.26922
-3.26877
-3.26786
-3.26649
-3.26695
-3.26604
-3.26559
-3.26605
-3.26605
-3.2665
-3.26635
-3.26711
-3.2674
-3.26559
-3.2665
-3.2668
-3.2665
-3.2662
-3.26575
-3.26635
-3.26696
-3.26771
-3.26877
-3.26922
-3.26876
-3.26891
-3.27012
-3.26997
-3.27028
-3.27119
-3.27119
-3.27134
-3.27149
-3.27209
-3.27209
-3.27224
-3.27193
-3.27224
-3.27178
-3.27224
-3.27254
-3.27149
-3.27255
-3.2727
-3.27225
-3.27089
-3.27074
-3.27074
-3.27043
-3.27119
-3.27013
-3.26983
-3.26968
-3.26998
-3.26938
-3.26801
-3.26726
-3.26665
-3.26711
-3.26696
-3.26711
-3.26756
-3.26726
-3.26711
-3.26816
-3.26726
-3.26711
-3.26711
-3.26711
-3.26666
-3.2662
-3.26651
-3.26635
-3.26726
-3.26695
-3.2671
-3.26725
-3.2671
-3.2668
-3.26635
-3.26681
-3.26711
-3.26711
-3.26817
-3.26696
-3.26651
-3.26741
-3.26756
-3.26772
-3.26757
-3.26847
-3.26863
-3.26802
-3.26878
-3.26832
-3.26862
-3.26802
-3.26862
-3.26847
-3.26923
-3.26892
-3.26877
-3.26817
-3.26681
-3.26741
-3.26696
-3.26651
-3.2659
-3.2659
-3.2656
-3.26515
-3.26485
-3.26515
-3.2653
-3.26666
-3.26757
-3.26727
-3.26712
-3.26651
-3.26606
-3.26651
-3.26801
-3.2662
-3.26666
-3.26666
-3.26666
-3.26636
-3.26621
-3.26666
-3.26742
-3.26727
-3.26757
-3.26848
-3.26787
-3.26772
-3.26802
-3.26817
-3.26681
-3.2662
-3.2665
-3.26575
-3.26515
-3.26575
-3.26621
-3.26606
-3.26788
-3.26787
-3.26923
-3.26832
-3.26878
-3.26862
-3.26847
-3.26832
-3.26893
-3.26893
-3.26848
-3.26803
-3.26862
-3.26922
-3.26952
-3.26937
-3.26983
-3.26923
-3.26893
-3.26954
-3.26923
-3.26863
-3.26968
-3.26953
-3.26907
-3.26892
-3.26847
-3.26862
-3.26786
-3.26771
-3.26741
-3.26681
-3.26787
-3.26847
-3.26757
-3.26817
-3.26847
-3.26742
-3.26742
-3.26726
-3.26802
-3.26847
-3.26786
-3.2668
-3.26756
-3.26665
-3.26741
-3.26741
-3.26756
-3.26847
-3.26817
-3.26847
-3.26892
-3.26892
-3.26892
-3.26877
-3.26908
-3.26908
-3.26832
-3.26892
-3.26983
-3.26907
-3.26832
-3.26862
-3.26877
-3.26953
-3.26983
-3.26908
-3.26938
-3.26832
-3.26847
-3.26786
-3.2665
-3.2665
-3.26695
-3.2665
-3.26741
-3.26696
-3.26666
-3.26696
-3.26666
-3.26786
-3.26862
-3.26847
-3.26741
-3.26726
-3.26621
-3.26636
-3.265
-3.26409
-3.26364
-3.26439
-3.26499
-3.2656
-3.26544
-3.2662
-3.26665
-3.26816
-3.26711
-3.2665
-3.26665
-3.2665
-3.26696
-3.26666
-3.26772
-3.26787
-3.26847
-3.26908
-3.26922
-3.26998
-3.27073
-3.26952
-3.26892
-3.26892
-3.26923
-3.26892
-3.26786
-3.26711
-3.26635
-3.26605
-3.26696
-3.26697
-3.26697
-3.26621
-3.26606
-3.26545
-3.26606
-3.26576
-3.26515
-3.26545
-3.26605
-3.26695
-3.26665
-3.26604
-3.26544
-3.2653
-3.2647
-3.2644
-3.265
-3.26546
-3.26531
-3.26485
-3.2644
-3.26546
-3.26485
-3.26591
-3.26651
-3.26591
-3.26666
-3.26756
-3.26756
-3.26711
-3.26787
-3.26787
-3.26711
-3.26711
-3.26787
-3.26832
-3.26787
-3.26862
-3.26878
-3.26953
-3.26892
-3.26877
-3.26862
-3.26802
-3.26772
-3.26818
-3.26772
-3.26817
-3.26787
-3.26772
-3.26741
-3.26726
-3.26786
-3.26756
-3.26771
-3.26817
-3.26817
-3.26862
-3.26787
-3.26832
-3.26801
-3.26937
-3.26967
-3.26907
-3.26862
-3.26877
-3.26892
-3.26938
-3.26802
-3.26833
-3.26788
-3.26863
-3.26833
-3.26862
-3.26771
-3.26756
-3.26892
-3.26892
-3.26892
-3.26877
-3.26816
-3.26817
-3.26862
-3.26983
-3.26998
-3.26923
-3.26923
-3.26907
-3.26983
-3.27058
-3.27028
-3.26937
-3.26892
-3.26847
-3.26953
-3.26907
-3.26908
-3.26802
-3.26711
-3.26802
-3.26862
-3.26908
-3.26998
-3.26983
-3.26922
-3.26952
-3.27043
-3.27043
-3.27028
-3.26998
-3.27028
-3.27134
-3.27209
-3.27194
-3.27164
-3.27134
-3.27135
-3.27225
-3.27361
-3.27316
-3.27361
-3.27164
-3.27149
-3.27149
-3.27119
-3.27013
-3.26983
-3.26998
-3.26907
-3.26877
-3.26998
-3.26907
-3.26923
-3.26938
-3.27028
-3.27104
-3.27225
-3.27225
-3.27255
-3.27285
-3.273
-3.27331
-3.2727
-3.2736
-3.27269
-3.27269
-3.27194
-3.27103
-3.27119
-3.27104
-3.27073
-3.27119
-3.27164
-3.27118
-3.27103
-3.27028
-3.26937
-3.26847
-3.26862
-3.26937
-3.26922
-3.26967
-3.26982
-3.26967
-3.26982
-3.26997
-3.26982
-3.27013
-3.27028
-3.26997
-3.26907
-3.26861
-3.26725
-3.2671
-3.2671
-3.26786
-3.26831
-3.26937
-3.26891
-3.26997
-3.26967
-3.26952
-3.26876
-3.26937
-3.26997
-3.27043
-3.26997
-3.26997
-3.26876
-3.26951
-3.26861
-3.26785
-3.2674
-3.2677
-3.26756
-3.26801
-3.26801
-3.26726
-3.26786
-3.26817
-3.26726
-3.26756
-3.26801
-3.26862
-3.26876
-3.26906
-3.26967
-3.26997
-3.26937
-3.26861
-3.26862
-3.26862
-3.26802
-3.26923
-3.26998
-3.26998
-3.26952
-3.26846
-3.26846
-3.26801
-3.26876
-3.26816
-3.26816
-3.2665
-3.26559
-3.2662
-3.26665
-3.26635
-3.26574
-3.26605
-3.2665
-3.26711
-3.26741
-3.2665
-3.2671
-3.26725
-3.26741
-3.26847
-3.2668
-3.26635
-3.26681
-3.26771
-3.26802
-3.26741
-3.26817
-3.26877
-3.26847
-3.26892
-3.26968
-3.26998
-3.27013
-3.26968
-3.27058
-3.26998
-3.27073
-3.27104
-3.26983
-3.26968
-3.26998
-3.27013
-3.27073
-3.26997
-3.27103
-3.27088
-3.26998
-3.26983
-3.26908
-3.26953
-3.26757
-3.26666
-3.26605
-3.2665
-3.26695
-3.2668
-3.26711
-3.26771
-3.26847
-3.26757
-3.26817
-3.26893
-3.26938
-3.26862
-3.26832
-3.26862
-3.26831
-3.26801
-3.26801
-3.26817
-3.26742
-3.26787
-3.26727
-3.26772
-3.26696
-3.26726
-3.26756
-3.26711
-3.26711
-3.2668
-3.2659
-3.26604
-3.26589
-3.26589
-3.2665
-3.26756
-3.26711
-3.26621
-3.26666
-3.26772
-3.26862
-3.26907
-3.26877
-3.26876
-3.26952
-3.26861
-3.26831
-3.26711
-3.26621
-3.26621
-3.26666
-3.26681
-3.26635
-3.2662
-3.26605
-3.2659
-3.26575
-3.26575
-3.26575
-3.2653
-3.26545
-3.26575
-3.26666
-3.2659
-3.26575
-3.2659
-3.26514
-3.26423
-3.26439
-3.26393
-3.26499
-3.26605
-3.26786
-3.26877
-3.26908
-3.26938
-3.26983
-3.27074
-3.27119
-3.2721
-3.27195
-3.27149
-3.26998
-3.27089
-3.27149
-3.27104
-3.27043
-3.27058
-3.27028
-3.27013
-3.27058
-3.27043
-3.27089
-3.27074
-3.27104
-3.2712
-3.27135
-3.27119
-3.26999
-3.26998
-3.26893
-3.26893
-3.26983
-3.26998
-3.26877
-3.26923
-3.27013
-3.27013
-3.27149
-3.27089
-3.27059
-3.27044
-3.27044
-3.27029
-3.26999
-3.26998
-3.26907
-3.26847
-3.26817
-3.26877
-3.26787
-3.26877
-3.26968
-3.26968
-3.26893
-3.26893
-3.26847
-3.26923
-3.26983
-3.27013
-3.27104
-3.27043
-3.26862
-3.26937
-3.26922
-3.26983
-3.26907
-3.26892
-3.26953
-3.26968
-3.27103
-3.27164
-3.27088
-3.27058
-3.26937
-3.27028
-3.27013
-3.26922
-3.26937
-3.26983
-3.27013
-3.26953
-3.27013
-3.26968
-3.26877
-3.26922
-3.26968
-3.27058
-3.27073
-3.27043
-3.27149
-3.27164
-3.27179
-3.27164
-3.2721
-3.27195
-3.27164
-3.2727
-3.27164
-3.27179
-3.27194
-3.27134
-3.27209
-3.27194
-3.27043
-3.26982
-3.26997
-3.26983
-3.26998
-3.26968
-3.26953
-3.26922
-3.26983
-3.26937
-3.26847
-3.26832
-3.26831
-3.26847
-3.26862
-3.26877
-3.26907
-3.26861
-3.26907
-3.26862
-3.26801
-3.26862
-3.26937
-3.26892
-3.26907
-3.26891
-3.26786
-3.26711
-3.26741
-3.26726
-3.26862
-3.26983
-3.26908
-3.26938
-3.26908
-3.26848
-3.26938
-3.26908
-3.27134
-3.27194
-3.27224
-3.27254
-3.27148
-3.27194
-3.27179
-3.27104
-3.27013
-3.26968
-3.26938
-3.26999
-3.27014
-3.26923
-3.26968
-3.26983
-3.27043
-3.27043
-3.27073
-3.26967
-3.26953
-3.26938
-3.26968
-3.26953
-3.26938
-3.27014
-3.27029
-3.27014
-3.27059
-3.27119
-3.27134
-3.27239
-3.273
-3.2724
-3.273
-3.27361
-3.27315
-3.2733
-3.2733
-3.27405
-3.2742
-3.27375
-3.27345
-3.27421
-3.27436
-3.27361
-3.27406
-3.27421
-3.27406
-3.27361
-3.27376
-3.27436
-3.27421
-3.27421
-3.27406
-3.27421
-3.27466
-3.27391
-3.27466
-3.27406
-3.273
-3.2724
-3.27119
-3.27179
-3.27088
-3.27043
-3.27043
-3.26922
-3.26877
-3.26862
-3.26847
-3.26786
-3.26771
-3.26862
-3.26968
-3.26983
-3.27074
-3.27104
-3.27104
-3.27104
-3.27134
-3.27209
-3.27209
-3.27119
-3.2721
-3.27134
-3.27134
-3.27164
-3.27149
-3.26983
-3.27164
-3.27225
-3.27194
-3.27179
-3.27134
-3.27225
-3.27301
-3.27377
-3.27331
-3.27331
-3.27179
-3.27209
-3.27194
-3.27103
-3.27073
-3.27104
-3.27058
-3.27119
-3.27134
-3.27074
-3.26892
-3.26877
-3.26892
-3.26968
-3.27044
-3.27089
-3.27059
-3.27058
-3.27073
-3.27134
-3.27239
-3.27269
-3.2733
-3.27405
-3.27541
-3.27647
-3.27617
-3.27708
-3.27708
-3.27633
-3.27542
-3.27421
-3.27451
-3.27496
-3.27541
-3.27511
-3.27405
-3.27481
-3.27511
-3.27496
-3.27466
-3.27406
-3.27346
-3.27285
-3.273
-3.273
-3.27269
-3.27329
-3.27314
-3.27193
-3.27103
-3.26983
-3.26938
-3.26953
-3.26968
-3.26817
-3.26923
-3.26998
-3.26998
-3.26877
-3.27013
-3.27058
-3.27104
-3.27134
-3.27194
-3.27194
-3.27345
-3.27104
-3.27029
-3.26999
-3.26998
-3.27013
-3.27043
-3.27043
-3.27043
-3.27059
-3.27165
-3.27195
-3.27134
-3.27149
-3.27149
-3.27058
-3.26983
-3.26952
-3.26741
-3.26681
-3.2662
-3.26681
-3.26771
-3.26832
-3.26892
-3.26938
-3.26968
-3.27043
-3.27028
-3.27074
-3.26953
-3.26983
-3.27134
-3.27164
-3.27149
-3.27164
-3.27194
-3.27269
-3.27284
-3.27269
-3.27314
-3.27224
-3.27254
-3.27255
-3.2727
-3.27255
-3.2724
-3.27165
-3.2727
-3.2724
-3.27134
-3.27058
-3.27103
-3.27043
-3.27118
-3.27073
-3.27073
-3.27058
-3.27089
-3.27104
-3.27104
-3.26998
-3.26923
-3.26862
-3.26817
-3.26892
-3.26907
-3.27013
-3.27088
-3.27119
-3.27088
-3.27088
-3.27179
-3.2724
-3.27119
-3.27164
-3.2727
-3.27255
-3.2724
-3.27043
-3.27089
-3.27164
-3.27255
-3.273
-3.27209
-3.27209
-3.27133
-3.27178
-3.27209
-3.27134
-3.2721
-3.2724
-3.27179
-3.27074
-3.27134
-3.26998
-3.26998
-3.27013
-3.27058
-3.26968
-3.26952
-3.26877
-3.26938
-3.26893
-3.26968
-3.26908
-3.26953
-3.26998
-3.27013
-3.27043
-3.26938
-3.26862
-3.26893
-3.26938
-3.26938
-3.26862
-3.26893
-3.26847
-3.26847
-3.26862
-3.26922
-3.26847
-3.26787
-3.26681
-3.26742
-3.26893
-3.26817
-3.26742
-3.26757
-3.26681
-3.26772
-3.26817
-3.26802
-3.26786
-3.26832
-3.26832
-3.26787
-3.26817
-3.26893
-3.26833
-3.26817
-3.26893
-3.26848
-3.26908
-3.26817
-3.26817
-3.27013
-3.27104
-3.27134
-3.27225
-3.27195
-3.2718
-3.2721
-3.2718
-3.2718
-3.27225
-3.27104
-3.27134
-3.27058
-3.27028
-3.27013
-3.27089
-3.2718
-3.27285
-3.27301
-3.27376
-3.27391
-3.27361
-3.27436
-3.27451
-3.27482
-3.27436
-3.27406
-3.27452
-3.27512
-3.27467
-3.27497
-3.27346
-3.27316
-3.27331
-3.27361
-3.27421
-3.27406
-3.27376
-3.27391
-3.27436
-3.27376
-3.27315
-3.27285
-3.2727
-3.27301
-3.27331
-3.27436
-3.27376
-3.27331
-3.27361
-3.27209
-3.27179
-3.27194
-3.27164
-3.27209
-3.27315
-3.27285
-3.27255
-3.27376
-3.27376
-3.27466
-3.27481
-3.27541
-3.27435
-3.27602
-3.27678
-3.27662
-3.27556
-3.27526
-3.27405
-3.2736
-3.2739
-3.27451
-3.2739
-3.27511
-3.27436
-3.27481
-3.27541
-3.27526
-3.27451
-3.27254
-3.27133
-3.27073
-3.27133
-3.27103
-3.27058
-3.27149
-3.27103
-3.27118
-3.27133
-3.27103
-3.26982
-3.26952
-3.26982
-3.26922
-3.26922
-3.26952
-3.26968
-3.26952
-3.26892
-3.26771
-3.26635
-3.26665
-3.26665
-3.26559
-3.26529
-3.26574
-3.26499
-3.26529
-3.26484
-3.26574
-3.26499
-3.26484
-3.26439
-3.26514
-3.26529
-3.26529
-3.26514
-3.2665
-3.26666
-3.2665
-3.26696
-3.26756
-3.26741
-3.26696
-3.26711
-3.26696
-3.2665
-3.26575
-3.2662
-3.26665
-3.2668
-3.2668
-3.26725
-3.26574
-3.26498
-3.26529
-3.26605
-3.26529
-3.26484
-3.26529
-3.26484
-3.26423
-3.26439
-3.26529
-3.2662
-3.26666
-3.26711
-3.26757
-3.26772
-3.26696
-3.26878
-3.26892
-3.27057
-3.27163
-3.27178
-3.27239
-3.273
-3.2724
-3.27195
-3.2718
-3.2721
-3.2721
-3.27239
-3.27224
-3.27179
-3.27163
-3.27043
-3.27013
-3.27119
-3.27164
-3.27104
-3.27043
-3.26968
-3.26907
-3.26922
-3.26937
-3.26907
-3.26877
-3.26756
-3.26771
-3.26847
-3.26771
-3.26831
-3.26801
-3.26846
-3.26846
-3.26801
-3.26756
-3.26756
-3.26831
-3.26937
-3.26967
-3.26877
-3.26998
-3.26922
-3.26998
-3.26997
-3.27013
-3.27058
-3.26937
-3.26937
-3.26922
-3.26937
-3.27058
-3.26983
-3.27088
-3.27028
-3.27088
-3.27179
-3.27194
-3.27224
-3.27239
-3.27179
-3.27164
-3.27119
-3.27119
-3.27013
-3.27103
-3.27088
-3.27179
-3.27118
-3.27058
-3.27133
-3.27103
-3.27073
-3.26967
-3.26998
-3.26998
-3.27043
-3.26847
-3.26847
-3.26967
-3.27012
-3.26921
-3.27012
-3.26967
-3.26967
-3.26907
-3.26892
-3.26952
-3.26937
-3.26952
-3.26771
-3.2668
-3.2662
-3.26756
-3.26771
-3.26756
-3.26726
-3.26801
-3.26681
-3.2656
-3.26605
-3.26589
-3.26543
-3.26604
-3.26589
-3.26665
-3.26726
-3.26801
-3.26816
-3.26786
-3.26741
-3.2668
-3.26711
-3.26726
-3.26711
-3.2668
-3.2668
-3.2662
-3.26589
-3.26574
-3.26483
-3.26619
-3.26604
-3.26559
-3.26589
-3.26604
-3.26574
-3.26529
-3.26484
-3.26515
-3.2656
-3.26575
-3.2656
-3.26544
-3.26453
-3.26529
-3.26544
-3.26665
-3.26695
-3.2668
-3.26741
-3.26816
-3.26816
-3.26831
-3.26831
-3.2668
-3.26695
-3.26589
-3.26559
-3.26619
-3.26634
-3.26544
-3.26499
-3.26529
-3.26544
-3.26529
-3.26559
-3.26529
-3.26514
-3.2653
-3.26529
-3.26499
-3.26544
-3.26529
-3.26514
-3.26454
-3.26424
-3.26484
-3.26469
-3.26423
-3.26483
-3.26559
-3.26559
-3.26574
-3.26529
-3.2659
-3.2665
-3.2659
-3.26499
-3.26499
-3.26604
-3.26574
-3.26529
-3.2662
-3.2665
-3.26741
-3.26741
-3.26801
-3.26801
-3.26831
-3.26755
-3.26755
-3.26664
-3.26588
-3.26619
-3.26755
-3.26755
-3.2674
-3.2671
-3.2674
-3.26725
-3.26694
-3.26694
-3.26845
-3.26845
-3.26906
-3.26891
-3.26906
-3.26831
-3.26846
-3.26967
-3.27042
-3.26967
-3.26937
-3.26907
-3.26786
-3.26816
-3.26741
-3.26756
-3.26635
-3.26619
-3.26755
-3.268
-3.26921
-3.27012
-3.27058
-3.26982
-3.26982
-3.26997
-3.26937
-3.27027
-3.27073
-3.26982
-3.26862
-3.26862
-3.26953
-3.26938
-3.26953
-3.26967
-3.26997
-3.26967
-3.26891
-3.26846
-3.26982
-3.26967
-3.26907
-3.26862
-3.26892
-3.26937
-3.26952
-3.27013
-3.26997
-3.27013
-3.27028
-3.27028
-3.27118
-3.27073
-3.27179
-3.27103
-3.27027
-3.27027
-3.26936
-3.26966
-3.27057
-3.27057
-3.27012
-3.26951
-3.26937
-3.26876
-3.26937
-3.26922
-3.26967
-3.27012
-3.27042
-3.26996
-3.26981
-3.27042
-3.27133
-3.27088
-3.27012
-3.26982
-3.27027
-3.27058
-3.27012
-3.27012
-3.27012
-3.26967
-3.26951
-3.27027
-3.27042
-3.26891
-3.26876
-3.26906
-3.26906
-3.26996
-3.26981
-3.26906
-3.26951
-3.26861
-3.26801
-3.26771
-3.2671
-3.2665
-3.26574
-3.26544
-3.26498
-3.26498
-3.26513
-3.26513
-3.26574
-3.26725
-3.26725
-3.26755
-3.26846
-3.26816
-3.26816
-3.26831
-3.26846
-3.26921
-3.26876
-3.26785
-3.2674
-3.26679
-3.26679
-3.26695
-3.2674
-3.2674
-3.26635
-3.2668
-3.26695
-3.2677
-3.26845
-3.2683
-3.26845
-3.26876
-3.26891
-3.27043
-3.27043
-3.26997
-3.27027
-3.27072
-3.27057
-3.27178
-3.27042
-3.27058
-3.27058
-3.26967
-3.27027
-3.26921
-3.2683
-3.2689
-3.26785
-3.26815
-3.26997
-3.27073
-3.27042
-3.26906
-3.26967
-3.26906
-3.26891
-3.26876
-3.26876
-3.26816
-3.26786
-3.26634
-3.26574
-3.26393
-3.26544
-3.2665
-3.26635
-3.26589
-3.26604
-3.26634
-3.26573
-3.26482
-3.26497
-3.26497
-3.26498
-3.26468
-3.26514
-3.26408
-3.26393
-3.26393
-3.26423
-3.26393
-3.26453
-3.26453
-3.26543
-3.26574
-3.26513
-3.26589
-3.26604
-3.26664
-3.26634
-3.26589
-3.26649
-3.26604
-3.26574
-3.26649
-3.26604
-3.26649
-3.26709
-3.26725
-3.26755
-3.2674
-3.2674
-3.2668
-3.26604
-3.26498
-3.26544
-3.26634
-3.2668
-3.26755
-3.26786
-3.26816
-3.26725
-3.26755
-3.26861
-3.26816
-3.26801
-3.2662
-3.26589
-3.2665
-3.26665
-3.26589
-3.2671
-3.2671
-3.2677
-3.26725
-3.26755
-3.26861
-3.26877
-3.26937
-3.26998
-3.27073
-3.27028
-3.26876
-3.26771
-3.26861
-3.26892
-3.26741
-3.2671
-3.26756
-3.26695
-3.26801
-3.26771
-3.26755
-3.2677
-3.26831
-3.26801
-3.26846
-3.26892
-3.26922
-3.26877
-3.26847
-3.26892
-3.26907
-3.26892
-3.26861
-3.26801
-3.26756
-3.26786
-3.26846
-3.26952
-3.26952
-3.26982
-3.27117
-3.27117
-3.26982
-3.26997
-3.26892
-3.26907
-3.26786
-3.26816
-3.26847
-3.26726
-3.26695
-3.2662
-3.26665
-3.26725
-3.2671
-3.2677
-3.2674
-3.2671
-3.26711
-3.26711
-3.26605
-3.26741
-3.26665
-3.26665
-3.26756
-3.26831
-3.26756
-3.26801
-3.26801
-3.26937
-3.27058
-3.26982
-3.26922
-3.26877
-3.26831
-3.26831
-3.26846
-3.26831
-3.2674
-3.2668
-3.26756
-3.26756
-3.26741
-3.26832
-3.26832
-3.26786
-3.26786
-3.26786
-3.26817
-3.26786
-3.26892
-3.26892
-3.26937
-3.26891
-3.26891
-3.27027
-3.27058
-3.27073
-3.27013
-3.27013
-3.27058
-3.27043
-3.27179
-3.27269
-3.27315
-3.27254
-3.27179
-3.27164
-3.27088
-3.26952
-3.26998
-3.27088
-3.27073
-3.27073
-3.27027
-3.26967
-3.26937
-3.26907
-3.26847
-3.26862
-3.26832
-3.26877
-3.26711
-3.26801
-3.26741
-3.26695
-3.26695
-3.2668
-3.26604
-3.2668
-3.2668
-3.26786
-3.26756
-3.26802
-3.26786
-3.26786
-3.26877
-3.26877
-3.26846
-3.26922
-3.26907
-3.26907
-3.26892
-3.26907
-3.26831
-3.26831
-3.26801
-3.26771
-3.2668
-3.2659
-3.26741
-3.26832
-3.26862
-3.26786
-3.26695
-3.26756
-3.26665
-3.26559
-3.26529
-3.2656
-3.26529
-3.2656
-3.26499
-3.26453
-3.26423
-3.26574
-3.2668
-3.26695
-3.26604
-3.26665
-3.26695
-3.2671
-3.26801
-3.2671
-3.26559
-3.2662
-3.26695
-3.2662
-3.2662
-3.26574
-3.26544
-3.26619
-3.26528
-3.26559
-3.26559
-3.26605
-3.26605
-3.2659
-3.2662
-3.2668
-3.26771
-3.2674
-3.26756
-3.26741
-3.26725
-3.26786
-3.26801
-3.26906
-3.26815
-3.2674
-3.26665
-3.26711
-3.2662
-3.2659
-3.26545
-3.26605
-3.26544
-3.26544
-3.26529
-3.26605
-3.26695
-3.26771
-3.26847
-3.26968
-3.27013
-3.27013
-3.27028
-3.27028
-3.27043
-3.26997
-3.26967
-3.26952
-3.26998
-3.26923
-3.26953
-3.27043
-3.27028
-3.26997
-3.27012
-3.26907
-3.26998
-3.27013
-3.26998
-3.27104
-3.27088
-3.27149
-3.27148
-3.27042
-3.27043
-3.27088
-3.27089
-3.27119
-3.27028
-3.27028
-3.26907
-3.27013
-3.27043
-3.27103
-3.27103
-3.27012
-3.27058
-3.27148
-3.27058
-3.27088
-3.27072
-3.27057
-3.27042
-3.27058
-3.27027
-3.26967
-3.27043
-3.27028
-3.27088
-3.26998
-3.26983
-3.26968
-3.26968
-3.26998
-3.27043
-3.27118
-3.27057
-3.27042
-3.27087
-3.27102
-3.27057
-3.27088
-3.26937
-3.26998
-3.26892
-3.26832
-3.26847
-3.26892
-3.26771
-3.26832
-3.26786
-3.26892
-3.26847
-3.27014
-3.26983
-3.27029
-3.27029
-3.26998
-3.26983
-3.27028
-3.27027
-3.27027
-3.27058
-3.26952
-3.26922
-3.26847
-3.26908
-3.26878
-3.26908
-3.26863
-3.26848
-3.26863
-3.27028
-3.27179
-3.27028
-3.26983
-3.26967
-3.26998
-3.26983
-3.26968
-3.26907
-3.26862
-3.26983
-3.27058
-3.27013
-3.26922
-3.26938
-3.27013
-3.26983
-3.26937
-3.26831
-3.26816
-3.2668
-3.2662
-3.26499
-3.2656
-3.26424
-3.26348
-3.26379
-3.26303
-3.26439
-3.26439
-3.26484
-3.2653
-3.2659
-3.26635
-3.26665
-3.26681
-3.26741
-3.26681
-3.26756
-3.26756
-3.26802
-3.26772
-3.26696
-3.26741
-3.26696
-3.26741
-3.26786
-3.26847
-3.26847
-3.26817
-3.26938
-3.26953
-3.26968
-3.26893
-3.26772
-3.26802
-3.26877
-3.26892
-3.26802
-3.26771
-3.2671
-3.26786
-3.26756
-3.26862
-3.26878
-3.26848
-3.26878
-3.26712
-3.26742
-3.26742
-3.26757
-3.26741
-3.26696
-3.26605
-3.2659
-3.26605
-3.26665
-3.26665
-3.26696
-3.26666
-3.26651
-3.26606
-3.26606
-3.26651
-3.26576
-3.26485
-3.26485
-3.2653
-3.26515
-3.26454
-3.26515
-3.26545
-3.26651
-3.26681
-3.26696
-3.26681
-3.26696
-3.26727
-3.26757
-3.26757
-3.26757
-3.26802
-3.26802
-3.26847
-3.26802
-3.26727
-3.26696
-3.26697
-3.26681
-3.26741
-3.2665
-3.26695
-3.26771
-3.26771
-3.26817
-3.26681
-3.26696
-3.26696
-3.26681
-3.26757
-3.26711
-3.26666
-3.26681
-3.26636
-3.26666
-3.26545
-3.26636
-3.26712
-3.26651
-3.26666
-3.26666
-3.26696
-3.26605
-3.2653
-3.2659
-3.26379
-3.26349
-3.26212
-3.26213
-3.26273
-3.26379
-3.26319
-3.26288
-3.26409
-3.26485
-3.26576
-3.26576
-3.26591
-3.2653
-3.265
-3.26439
-3.26454
-3.26393
-3.26484
-3.2653
-3.26515
-3.265
-3.2647
-3.26485
-3.26454
-3.2653
-3.26515
-3.26439
-3.26484
-3.26499
-3.26575
-3.2659
-3.26666
-3.26636
-3.26681
-3.26666
-3.26666
-3.26485
-3.26485
-3.26666
-3.26787
-3.26801
-3.26786
-3.26816
-3.26847
-3.26907
-3.26907
-3.26953
-3.26817
-3.26741
-3.26711
-3.26712
-3.26682
-3.26727
-3.26697
-3.26772
-3.26635
-3.26605
-3.2656
-3.26605
-3.2662
-3.26665
-3.26696
-3.26726
-3.26772
-3.26711
-3.26741
-3.26787
-3.26847
-3.26666
-3.26681
-3.26666
-3.26651
-3.26651
-3.2656
-3.2665
-3.26544
-3.26605
-3.26605
-3.26635
-3.26726
-3.26621
-3.26742
-3.26636
-3.26741
-3.26741
-3.26545
-3.2656
-3.26514
-3.2653
-3.26529
-3.26635
-3.26635
-3.2659
-3.26605
-3.26665
-3.26635
-3.26665
-3.2662
-3.26696
-3.26696
-3.26635
-3.26575
-3.2653
-3.2659
-3.26681
-3.2668
-3.2665
-3.26545
-3.26439
-3.26334
-3.26303
-3.26152
-3.26243
-3.26198
-3.26167
-3.26273
-3.26243
-3.26379
-3.26379
-3.26379
-3.26288
-3.26394
-3.2656
-3.26575
-3.2656
-3.2656
-3.26576
-3.26681
-3.26757
-3.26832
-3.26893
-3.26953
-3.26938
-3.26878
-3.26954
-3.27029
-3.26953
-3.26983
-3.26878
-3.26787
-3.26817
-3.26772
-3.26832
-3.26817
-3.26741
-3.26847
-3.26863
-3.26772
-3.26787
-3.26863
-3.26984
-3.26999
-3.26999
-3.27074
-3.26923
-3.26893
-3.26772
-3.26862
-3.26923
-3.26938
-3.26817
-3.26817
-3.26742
-3.26833
-3.26817
-3.26998
-3.26983
-3.26923
-3.26893
-3.26908
-3.26938
-3.26923
-3.26938
-3.26893
-3.27044
-3.26907
-3.26832
-3.26862
-3.26923
-3.26877
-3.26832
-3.26666
-3.26711
-3.26727
-3.26621
-3.26621
-3.26651
-3.26696
-3.26757
-3.26726
-3.26711
-3.26666
-3.26695
-3.2668
-3.26575
-3.26575
-3.26651
-3.26712
-3.26667
-3.26682
-3.26682
-3.26697
-3.26727
-3.26621
-3.2653
-3.2653
-3.26514
-3.26514
-3.26544
-3.26575
-3.2656
-3.2653
-3.26545
-3.2653
-3.2644
-3.26546
-3.26561
-3.26545
-3.2656
-3.2653
-3.26545
-3.26681
-3.26651
-3.26711
-3.26787
-3.26923
-3.26907
-3.26907
-3.26862
-3.26817
-3.26938
-3.26893
-3.26923
-3.26984
-3.26908
-3.26848
-3.26757
-3.26711
-3.26666
-3.26681
-3.26786
-3.26741
-3.26786
-3.26786
-3.2671
-3.26695
-3.26741
-3.26801
-3.26862
-3.26772
-3.26787
-3.26817
-3.26817
-3.26771
-3.26877
-3.26968
-3.26923
-3.26938
-3.26847
-3.26711
-3.26711
-3.26635
-3.26544
-3.26484
-3.26499
-3.2656
-3.26681
-3.2662
-3.26696
-3.26696
-3.26666
-3.26696
-3.26787
-3.26832
-3.26817
-3.26787
-3.26787
-3.26832
-3.26816
-3.26801
-3.26832
-3.26696
-3.26666
-3.2656
-3.26515
-3.26575
-3.26529
-3.2662
-3.26665
-3.26514
-3.2656
-3.26575
-3.26651
-3.2659
-3.26621
-3.26666
-3.26726
-3.26711
-3.26696
-3.26787
-3.26742
-3.26681
-3.26696
-3.26726
-3.26757
-3.26666
-3.26681
-3.26696
-3.26802
-3.26742
-3.26742
-3.26772
-3.26817
-3.26817
-3.26877
-3.26741
-3.26877
-3.26696
-3.2662
-3.2665
-3.26726
-3.26711
-3.26786
-3.26741
-3.26711
-3.26756
-3.26666
-3.26651
-3.26575
-3.26409
-3.26439
-3.2653
-3.26605
-3.2665
-3.2665
-3.2662
-3.26696
-3.26621
-3.26651
-3.26651
-3.2659
-3.2656
-3.26439
-3.26394
-3.2656
-3.26499
-3.26499
-3.26484
-3.26499
-3.26393
-3.26439
-3.26439
-3.26666
-3.26621
-3.26681
-3.26636
-3.26621
-3.26621
-3.26651
-3.26606
-3.26696
-3.2668
-3.26741
-3.26756
-3.26741
-3.26711
-3.26711
-3.26726
-3.26756
-3.26666
-3.26635
-3.26666
-3.26696
-3.26711
-3.26636
-3.26621
-3.2647
-3.265
-3.26575
-3.26514
-3.26483
-3.26528
-3.26529
-3.26484
-3.26605
-3.26575
-3.26681
-3.26651
-3.26591
-3.26515
-3.26545
-3.26635
-3.26726
-3.26696
-3.26756
-3.26831
-3.26741
-3.2671
-3.26726
-3.26832
-3.26877
-3.26908
-3.26832
-3.26908
-3.26802
-3.26665
-3.2668
-3.2662
-3.26695
-3.26635
-3.26635
-3.26681
-3.26696
-3.26711
-3.26741
-3.26847
-3.26832
-3.26817
-3.26711
-3.26681
-3.26756
-3.26666
-3.26711
-3.26771
-3.26711
-3.2659
-3.26575
-3.26666
-3.26666
-3.26696
-3.26741
-3.26605
-3.26651
-3.26787
-3.26681
-3.26756
-3.26786
-3.26877
-3.26938
-3.26907
-3.26862
-3.26786
-3.26696
-3.26575
-3.26756
-3.26756
-3.26787
-3.26771
-3.26922
-3.26892
-3.26786
-3.26831
-3.26892
-3.26892
-3.26907
-3.26892
-3.26847
-3.26817
-3.26801
-3.26831
-3.26937
-3.26937
-3.26997
-3.26997
-3.27028
-3.27058
-3.26998
-3.26892
-3.26816
-3.26801
-3.26846
-3.26831
-3.26846
-3.26785
-3.26725
-3.2674
-3.26589
-3.26634
-3.26589
-3.26574
-3.26604
-3.2668
-3.26755
-3.26861
-3.26997
-3.27118
-3.27149
-3.27103
-3.27119
-3.27043
-3.26967
-3.27043
-3.26982
-3.27133
-3.27042
-3.26997
-3.27012
-3.26982
-3.26891
-3.26801
-3.26801
-3.2668
-3.2671
-3.26695
-3.26726
-3.26831
-3.26741
-3.2674
-3.2674
-3.2674
-3.26756
-3.26605
-3.2662
-3.26589
-3.26665
-3.2665
-3.26725
-3.2665
-3.26725
-3.26695
-3.2662
-3.26544
-3.26499
-3.26589
-3.26574
-3.26665
-3.26726
-3.26726
-3.26771
-3.26847
-3.26786
-3.26862
-3.26892
-3.26846
-3.26801
-3.26861
-3.26801
-3.26771
-3.26847
-3.26862
-3.26846
-3.26861
-3.26756
-3.26725
-3.26771
-3.26771
-3.26711
-3.26816
-3.26922
-3.26967
-3.26982
-3.26937
-3.27133
-3.27088
-3.27058
-3.27133
-3.27133
-3.27133
-3.27179
-3.27269
-3.27163
-3.27118
-3.27027
-3.27027
-3.26997
-3.26982
-3.27028
-3.26982
-3.27027
-3.27042
-3.27012
-3.27088
-3.27148
-3.27073
-3.26997
-3.26906
-3.26876
-3.27027
-3.27042
-3.27057
-3.27027
-3.26982
-3.26966
-3.26906
-3.27073
-3.26861
-3.26907
-3.27043
-3.26997
-3.26906
-3.2677
-3.26831
-3.26831
-3.26801
-3.26816
-3.26861
-3.26755
-3.2674
-3.2668
-3.26619
-3.2665
-3.26665
-3.26529
-3.26498
-3.26483
-3.26483
-3.26574
-3.26559
-3.26498
-3.26392
-3.26482
-3.26498
-3.26649
-3.26574
-3.26649
-3.2677
-3.26861
-3.26755
-3.26785
-3.268
-3.2677
-3.26875
-3.26891
-3.26936
-3.26996
-3.26996
-3.27011
-3.2686
-3.26936
-3.26936
-3.26951
-3.2683
-3.26845
-3.2674
-3.26755
-3.26694
-3.26709
-3.26769
-3.26724
-3.26754
-3.26724
-3.26739
-3.26769
-3.26769
-3.26784
-3.26754
-3.268
-3.26815
-3.26785
-3.26785
-3.26679
-3.26724
-3.26754
-3.26754
-3.26785
-3.26664
-3.26724
-3.26739
-3.26634
-3.26603
-3.268
-3.26875
-3.2686
-3.26905
-3.2692
-3.26966
-3.26966
-3.27026
-3.26966
-3.26905
-3.268
-3.26709
-3.26664
-3.26724
-3.26679
-3.26649
-3.26694
-3.26724
-3.26815
-3.26769
-3.26724
-3.26679
-3.26724
-3.26664
-3.26724
-3.268
-3.26785
-3.2677
-3.26709
-3.26725
-3.26649
-3.26634
-3.26603
-3.26618
-3.26633
-3.26558
-3.26573
-3.26573
-3.26543
-3.26513
-3.26588
-3.26558
-3.26543
-3.26588
-3.26648
-3.26633
-3.26679
-3.26694
-3.26694
-3.26739
-3.26799
-3.26845
-3.26845
-3.2689
-3.26966
-3.27027
-3.27027
-3.27057
-3.27087
-3.27162
-3.27192
-3.27071
-3.27146
-3.27116
-3.27041
-3.26951
-3.26997
-3.26755
-3.2674
-3.26664
-3.26663
-3.26633
-3.26693
-3.26739
-3.26724
-3.26739
-3.26679
-3.26649
-3.26725
-3.26709
-3.26694
-3.26754
-3.26678
-3.26678
-3.26708
-3.26738
-3.26739
-3.26573
-3.26679
-3.26695
-3.26695
-3.26574
-3.26589
-3.26574
-3.26453
-3.26438
-3.26528
-3.26558
-3.26589
-3.26573
-3.26528
-3.26512
-3.26603
-3.26588
-3.26693
-3.26633
-3.26709
-3.26664
-3.26695
-3.26635
-3.26635
-3.26665
-3.26649
-3.26634
-3.26619
-3.26543
-3.26649
-3.26664
-3.26603
-3.26663
-3.26678
-3.26663
-3.26588
-3.26528
-3.26573
-3.26603
-3.26573
-3.26573
-3.26603
-3.26618
-3.26664
-3.2677
-3.26846
-3.268
-3.26816
-3.26725
-3.2671
-3.26619
-3.26588
-3.26603
-3.26588
-3.26649
-3.26513
-3.26589
-3.26513
-3.26528
-3.26513
-3.26468
-3.26468
-3.26513
-3.26513
-3.26619
-3.26634
-3.26755
-3.2683
-3.26785
-3.268
-3.2683
-3.26845
-3.26845
-3.26906
-3.26906
-3.27027
-3.27087
-3.27102
-3.27102
-3.27087
-3.27056
-3.26981
-3.26951
-3.2689
-3.2683
-3.26906
-3.26845
-3.2683
-3.2683
-3.2674
-3.26785
-3.26754
-3.26769
-3.2686
-3.26906
-3.26876
-3.26951
-3.26997
-3.27087
-3.27132
-3.27102
-3.27132
-3.26996
-3.27026
-3.26905
-3.2689
-3.268
-3.26845
-3.26845
-3.26755
-3.26695
-3.26649
-3.26725
-3.26725
-3.2671
-3.26694
-3.26755
-3.26618
-3.26694
-3.26724
-3.26604
-3.26619
-3.26588
-3.26649
-3.26528
-3.26543
-3.26558
-3.26482
-3.26392
-3.26468
-3.26634
-3.26649
-3.2674
-3.2671
-3.268
-3.268
-3.26814
-3.26845
-3.26784
-3.26845
-3.26906
-3.26785
-3.2677
-3.2671
-3.26755
-3.26724
-3.26709
-3.26754
-3.26739
-3.26754
-3.26709
-3.26739
-3.26755
-3.26709
-3.26619
-3.26694
-3.26649
-3.26739
-3.26935
-3.2686
-3.2689
-3.2692
-3.26951
-3.26845
-3.26815
-3.2677
-3.26815
-3.2683
-3.2686
-3.26906
-3.26951
-3.26981
-3.26981
-3.27147
-3.27102
-3.27117
-3.27192
-3.27192
-3.27147
-3.27162
-3.27147
-3.27177
-3.27147
-3.27162
-3.27102
-3.27132
-3.27042
-3.26996
-3.26996
-3.26829
-3.26754
-3.26769
-3.26709
-3.2674
-3.2683
-3.268
-3.2686
-3.26951
-3.26876
-3.26891
-3.26755
-3.26785
-3.26634
-3.26679
-3.26634
-3.26709
-3.26769
-3.2689
-3.2683
-3.26845
-3.26981
-3.27012
-3.27027
-3.27011
-3.27041
-3.27117
-3.27132
-3.27132
-3.27102
-3.27147
-3.27208
-3.27268
-3.27328
-3.27298
-3.27177
-3.27117
-3.27087
-3.27057
-3.27042
-3.26996
-3.26966
-3.26936
-3.26951
-3.2692
-3.26951
-3.27041
-3.27087
-3.26966
-3.2683
-3.26845
-3.26905
-3.26845
-3.26724
-3.26694
-3.26664
-3.26574
-3.26574
-3.26634
-3.26634
-3.26755
-3.26755
-3.26679
-3.26634
-3.26664
-3.26694
-3.26633
-3.26633
-3.26649
-3.26619
-3.26573
-3.26483
-3.26407
-3.26468
-3.26437
-3.26407
-3.26377
-3.26467
-3.26512
-3.26618
-3.26679
-3.26649
-3.26633
-3.26633
-3.26663
-3.26663
-3.26709
-3.26678
-3.26678
-3.26633
-3.26618
-3.26618
-3.26603
-3.26619
-3.26604
-3.26558
-3.26588
-3.26528
-3.26588
-3.26573
-3.26603
-3.26588
-3.26618
-3.26603
-3.26679
-3.26618
-3.26528
-3.26634
-3.26649
-3.26573
-3.26528
-3.26543
-3.26407
-3.26437
-3.26467
-3.26422
-3.26482
-3.26467
-3.26543
-3.26528
-3.26437
-3.26482
-3.26467
-3.26573
-3.26573
-3.26694
-3.26634
-3.26709
-3.26634
-3.26664
-3.26815
-3.268
-3.26891
-3.26846
-3.26785
-3.26589
-3.26619
-3.26589
-3.26634
-3.26573
-3.26588
-3.26558
-3.26527
-3.26573
-3.26573
-3.26604
-3.26634
-3.26634
-3.26725
-3.26755
-3.2674
-3.2671
-3.26665
-3.26755
-3.26861
-3.26815
-3.26876
-3.26845
-3.2683
-3.26815
-3.26815
-3.26785
-3.26846
-3.26815
-3.26785
-3.26755
-3.26694
-3.26664
-3.268
-3.2671
-3.2671
-3.2674
-3.26755
-3.26634
-3.26619
-3.26603
-3.26573
-3.26634
-3.26664
-3.2674
-3.26649
-3.2671
-3.26815
-3.26815
-3.26906
-3.2683
-3.26906
-3.2683
-3.26816
-3.26861
-3.26816
-3.26816
-3.26846
-3.26815
-3.2689
-3.2692
-3.26951
-3.26905
-3.26921
-3.26906
-3.26876
-3.26846
-3.26815
-3.268
-3.26831
-3.26785
-3.26755
-3.26771
-3.2671
-3.2665
-3.26619
-3.26604
-3.26664
-3.26679
-3.26618
-3.26588
-3.26604
-3.26634
-3.26529
-3.26529
-3.26574
-3.26649
-3.26649
-3.26664
-3.26709
-3.26739
-3.26814
-3.26935
-3.27162
-3.27208
-3.27178
-3.27269
-3.27178
-3.27299
-3.27283
-3.27389
-3.27359
-3.27344
-3.27404
-3.27343
-3.27298
-3.27298
-3.27389
-3.27405
-3.2742
-3.27374
-3.27495
-3.27389
-3.27283
-3.27147
-3.27117
-3.27117
-3.27132
-3.27117
-3.27057
-3.27087
-3.27118
-3.27103
-3.27238
-3.27178
-3.27117
-3.27086
-3.27056
-3.27162
-3.27102
-3.27117
-3.27012
-3.26981
-3.27042
-3.27042
-3.27102
-3.27042
-3.26921
-3.26936
-3.26845
-3.2683
-3.26724
-3.26709
-3.26664
-3.26694
-3.26815
-3.26725
-3.26755
-3.2674
-3.2683
-3.26815
-3.2677
-3.2683
-3.26875
-3.26906
-3.26875
-3.2689
-3.26785
-3.26769
-3.26815
-3.26815
-3.26785
-3.26694
-3.26634
-3.26573
-3.26588
-3.26483
-3.26422
-3.26422
-3.26573
-3.26452
-3.26467
-3.26467
-3.26618
-3.26693
-3.26799
-3.26739
-3.268
-3.2677
-3.2674
-3.26785
-3.26845
-3.26951
-3.27011
-3.27042
-3.26936
-3.27072
-3.27011
-3.27041
-3.26936
-3.26966
-3.27011
-3.2695
-3.26965
-3.26844
-3.26739
-3.26814
-3.26935
-3.26905
-3.26951
-3.27087
-3.26996
-3.27042
-3.26997
-3.26967
-3.27042
-3.27072
-3.27163
-3.27057
-3.27087
-3.27042
-3.26921
-3.26951
-3.26966
-3.26936
-3.2692
-3.26936
-3.26906
-3.268
-3.2677
-3.26694
-3.26739
-3.26664
-3.26679
-3.26619
-3.26679
-3.26725
-3.26694
-3.2677
-3.2683
-3.26921
-3.26906
-3.26875
-3.2683
-3.2689
-3.2683
-3.26936
-3.26875
-3.26921
-3.26921
-3.26996
-3.26906
-3.26966
-3.26951
-3.27133
-3.27102
-3.27208
-3.27208
-3.27147
-3.27057
-3.27072
-3.27012
-3.27042
-3.27088
-3.27088
-3.27073
-3.27209
-3.27163
-3.27163
-3.27193
-3.27026
-3.27026
-3.26981
-3.27057
-3.27057
-3.26997
-3.27042
-3.27073
-3.27133
-3.27148
-3.27208
-3.27147
-3.27072
-3.27026
-3.27147
-3.27177
-3.27192
-3.27147
-3.27148
-3.27193
-3.27088
-3.27103
-3.27209
-3.27329
-3.27284
-3.27163
-3.27253
-3.27283
-3.27298
-3.27268
-3.27148
-3.27178
-3.27208
-3.27118
-3.27103
-3.27163
-3.27148
-3.27163
-3.27148
-3.27193
-3.27117
-3.27042
-3.26936
-3.26966
-3.26951
-3.27072
-3.27102
-3.27056
-3.26921
-3.26936
-3.26891
-3.26936
-3.26906
-3.26906
-3.26906
-3.26951
-3.27012
-3.27012
-3.26997
-3.27012
-3.27043
-3.27058
-3.27103
-3.27013
-3.27012
-3.27012
-3.27072
-3.27027
-3.26906
-3.26861
-3.26952
-3.26861
-3.26801
-3.2674
-3.26635
-3.26725
-3.26649
-3.26498
-3.26543
-3.26589
-3.26634
-3.26589
-3.2677
-3.26665
-3.2668
-3.26605
-3.26635
-3.2665
-3.2665
-3.26741
-3.2671
-3.2674
-3.2674
-3.2665
-3.2674
-3.26589
-3.26634
-3.26725
-3.2671
-3.2677
-3.2677
-3.26846
-3.26861
-3.26907
-3.26891
-3.26786
-3.26846
-3.26982
-3.27028
-3.27043
-3.27073
-3.27104
-3.27134
-3.27179
-3.27148
-3.27118
-3.27179
-3.27073
-3.27179
-3.27224
-3.27209
-3.27148
-3.27072
-3.27193
-3.27254
-3.27209
-3.27315
-3.273
-3.2733
-3.27375
-3.27421
-3.2733
-3.2733
-3.27345
-3.27406
-3.27451
-3.27466
-3.27375
-3.2736
-3.27329
-3.27193
-3.27118
-3.27073
-3.27118
-3.27118
-3.27178
-3.27117
-3.27178
-3.27118
-3.27148
-3.27148
-3.27118
-3.27178
-3.27193
-3.27269
-3.27299
-3.27299
-3.27284
-3.27239
-3.27269
-3.27224
-3.27042
-3.27163
-3.27148
-3.27208
-3.27269
-3.27329
-3.27405
-3.27436
-3.27451
-3.27466
-3.27481
-3.27556
-3.27496
-3.27375
-3.27375
-3.2736
-3.27375
-3.27405
-3.27284
-3.27193
-3.27133
-3.27179
-3.27209
-3.27254
-3.27269
-3.27269
-3.27178
-3.27057
-3.27072
-3.27072
-3.27148
-3.27194
-3.27239
-3.27239
-3.27269
-3.27223
-3.27223
-3.27329
-3.2742
-3.27284
-3.27254
-3.27239
-3.2733
-3.273
-3.2736
-3.27375
-3.27255
-3.27255
-3.27315
-3.2727
-3.27315
-3.27254
-3.27374
-3.27389
-3.27465
-3.2739
-3.27314
-3.27345
-3.27284
-3.27254
-3.27224
-3.27179
-3.27149
-3.27164
-3.26998
-3.27058
-3.27013
-3.26892
-3.26861
-3.26921
-3.2683
-3.26724
-3.2674
-3.26755
-3.26756
-3.26695
-3.26726
-3.2668
-3.2665
-3.26605
-3.26529
-3.2662
-3.26514
-3.26529
-3.26499
-3.2659
-3.26605
-3.26575
-3.26544
-3.26559
-3.26499
-3.26438
-3.26468
-3.26408
-3.26423
-3.26484
-3.26468
-3.26529
-3.26575
-3.26635
-3.2662
-3.26439
-3.26484
-3.26454
-3.26423
-3.26559
-3.26634
-3.26755
-3.26513
-3.26498
-3.26514
-3.26453
-3.26438
-3.26423
-3.26423
-3.26332
-3.26227
-3.26227
-3.26242
-3.26226
-3.26332
-3.26453
-3.26513
-3.26574
-3.26574
-3.26634
-3.26665
-3.2665
-3.26756
-3.26665
-3.26559
-3.26544
-3.26544
-3.26544
-3.26574
-3.26604
-3.26574
-3.26619
-3.26619
-3.26589
-3.26665
-3.2668
-3.2668
-3.2671
-3.26725
-3.26785
-3.2683
-3.26921
-3.26981
-3.26891
-3.26891
-3.26801
-3.26726
-3.26665
-3.26589
-3.26619
-3.26589
-3.26649
-3.26679
-3.26739
-3.26709
-3.26558
-3.26528
-3.26528
-3.26558
-3.26589
-3.26604
-3.26483
-3.26453
-3.26499
-3.26468
-3.26257
-3.26212
-3.26181
-3.26166
-3.26257
-3.26272
-3.26332
-3.26332
-3.26392
-3.26407
-3.26377
-3.26362
-3.26437
-3.26467
-3.26392
-3.26528
-3.26573
-3.26588
-3.26588
-3.26649
-3.2674
-3.26755
-3.26785
-3.26754
-3.26769
-3.26709
-3.26678
-3.26648
-3.26573
-3.26543
-3.26573
-3.26785
-3.26739
-3.26649
-3.26664
-3.26649
-3.26649
-3.26603
-3.26558
-3.26618
-3.26558
-3.26633
-3.26604
-3.26528
-3.26544
-3.26574
-3.26528
-3.26649
-3.26633
-3.26663
-3.26709
-3.26618
-3.26618
-3.26664
-3.26603
-3.26543
-3.26634
-3.26695
-3.26604
-3.26664
-3.26603
-3.26664
-3.26634
-3.26664
-3.26709
-3.26754
-3.26785
-3.26785
-3.26739
-3.26754
-3.26664
-3.26769
-3.26664
-3.26604
-3.26589
-3.26619
-3.26694
-3.26679
-3.26603
-3.26633
-3.26663
-3.26527
-3.26527
-3.26497
-3.26588
-3.26678
-3.26588
-3.26588
-3.26694
-3.26709
-3.26709
-3.26618
-3.26619
-3.26604
-3.26573
-3.26604
-3.26634
-3.26679
-3.26664
-3.26574
-3.26664
-3.2671
-3.26725
-3.26815
-3.2677
-3.2677
-3.26845
-3.26951
-3.26921
-3.26891
-3.268
-3.2671
-3.2683
-3.26815
-3.26815
-3.2677
-3.2668
-3.26665
-3.26741
-3.26695
-3.26756
-3.26816
-3.26891
-3.26921
-3.26876
-3.26906
-3.26876
-3.26801
-3.26846
-3.26876
-3.26907
-3.26937
-3.27012
-3.27118
-3.27133
-3.27088
-3.27118
-3.27148
-3.27042
-3.26921
-3.26952
-3.27028
-3.26967
-3.27013
-3.27043
-3.27042
-3.27087
-3.26981
-3.2683
-3.26831
-3.26891
-3.26937
-3.27027
-3.27027
-3.27028
-3.27028
-3.27028
-3.26952
-3.26937
-3.26907
-3.26816
-3.26815
-3.26845
-3.2683
-3.26785
-3.26786
-3.26861
-3.26937
-3.26907
-3.26877
-3.26922
-3.26846
-3.26831
-3.26831
-3.26906
-3.27027
-3.27163
-3.27103
-3.27042
-3.27133
-3.27027
-3.27073
-3.27103
-3.27164
-3.27164
-3.27088
-3.27043
-3.26997
-3.27073
-3.27179
-3.27103
-3.26937
-3.27012
-3.26846
-3.26861
-3.26982
-3.26937
-3.27012
-3.27073
-3.27073
-3.26997
-3.26907
-3.26831
-3.26771
-3.26847
-3.26907
-3.26922
-3.26831
-3.26876
-3.26906
-3.27012
-3.27027
-3.27118
-3.27057
-3.26967
-3.26967
-3.26907
-3.26982
-3.26861
-3.26952
-3.27134
-3.27255
-3.27209
-3.27164
-3.27134
-3.27179
-3.27194
-3.27269
-3.27239
-3.27148
-3.27224
-3.27148
-3.27133
-3.27073
-3.27088
-3.26952
-3.26907
-3.26937
-3.26877
-3.26862
-3.26831
-3.26741
-3.26786
-3.26725
-3.26877
-3.26952
-3.26937
-3.26952
-3.27027
-3.26952
-3.26891
-3.26876
-3.26815
-3.26846
-3.26816
-3.26861
-3.26831
-3.26861
-3.26846
-3.26876
-3.26831
-3.26831
-3.26876
-3.27012
-3.27103
-3.27088
-3.26967
-3.27043
-3.27058
-3.26951
-3.26997
-3.27012
-3.26997
-3.26967
-3.26922
-3.26937
-3.26967
-3.26922
-3.26891
-3.26861
-3.26861
-3.26786
-3.26846
-3.26876
-3.26981
-3.26981
-3.26937
-3.26801
-3.27013
-3.26983
-3.26998
-3.27028
-3.27057
-3.27133
-3.27148
-3.27193
-3.27224
-3.27209
-3.27284
-3.27209
-3.27103
-3.27254
-3.27148
-3.27194
-3.27088
-3.27073
-3.27209
-3.27194
-3.27118
-3.27178
-3.27117
-3.27178
-3.27133
-3.27058
-3.27209
-3.27239
-3.27209
-3.27149
-3.27088
-3.27043
-3.27133
-3.27042
-3.26997
-3.26997
-3.26892
-3.26876
-3.26876
-3.26876
-3.26816
-3.26967
-3.27043
-3.27118
-3.27058
-3.27118
-3.26997
-3.26952
-3.27148
-3.27178
-3.27239
-3.27194
-3.27164
-3.27164
-3.27118
-3.27178
-3.27178
-3.27223
-3.27314
-3.27254
-3.27239
-3.27345
-3.27345
-3.2733
-3.2733
-3.27299
-3.27163
-3.27103
-3.27073
-3.27073
-3.27119
-3.27073
-3.27224
-3.27254
-3.27193
-3.27268
-3.27268
-3.27328
-3.27374
-3.27284
-3.27359
-3.2736
-3.27269
-3.27299
-3.27254
-3.27194
-3.27179
-3.27269
-3.27269
-3.27194
-3.27193
-3.27102
-3.27132
-3.27087
-3.27117
-3.27118
-3.26997
-3.26997
-3.27088
-3.27133
-3.27133
-3.27208
-3.27057
-3.27042
-3.27072
-3.26982
-3.27103
-3.27012
-3.27028
-3.27088
-3.27163
-3.27133
-3.27072
-3.26981
-3.27027
-3.27011
-3.27042
-3.27057
-3.27087
-3.27087
-3.27088
-3.27088
-3.27133
-3.27163
-3.27148
-3.27209
-3.27193
-3.27239
-3.27193
-3.27299
-3.27299
-3.27359
-3.27359
-3.27299
-3.27178
-3.27148
-3.27057
-3.26996
-3.26951
-3.26906
-3.26951
-3.26816
-3.2677
-3.26755
-3.26831
-3.2674
-3.26725
-3.2683
-3.2674
-3.26679
-3.26664
-3.26634
-3.26664
-3.2674
-3.26725
-3.2671
-3.26694
-3.2677
-3.26845
-3.2689
-3.26905
-3.2683
-3.2689
-3.26936
-3.26921
-3.26936
-3.2683
-3.26846
-3.26831
-3.26876
-3.2683
-3.26846
-3.26861
-3.26845
-3.26906
-3.2683
-3.2686
-3.2677
-3.26755
-3.26815
-3.26695
-3.2668
-3.26649
-3.26604
-3.2671
-3.2674
-3.26815
-3.26815
-3.268
-3.26785
-3.2674
-3.2671
-3.26574
-3.2662
-3.26755
-3.26905
-3.26966
-3.26982
-3.27013
-3.26982
-3.26982
-3.26982
-3.27012
-3.26981
-3.26996
-3.27072
-3.27011
-3.26905
-3.26981
-3.26981
-3.26906
-3.26921
-3.26936
-3.26876
-3.26921
-3.26921
-3.26861
-3.268
-3.2677
-3.26936
-3.26981
-3.27087
-3.27012
-3.26997
-3.26876
-3.26936
-3.27012
-3.27057
-3.26966
-3.26936
-3.26936
-3.26996
-3.27011
-3.26996
-3.27162
-3.27178
-3.27253
-3.27163
-3.27208
-3.27208
-3.27193
-3.27209
-3.27209
-3.27239
-3.27284
-3.27148
-3.27133
-3.27118
-3.27163
-3.27163
-3.27193
-3.27133
-3.27148
-3.27102
-3.27117
-3.27163
-3.27208
-3.27299
-3.273
-3.27164
-3.27179
-3.27194
-3.27209
-3.27194
-3.27194
-3.27148
-3.27133
-3.27163
-3.27103
-3.27103
-3.26997
-3.26906
-3.26982
-3.26982
-3.27012
-3.26876
-3.26921
-3.26906
-3.26967
-3.27012
-3.26922
-3.26922
-3.26967
-3.26936
-3.26861
-3.26801
-3.2677
-3.26755
-3.2677
-3.26876
-3.26816
-3.2671
-3.26679
-3.2671
-3.2677
-3.2683
-3.26936
-3.26921
-3.27073
-3.27088
-3.27072
-3.27042
-3.27027
-3.27012
-3.26982
-3.26967
-3.26952
-3.26876
-3.26816
-3.26756
-3.26907
-3.26862
-3.26726
-3.26665
-3.26649
-3.2671
-3.2677
-3.2671
-3.26725
-3.26785
-3.26906
-3.268
-3.26785
-3.26755
-3.26665
-3.2668
-3.26635
-3.2671
-3.26665
-3.26771
-3.2665
-3.2668
-3.26695
-3.2662
-3.2665
-3.26604
-3.26559
-3.26589
-3.26574
-3.26694
-3.2671
-3.26755
-3.26861
-3.26846
-3.26906
-3.26982
-3.26982
-3.26997
-3.26952
-3.26997
-3.26997
-3.27133
-3.27133
-3.27209
-3.27239
-3.27209
-3.27239
-3.27193
-3.27193
-3.27253
-3.27268
-3.27268
-3.27238
-3.27163
-3.27088
-3.27224
-3.27224
-3.27254
-3.27269
-3.27253
-3.27163
-3.27148
-3.27268
-3.27238
-3.27238
-3.27269
-3.27314
-3.2736
-3.27375
-3.27254
-3.27239
-3.27148
-3.27132
-3.27147
-3.27072
-3.26966
-3.27011
-3.26815
-3.26785
-3.26725
-3.26649
-3.26619
-3.26544
-3.26574
-3.26725
-3.2668
-3.2668
-3.26634
-3.26755
-3.2677
-3.26755
-3.2683
-3.268
-3.268
-3.26815
-3.268
-3.26921
-3.26966
-3.26951
-3.26891
-3.26876
-3.26921
-3.26815
-3.26815
-3.26769
-3.26784
-3.26845
-3.26845
-3.26996
-3.27026
-3.26906
-3.26906
-3.26861
-3.2686
-3.2686
-3.26845
-3.2686
-3.26875
-3.26905
-3.26965
-3.26935
-3.2689
-3.2689
-3.26936
-3.26936
-3.26966
-3.27027
-3.27072
-3.27057
-3.26981
-3.27011
-3.27026
-3.27011
-3.27026
-3.27102
-3.27238
-3.27208
-3.27253
-3.27253
-3.27238
-3.27223
-3.27222
-3.27298
-3.27449
-3.27388
-3.27283
-3.27223
-3.27239
-3.27269
-3.27329
-3.27344
-3.27419
-3.27359
-3.27358
-3.27313
-3.27252
-3.27298
-3.27192
-3.27222
-3.27117
-3.27177
-3.27238
-3.27177
-3.27132
-3.27162
-3.27223
-3.27329
-3.27359
-3.27253
-3.27163
-3.27072
-3.27088
-3.27133
-3.27118
-3.27163
-3.27132
-3.27132
-3.27177
-3.27041
-3.27087
-3.27012
-3.26951
-3.26936
-3.26906
-3.26921
-3.26981
-3.27012
-3.27087
-3.27027
-3.27042
-3.27118
-3.27088
-3.27012
-3.27118
-3.27132
-3.27162
-3.27192
-3.27177
-3.27223
-3.27132
-3.27027
-3.27027
-3.27057
-3.26952
-3.26831
-3.26876
-3.26876
-3.2683
-3.2683
-3.26875
-3.26845
-3.26951
-3.26951
-3.26906
-3.26845
-3.26815
-3.26815
-3.2677
-3.26725
-3.26664
-3.26679
-3.26574
-3.26634
-3.26468
-3.26483
-3.26497
-3.26467
-3.26543
-3.26558
-3.26649
-3.26604
-3.26649
-3.26634
-3.26634
-3.2674
-3.2683
-3.26754
-3.26815
-3.26754
-3.26664
-3.26739
-3.26679
-3.26679
-3.26649
-3.26679
-3.26679
-3.26755
-3.26649
-3.26769
-3.26905
-3.2689
-3.26981
-3.26966
-3.26966
-3.27011
-3.27102
-3.26936
-3.26876
-3.268
-3.2677
-3.26785
-3.26905
-3.2689
-3.26845
-3.26815
-3.26785
-3.26875
-3.26921
-3.26875
-3.26875
-3.2686
-3.2686
-3.26845
-3.26875
-3.26845
-3.2683
-3.26845
-3.26845
-3.26785
-3.268
-3.26891
-3.26876
-3.26906
-3.26891
-3.2683
-3.26875
-3.26951
-3.26951
-3.26905
-3.26951
-3.26951
-3.26951
-3.26996
-3.27026
-3.27071
-3.26981
-3.2689
-3.26951
-3.26966
-3.26997
-3.26997
-3.27058
-3.27073
-3.27042
-3.27238
-3.27282
-3.27146
-3.27131
-3.27071
-3.27057
-3.26996
-3.26996
-3.26906
-3.26876
-3.26921
-3.26815
-3.26785
-3.2686
-3.2686
-3.2686
-3.26921
-3.26921
-3.2686
-3.26921
-3.2689
-3.26769
-3.26679
-3.26679
-3.26754
-3.26814
-3.2692
-3.26905
-3.26845
-3.2686
-3.26875
-3.2692
-3.26966
-3.27041
-3.27056
-3.27056
-3.27041
-3.27102
-3.27102
-3.27071
-3.2692
-3.2686
-3.2689
-3.26981
-3.26981
-3.26951
-3.27011
-3.27071
-3.27056
-3.27026
-3.27026
-3.26981
-3.2695
-3.26875
-3.26829
-3.2692
-3.26951
-3.26936
-3.26769
-3.26754
-3.26754
-3.26679
-3.26633
-3.26633
-3.26619
-3.26754
-3.26769
-3.26724
-3.26739
-3.26754
-3.26754
-3.26739
-3.26618
-3.26587
-3.26497
-3.26421
-3.26451
-3.26527
-3.26542
-3.26527
-3.26588
-3.26603
-3.26588
-3.26558
-3.26649
-3.26679
-3.26709
-3.26634
-3.26679
-3.26619
-3.26679
-3.26694
-3.26739
-3.26784
-3.26799
-3.26799
-3.26799
-3.26844
-3.2692
-3.26921
-3.2683
-3.26815
-3.2683
-3.268
-3.2686
-3.26769
-3.26754
-3.26814
-3.26784
-3.26709
-3.26905
-3.26784
-3.268
-3.26875
-3.26845
-3.26754
-3.26754
-3.26724
-3.2677
-3.26755
-3.26709
-3.26603
-3.26664
-3.26693
-3.26738
-3.26678
-3.26694
-3.26755
-3.26634
-3.26694
-3.26664
-3.26649
-3.26678
-3.26678
-3.26693
-3.26648
-3.26482
-3.26573
-3.26512
-3.26452
-3.26498
-3.26392
-3.26513
-3.26468
-3.26618
-3.26618
-3.26603
-3.26603
-3.26497
-3.26663
-3.26724
-3.26845
-3.2683
-3.2683
-3.26876
-3.2683
-3.2689
-3.2692
-3.2692
-3.26951
-3.26905
-3.2686
-3.26845
-3.2692
-3.2698
-3.26965
-3.26981
-3.26981
-3.26996
-3.26996
-3.27056
-3.27011
-3.26966
-3.26905
-3.2683
-3.2683
-3.26784
-3.26739
-3.26739
-3.26769
-3.26708
-3.26754
-3.26844
-3.26784
-3.26709
-3.26497
-3.26316
-3.26165
-3.26105
-3.2621
-3.2627
-3.26331
-3.26391
-3.26391
-3.26332
-3.26392
-3.26423
-3.26483
-3.26513
-3.26467
-3.26437
-3.26482
-3.26376
-3.26315
-3.26406
-3.2636
-3.263
-3.26361
-3.26331
-3.26256
-3.26271
-3.26211
-3.26301
-3.26316
-3.26377
-3.26407
-3.26512
-3.26512
-3.26587
-3.26482
-3.26482
-3.26527
-3.26467
-3.26406
-3.26512
-3.26542
-3.26542
-3.26527
-3.26452
-3.26528
-3.26452
-3.26331
-3.26286
-3.26346
-3.26286
-3.26316
-3.26512
-3.26572
-3.26421
-3.26602
-3.26663
-3.26648
-3.26663
-3.26603
-3.26785
-3.26618
-3.26709
-3.26815
-3.26845
-3.2692
-3.26829
-3.26859
-3.2689
-3.26844
-3.2689
-3.2689
-3.2695
-3.26935
-3.2695
-3.2695
-3.2695
-3.26966
-3.26921
-3.2692
-3.26951
-3.26996
-3.26965
-3.26965
-3.26935
-3.26754
-3.26708
-3.26618
-3.26648
-3.26572
-3.26678
-3.26708
-3.2689
-3.26845
-3.2692
-3.26815
-3.268
-3.26785
-3.26769
-3.268
-3.26694
-3.26754
-3.26709
-3.26709
-3.26663
-3.26678
-3.26633
-3.26572
-3.26618
-3.26572
-3.26572
-3.26527
-3.26482
-3.26391
-3.26301
-3.26376
-3.26497
-3.26572
-3.26663
-3.26648
-3.26723
-3.26753
-3.26693
-3.26738
-3.26768
-3.26708
-3.26754
-3.26678
-3.26663
-3.26603
-3.26708
-3.26724
-3.26739
-3.26754
-3.26663
-3.26799
-3.26875
-3.27011
-3.26951
-3.27072
-3.27147
-3.27162
-3.27132
-3.27116
-3.27162
-3.27056
-3.26996
-3.27011
-3.27147
-3.27132
-3.27102
-3.27102
-3.27147
-3.27117
-3.27086
-3.27086
-3.26995
-3.27056
-3.26936
-3.26951
-3.26921
-3.26876
-3.26921
-3.2686
-3.26815
-3.26921
-3.26875
-3.27026
-3.26966
-3.26905
-3.26935
-3.26904
-3.26859
-3.26814
-3.26799
-3.26694
-3.26649
-3.26664
-3.26724
-3.26755
-3.26679
-3.26739
-3.2683
-3.26875
-3.2689
-3.2692
-3.26951
-3.26981
-3.27011
-3.26951
-3.26951
-3.2692
-3.26875
-3.26996
-3.27071
-3.27086
-3.27026
-3.27041
-3.27117
-3.27087
-3.26951
-3.26936
-3.2686
-3.2692
-3.26935
-3.26996
-3.26996
-3.27026
-3.27011
-3.26951
-3.2692
-3.2686
-3.2692
-3.27011
-3.26981
-3.26951
-3.2692
-3.26966
-3.26875
-3.2686
-3.26754
-3.26603
-3.26603
-3.26558
-3.26558
-3.26573
-3.26573
-3.26543
-3.26589
-3.26574
-3.26513
-3.26543
-3.26709
-3.26784
-3.26829
-3.26965
-3.27086
-3.27132
-3.27117
-3.27087
-3.27072
-3.26981
-3.26951
-3.268
-3.2683
-3.26814
-3.26769
-3.26784
-3.26784
-3.26769
-3.26784
-3.2683
-3.26875
-3.26875
-3.26905
-3.26905
-3.26905
-3.26935
-3.27056
-3.27071
-3.27071
-3.27026
-3.26966
-3.27041
-3.27026
-3.27026
-3.27011
-3.27011
-3.27011
-3.26996
-3.26951
-3.26876
-3.26966
-3.26997
-3.27012
-3.26936
-3.26891
-3.26875
-3.26935
-3.26905
-3.2686
-3.27011
-3.26725
-3.26664
-3.2683
-3.26815
-3.26921
-3.26875
-3.26966
-3.26936
-3.27011
-3.26996
-3.27011
-3.27026
-3.26981
-3.26935
-3.26981
-3.2683
-3.26845
-3.26861
-3.268
-3.26725
-3.2674
-3.26755
-3.26679
-3.26679
-3.26694
-3.26694
-3.26785
-3.268
-3.26709
-3.26815
-3.26815
-3.26845
-3.2686
-3.26845
-3.26861
-3.26906
-3.26936
-3.26906
-3.26951
-3.26951
-3.2692
-3.26905
-3.2692
-3.26875
-3.26845
-3.268
-3.268
-3.26815
-3.26665
-3.2668
-3.2668
-3.26664
-3.26709
-3.26724
-3.268
-3.26799
-3.26829
-3.2695
-3.2689
-3.2689
-3.26799
-3.26769
-3.268
-3.26815
-3.26831
-3.26846
-3.26815
-3.26815
-3.2677
-3.26845
-3.2686
-3.26831
-3.26861
-3.26921
-3.27087
-3.27102
-3.27056
-3.27071
-3.27041
-3.27056
-3.26996
-3.26951
-3.26891
-3.2677
-3.26709
-3.26694
-3.26695
-3.26695
-3.26634
-3.26589
-3.26589
-3.26573
-3.26543
-3.26482
-3.26392
-3.26407
-3.26377
-3.26407
-3.26438
-3.26347
-3.26317
-3.26317
-3.26362
-3.26392
-3.26392
-3.26437
-3.26513
-3.26528
-3.26543
-3.26497
-3.26543
-3.26634
-3.26603
-3.26498
-3.26482
-3.26316
-3.26392
-3.26422
-3.26468
-3.26679
-3.26785
-3.26845
-3.26951
-3.26996
-3.27041
-3.27026
-3.26966
-3.27041
-3.26875
-3.2686
-3.26845
-3.26664
-3.26664
-3.26558
-3.26679
-3.26739
-3.268
-3.26739
-3.26694
-3.26694
-3.26725
-3.268
-3.2683
-3.26785
-3.26679
-3.26664
-3.26694
-3.2671
-3.268
-3.26739
-3.26679
-3.26693
-3.26618
-3.26618
-3.26663
-3.26679
-3.26664
-3.26619
-3.26589
-3.26528
-3.26483
-3.26528
-3.26558
-3.26498
-3.26588
-3.26558
-3.26709
-3.26785
-3.26785
-3.26785
-3.26815
-3.26785
-3.2674
-3.26785
-3.26815
-3.268
-3.26679
-3.26558
-3.26588
-3.26603
-3.26558
-3.26513
-3.26528
-3.26483
-3.26513
-3.26483
-3.26468
-3.26437
-3.26498
-3.26422
-3.26558
-3.26558
-3.26634
-3.26679
-3.2677
-3.26845
-3.26905
-3.27056
-3.27117
-3.27177
-3.27253
-3.27223
-3.27178
-3.27178
-3.27193
-3.27223
-3.27162
-3.27147
-3.27132
-3.27117
-3.27177
-3.27147
-3.27102
-3.27163
-3.27178
-3.27163
-3.27224
-3.27209
-3.27118
-3.27102
-3.27132
-3.27056
-3.27041
-3.2695
-3.26996
-3.26936
-3.26891
-3.26785
-3.268
-3.2683
-3.26755
-3.2674
-3.26725
-3.26861
-3.26861
-3.26921
-3.26966
-3.27011
-3.27072
-3.27041
-3.26981
-3.26935
-3.26966
-3.26996
-3.27056
-3.27147
-3.27147
-3.27223
-3.27208
-3.27193
-3.27147
-3.27132
-3.27147
-3.27162
-3.27162
-3.27027
-3.26891
-3.26846
-3.26876
-3.26921
-3.26921
-3.2683
-3.26936
-3.26845
-3.2677
-3.26875
-3.26769
-3.2683
-3.2683
-3.26724
-3.26618
-3.26663
-3.26663
-3.26724
-3.26694
-3.26739
-3.26709
-3.26739
-3.26694
-3.26709
-3.26724
-3.26769
-3.2683
-3.268
-3.2683
-3.26936
-3.27042
-3.27042
-3.27042
-3.27147
-3.27102
-3.27147
-3.27146
-3.27071
-3.27252
-3.27343
-3.27343
-3.27238
-3.27298
-3.27268
-3.27268
-3.27253
-3.27208
-3.27132
-3.27026
-3.27147
-3.26981
-3.27071
-3.27026
-3.27041
-3.27117
-3.27011
-3.26981
-3.26905
-3.26905
-3.2692
-3.2695
-3.2695
-3.27011
-3.27011
-3.26966
-3.26996
-3.27012
-3.26876
-3.26906
-3.26891
-3.26845
-3.26905
-3.26799
-3.26708
-3.26814
-3.26738
-3.26769
-3.26724
-3.26724
-3.26694
-3.26603
-3.26649
-3.26634
-3.26724
-3.26739
-3.268
-3.26814
-3.2686
-3.2683
-3.26754
-3.2683
-3.26784
-3.26769
-3.26799
-3.26739
-3.26693
-3.26708
-3.26739
-3.26739
-3.26648
-3.26618
-3.26648
-3.26558
-3.26603
-3.26588
-3.26618
-3.26634
-3.26785
-3.26739
-3.26679
-3.26679
-3.26648
-3.26618
-3.26542
-3.26557
-3.26527
-3.26618
-3.26603
-3.26588
-3.26664
-3.26664
-3.26649
-3.26619
-3.26619
-3.26604
-3.26604
-3.26588
-3.26679
-3.26709
-3.26724
-3.26664
-3.26724
-3.26769
-3.26784
-3.26784
-3.26663
-3.26739
-3.26679
-3.26619
-3.26589
-3.26664
-3.26785
-3.26725
-3.2674
-3.26694
-3.2677
-3.26724
-3.26769
-3.26784
-3.26814
-3.26875
-3.2695
-3.26859
-3.26814
-3.2689
-3.2686
-3.26936
-3.2692
-3.26966
-3.26875
-3.26709
-3.26784
-3.26754
-3.26724
-3.26724
-3.26664
-3.26709
-3.26708
-3.26754
-3.26663
-3.26709
-3.26649
-3.26694
-3.26694
-3.26754
-3.26739
-3.26799
-3.26754
-3.26799
-3.26769
-3.26739
-3.26829
-3.26799
-3.2695
-3.26935
-3.26905
-3.2698
-3.27026
-3.2698
-3.26965
-3.27071
-3.27011
-3.26966
-3.27026
-3.2689
-3.2683
-3.26815
-3.26815
-3.2686
-3.2689
-3.2692
-3.2689
-3.26799
-3.26935
-3.2692
-3.2695
-3.26965
-3.27011
-3.27011
-3.2695
-3.26996
-3.2692
-3.26784
-3.2689
-3.26981
-3.26951
-3.2683
-3.26769
-3.26845
-3.26859
-3.2695
-3.2698
-3.27025
-3.27132
-3.27102
-3.27072
-3.27147
-3.27162
-3.27177
-3.27222
-3.27222
-3.27192
-3.27283
-3.27177
-3.27117
-3.27117
-3.27056
-3.27102
-3.27086
-3.27041
-3.26981
-3.27011
-3.27026
-3.26996
-3.26996
-3.27026
-3.26981
-3.26996
-3.27011
-3.27102
-3.27268
-3.27237
-3.27222
-3.27146
-3.2698
-3.26965
-3.2704
-3.27086
-3.27056
-3.27101
-3.27117
-3.27117
-3.27208
-3.27238
-3.27193
-3.27193
-3.27147
-3.27071
-3.2704
-3.2707
-3.27056
-3.27086
-3.27117
-3.27163
-3.27163
-3.27162
-3.27057
-3.27011
-3.26966
-3.27026
-3.27011
-3.26905
-3.26935
-3.2692
-3.26845
-3.26799
-3.26875
-3.26784
-3.26799
-3.26829
-3.26859
-3.26844
-3.26859
-3.26784
-3.26784
-3.2689
-3.26905
-3.26966
-3.27011
-3.27071
-3.27086
-3.27101
-3.27056
-3.27086
-3.27116
-3.27101
-3.27147
-3.27192
-3.27207
-3.27282
-3.27237
-3.27221
-3.27206
-3.27161
-3.27071
-3.27041
-3.27086
-3.27132
-3.27147
-3.27117
-3.27086
-3.27041
-3.27071
-3.26935
-3.27026
-3.26996
-3.2695
-3.2689
-3.26814
-3.26875
-3.2683
-3.26875
-3.2686
-3.26814
-3.26708
-3.26633
-3.26648
-3.26708
-3.26723
-3.26708
-3.26814
-3.26724
-3.26739
-3.26678
-3.26724
-3.26679
-3.26648
-3.26679
-3.26679
-3.26694
-3.26739
-3.26588
-3.26618
-3.26602
-3.26708
-3.26708
-3.26633
-3.26602
-3.26784
-3.26754
-3.26769
-3.26769
-3.26724
-3.26708
-3.26784
-3.26798
-3.26844
-3.26844
-3.26829
-3.26875
-3.26936
-3.26966
-3.26996
-3.26996
-3.26981
-3.26936
-3.26966
-3.26981
-3.27026
-3.27116
-3.271
-3.27055
-3.26964
-3.26964
-3.2695
-3.26905
-3.2686
-3.268
-3.2686
-3.2689
-3.26905
-3.26905
-3.2686
-3.26815
-3.26785
-3.2686
-3.2683
-3.2689
-3.26845
-3.26799
-3.26799
-3.26769
-3.26769
-3.26784
-3.26723
-3.26663
-3.26663
-3.26649
-3.26588
-3.26528
-3.26574
-3.26559
-3.26544
-3.26574
-3.26543
-3.26482
-3.26528
-3.26558
-3.26542
-3.26603
-3.26573
-3.26543
-3.26618
-3.26588
-3.26558
-3.26543
-3.26573
-3.26558
-3.26528
-3.26543
-3.26497
-3.26528
-3.26482
-3.26603
-3.26709
-3.26769
-3.26754
-3.26663
-3.26815
-3.268
-3.26709
-3.2677
-3.2683
-3.26799
-3.26845
-3.2686
-3.2689
-3.268
-3.26906
-3.26921
-3.2689
-3.26815
-3.26799
-3.26739
-3.26663
-3.26678
-3.26633
-3.26558
-3.26497
-3.26482
-3.26437
-3.26528
-3.26618
-3.26724
-3.268
-3.26921
-3.26996
-3.27087
-3.27041
-3.27011
-3.27102
-3.27041
-3.27117
-3.27238
-3.27192
-3.27102
-3.27087
-3.26936
-3.26966
-3.27027
-3.26982
-3.26981
-3.26845
-3.26709
-3.26663
-3.26708
-3.26603
-3.26543
-3.26544
-3.26635
-3.26665
-3.26499
-3.26377
-3.26437
-3.26528
-3.26512
-3.26542
-3.26512
-3.26558
-3.26619
-3.26604
-3.26559
-3.26589
-3.2671
-3.26619
-3.26619
-3.26558
-3.26588
-3.26678
-3.26784
-3.26845
-3.2683
-3.268
-3.26831
-3.26815
-3.2677
-3.26724
-3.26694
-3.26679
-3.26648
-3.26694
-3.26694
-3.26739
-3.2686
-3.26861
-3.2677
-3.26709
-3.26709
-3.26589
-3.26604
-3.26573
-3.26633
-3.26754
-3.268
-3.2674
-3.26694
-3.26694
-3.2674
-3.26709
-3.2683
-3.26754
-3.26694
-3.26754
-3.26784
-3.26845
-3.2683
-3.26785
-3.268
-3.26754
-3.26709
-3.26769
-3.268
-3.26921
-3.26875
-3.26875
-3.26785
-3.26936
-3.26876
-3.26845
-3.268
-3.2677
-3.2686
-3.26966
-3.26906
-3.26951
-3.26951
-3.26966
-3.27011
-3.27041
-3.27057
-3.27132
-3.27147
-3.27208
-3.27253
-3.27359
-3.27148
-3.27163
-3.27163
-3.27193
-3.27238
-3.27405
-3.2742
-3.27299
-3.27359
-3.27389
-3.27329
-3.27344
-3.27329
-3.27345
-3.2733
-3.2733
-3.2742
-3.27465
-3.2742
-3.27496
-3.27496
-3.2742
-3.27435
-3.27389
-3.27435
-3.27329
-3.27299
-3.27238
-3.27435
-3.27314
-3.27284
-3.27163
-3.27133
-3.27194
-3.27224
-3.27314
-3.27223
-3.27238
-3.27163
-3.27253
-3.27268
-3.27284
-3.27314
-3.27253
-3.27238
-3.27253
-3.27253
-3.27283
-3.27163
-3.27178
-3.27118
-3.27088
-3.27088
-3.27118
-3.27073
-3.27012
-3.26997
-3.27087
-3.27072
-3.27102
-3.27087
-3.26996
-3.27087
-3.27103
-3.27148
-3.27088
-3.27178
-3.27239
-3.27269
-3.27238
-3.27329
-3.27329
-3.27284
-3.27224
-3.27209
-3.27254
-3.27209
-3.27208
-3.27223
-3.27012
-3.26936
-3.26982
-3.26997
-3.26876
-3.26936
-3.27012
-3.27012
-3.27042
-3.26997
-3.27057
-3.27073
-3.26937
-3.26997
-3.26937
-3.27012
-3.26952
-3.27042
-3.26982
-3.26936
-3.26906
-3.26815
-3.26815
-3.2677
-3.26815
-3.26861
-3.268
-3.26649
-3.26649
-3.2668
-3.26785
-3.26695
-3.26498
-3.26544
-3.26649
-3.26619
-3.26573
-3.26483
-3.26437
-3.26528
-3.26513
-3.26483
-3.26453
-3.26438
-3.26362
-3.26377
-3.26377
-3.26543
-3.26528
-3.26558
-3.26558
-3.26619
-3.26664
-3.2671
-3.26785
-3.26861
-3.26815
-3.26906
-3.26936
-3.27102
-3.27056
-3.26966
-3.26845
-3.26966
-3.26936
-3.2689
-3.2677
-3.26785
-3.26755
-3.26785
-3.2677
-3.26845
-3.26785
-3.2686
-3.26769
-3.26724
-3.26755
-3.26785
-3.26785
-3.26876
-3.26846
-3.26891
-3.2686
-3.268
-3.268
-3.26755
-3.2674
-3.26755
-3.26679
-3.26664
-3.26694
-3.26679
-3.26588
-3.26604
-3.26543
-3.26589
-3.26558
-3.26543
-3.26437
-3.26513
-3.26467
-3.26543
-3.26513
-3.26588
-3.26498
-3.26452
-3.26498
-3.26604
-3.26603
-3.26709
-3.26679
-3.26649
-3.26483
-3.26528
-3.26482
-3.26482
-3.26543
-3.26603
-3.26633
-3.26603
-3.26573
-3.26649
-3.26618
-3.26588
-3.26633
-3.26709
-3.26754
-3.26754
-3.26755
-3.26634
-3.26574
-3.26529
-3.26559
-3.26558
-3.26543
-3.26573
-3.26724
-3.26784
-3.26542
-3.26648
-3.26618
-3.26633
-3.26619
-3.26604
-3.26574
-3.26498
-3.26543
-3.26604
-3.26664
-3.26724
-3.26724
-3.26709
-3.2677
-3.2683
-3.26709
-3.2677
-3.26724
-3.26664
-3.26648
-3.26633
-3.26603
-3.26664
-3.26649
-3.26574
-3.26604
-3.26709
-3.26679
-3.2674
-3.26755
-3.26876
-3.26952
-3.26936
-3.26861
-3.26875
-3.26845
-3.26829
-3.26965
-3.26906
-3.26996
-3.26906
-3.26967
-3.26906
-3.26906
-3.26816
-3.2671
-3.26604
-3.26634
-3.26665
-3.2671
-3.2671
-3.2674
-3.26725
-3.2677
-3.26815
-3.2686
-3.26891
-3.26861
-3.26846
-3.26876
-3.26816
-3.268
-3.26785
-3.26755
-3.268
-3.26589
-3.26619
-3.26709
-3.2674
-3.268
-3.26694
-3.26618
-3.26664
-3.26664
-3.26679
-3.2674
-3.2674
-3.2677
-3.26785
-3.26861
-3.26846
-3.26861
-3.268
-3.26785
-3.26724
-3.2674
-3.26724
-3.2677
-3.26694
-3.2683
-3.26845
-3.26921
-3.27012
-3.26982
-3.26966
-3.26906
-3.2689
-3.26875
-3.2686
-3.26936
-3.2683
-3.26755
-3.268
-3.26921
-3.26861
-3.26831
-3.2677
-3.2677
-3.268
-3.26815
-3.26906
-3.26845
-3.26875
-3.26845
-3.26755
-3.2677
-3.268
-3.26785
-3.268
-3.26815
-3.26951
-3.26921
-3.26876
-3.26891
-3.26906
-3.26921
-3.27012
-3.26997
-3.26997
-3.27042
-3.26982
-3.27072
-3.27117
-3.27102
-3.27057
-3.27027
-3.27103
-3.27088
-3.27179
-3.27148
-3.27118
-3.27193
-3.27177
-3.27147
-3.27087
-3.27087
-3.27011
-3.27117
-3.27087
-3.27147
-3.27132
-3.27193
-3.27253
-3.27148
-3.27299
-3.2736
-3.2736
-3.2742
-3.2739
-3.2733
-3.27299
-3.27254
-3.27223
-3.27313
-3.27222
-3.27268
-3.27238
-3.27269
-3.27178
-3.27178
-3.27193
-3.27208
-3.27254
-3.27193
-3.27224
-3.27254
-3.27329
-3.27269
-3.27254
-3.27027
-3.26921
-3.27027
-3.27118
-3.27057
-3.27012
-3.27103
-3.27088
-3.27073
-3.27073
-3.27179
-3.27133
-3.27133
-3.27118
-3.27102
-3.27087
-3.27011
-3.26921
-3.26921
-3.26861
-3.26876
-3.26936
-3.26861
-3.26816
-3.26756
-3.2668
-3.26665
-3.2665
-3.26816
-3.26861
-3.26967
-3.26997
-3.26966
-3.26967
-3.26967
-3.26997
-3.27073
-3.26952
-3.26831
-3.26906
-3.26876
-3.26876
-3.26936
-3.2683
-3.26755
-3.26664
-3.26679
-3.26649
-3.2668
-3.26604
-3.26619
-3.26589
-3.26605
-3.26635
-3.2659
-3.26589
-3.2668
-3.2671
-3.26619
-3.26664
-3.26725
-3.26755
-3.26755
-3.2665
-3.26619
-3.2668
-3.2662
-3.26665
-3.26604
-3.2668
-3.2668
-3.26679
-3.26649
-3.26694
-3.26649
-3.26634
-3.26604
-3.26619
-3.2665
-3.2668
-3.26635
-3.26589
-3.2677
-3.26876
-3.26951
-3.26906
-3.27072
-3.27027
-3.27012
-3.26891
-3.26891
-3.26831
-3.2671
-3.26649
-3.2671
-3.26679
-3.26725
-3.26679
-3.26589
-3.26634
-3.26695
-3.26755
-3.2674
-3.2668
-3.26725
-3.26831
-3.26861
-3.26907
-3.26861
-3.26831
-3.26921
-3.26891
-3.26846
-3.26921
-3.26816
-3.26861
-3.26831
-3.26876
-3.26997
-3.27027
-3.27012
-3.27028
-3.27013
-3.26952
-3.26922
-3.26846
-3.26846
-3.26756
-3.26755
-3.26846
-3.26801
-3.26846
-3.26922
-3.26952
-3.26922
-3.26952
-3.26847
-3.26831
-3.26846
-3.26786
-3.26786
-3.26755
-3.26861
-3.2677
-3.26801
-3.26816
-3.26726
-3.26771
-3.26756
-3.26862
-3.26802
-3.26953
-3.26952
-3.27013
-3.26997
-3.27028
-3.27088
-3.27103
-3.26968
-3.26862
-3.26741
-3.2659
-3.26635
-3.26771
-3.26831
-3.26861
-3.26861
-3.26862
-3.26968
-3.26892
-3.26862
-3.26862
-3.26877
-3.26801
-3.26846
-3.26877
-3.26922
-3.26952
-3.26847
-3.26817
-3.26816
-3.26801
-3.26846
-3.26877
-3.26847
-3.26892
-3.26907
-3.26862
-3.26877
-3.26937
-3.26937
-3.27089
-3.27149
-3.27255
-3.2721
-3.27225
-3.27134
-3.27134
-3.27043
-3.27058
-3.27059
-3.27119
-3.27104
-3.27104
-3.27134
-3.26998
-3.27028
-3.26983
-3.26922
-3.27028
-3.27058
-3.27027
-3.27027
-3.27042
-3.27088
-3.27119
-3.27029
-3.27074
-3.27074
-3.27089
-3.27044
-3.27013
-3.27013
-3.26952
-3.26983
-3.27013
-3.26953
-3.26968
-3.27089
-3.26968
-3.27013
-3.26937
-3.26998
-3.27043
-3.27178
-3.27073
-3.27148
-3.27163
-3.27133
-3.27073
-3.27073
-3.27149
-3.27073
-3.27013
-3.27119
-3.27179
-3.27149
-3.27179
-3.27224
-3.27179
-3.27103
-3.27088
-3.27118
-3.27119
-3.27073
-3.27225
-3.27209
-3.27209
-3.27103
-3.27164
-3.27013
-3.27043
-3.26967
-3.26982
-3.26998
-3.27073
-3.27073
-3.27088
-3.27209
-3.27179
-3.27119
-3.27133
-3.27149
-3.27164
-3.27179
-3.27239
-3.27104
-3.27149
-3.27149
-3.27104
-3.27073
-3.27043
-3.26998
-3.27088
-3.27043
-3.27028
-3.26967
-3.27028
-3.26982
-3.26952
-3.26892
-3.26922
-3.26982
-3.27012
-3.27058
-3.27133
-3.27088
-3.26876
-3.26891
-3.26922
-3.26831
-3.26846
-3.26695
-3.26605
-3.26665
-3.26574
-3.26559
-3.26574
-3.26529
-3.26544
-3.26544
-3.26484
-3.26469
-3.26559
-3.26544
-3.2659
-3.2665
-3.26725
-3.26771
-3.26786
-3.26786
-3.26831
-3.26755
-3.26816
-3.2674
-3.26695
-3.2671
-3.26543
-3.26483
-3.26514
-3.26529
-3.26635
-3.26635
-3.26635
-3.2662
-3.26635
-3.2665
-3.2671
-3.26664
-3.2674
-3.2674
-3.26755
-3.26725
-3.2668
-3.2668
-3.2671
-3.26695
-3.26635
-3.2665
-3.26725
