1.10931
1.11337
1.12225
1.13363
1.14551
1.15686
1.16755
1.17767
1.18661
1.19286
1.19445
1.18992
1.17909
1.16344
1.14592
1.12985
1.11754
1.10972
1.10642
1.10789
1.11468
1.12703
1.14446
1.16544
1.18741
1.20704
1.22103
1.22687
1.22346
1.21141
1.19315
1.17259
1.15406
1.14073
1.13348
1.1312
1.13197
1.13411
1.13651
1.13847
1.13959
1.13958
1.13816
1.13511
1.13057
1.12532
1.12048
1.11711
1.11577
1.11634
1.11782
1.1184
1.11582
1.10796
1.09356
1.07285
1.04797
1.02287
1.00262
0.991929
0.993623
1.00794
1.03309
1.06628
1.10432
1.14365
1.18047
1.21119
1.233
1.2444
1.24538
1.23733
1.22293
1.2059
1.19053
1.18087
1.17938
1.18573
1.19665
1.20711
1.21227
1.20909
1.19705
1.17828
1.15688
1.13771
1.12467
1.11938
1.12097
1.12705
1.13492
1.14225
1.1475
1.15012
1.15058
1.15009
1.14987
1.15054
1.15169
1.15197
1.14978
1.14415
1.13543
1.12554
1.11723
1.11268
1.11256
1.11638
1.1236
1.13442
1.14944
1.16845
1.18936
1.20835
1.22126
1.22533
1.22006
1.20711
1.18945
1.17045
1.15337
1.14107
1.13584
1.13883
1.14966
1.16637
1.18597
1.20525
1.22136
1.2322
1.23657
1.2343
1.22617
1.21355
1.19801
1.18096
1.16367
1.14755
1.13422
1.12532
1.12193
1.124
1.13038
1.13926
1.14868
1.15712
1.16388
1.1691
1.1735
1.17799
1.18339
1.19038
1.19937
1.21048
1.22359
1.2383
1.25393
1.26961
1.28421
1.29644
1.30492
1.30832
1.30562
1.29648
1.28163
1.2629
1.24301
1.22455
1.20896
1.19618
1.18522
1.17502
1.16492
1.1546
1.14395
1.13305
1.12261
1.11427
1.11016
1.1116
1.11812
1.12776
1.13804
1.14672
1.15221
1.15359
1.15056
1.14342
1.13303
1.12123
1.11085
1.10471
1.10358
1.1054
1.10686
1.10564
1.10148
1.09597
1.09153
1.09015
1.09238
1.09719
1.1027
1.10718
1.10974
1.11049
1.11023
1.11011
1.1113
1.11465
1.12051
1.12858
1.13812
1.14833
1.15855
1.16856
1.17844
1.18822
1.1974
1.20481
1.20913
1.2095
1.2058
1.19855
1.18881
1.17806
1.16767
1.15832
1.14982
1.14155
1.13321
1.1252
1.11864
1.11495
1.11513
1.11903
1.12526
1.13158
1.13578
1.13658
1.13409
1.1298
1.1259
1.12443
1.12654
1.13224
1.14072
1.15075
1.161
1.17023
1.17728
1.181
1.18039
1.17515
1.16631
1.15614
1.1473
1.14182
1.14039
1.14256
1.14722
1.15302
1.15843
1.16172
1.16122
1.15572
1.14498
1.12996
1.11283
1.0966
1.08474
1.08054
1.08615
1.1014
1.12349
1.1481
1.17109
1.18964
1.20229
1.20855
1.20858
1.20308
1.19348
1.18186
1.17043
1.16078
1.15348
1.14836
1.14508
1.14344
1.14317
1.14375
1.14456
1.14531
1.14623
1.14775
1.14994
1.15235
1.15438
1.15573
1.15665
1.15778
1.15961
1.16208
1.1645
1.16595
1.16601
1.16504
1.16417
1.16486
1.16805
1.17344
1.17928
1.18292
1.18171
1.17429
1.16123
1.14516
1.12989
1.11912
1.11551
1.12069
1.1354
1.15793
1.18296
1.20353
1.21474
1.21531
1.20712
1.19401
1.18051
1.17042
1.16541
1.16432
1.16404
1.16166
1.15679
1.15196
1.1502
1.15177
1.15398
1.15424
1.15219
1.14942
1.14828
1.15085
1.15813
1.1692
1.18098
1.18969
1.19248
1.18834
1.178
1.16368
1.14876
1.13687
1.13074
1.13114
1.13677
1.14514
1.15357
1.16024
1.16499
1.16918
1.17404
1.17879
1.18073
1.17744
1.16849
1.15544
1.1411
1.12871
1.12123
1.12036
1.12588
1.13566
1.14661
1.15593
1.16186
1.16375
1.1616
1.15559
1.14615
1.13435
1.12213
1.11172
1.1044
1.09962
1.09555
1.09067
1.08511
1.08108
1.08183
1.08977
1.10473
1.12384
1.14309
1.15906
1.16981
1.17477
1.1743
1.1693
1.16094
1.15076
1.14059
1.13243
1.12792
1.12783
1.1317
1.13812
1.14511
1.15077
1.15369
1.15328
1.15003
1.14538
1.14121
1.13907
1.13953
1.142
1.14497
1.14681
1.14651
1.14407
1.14059
1.13789
1.13804
1.14253
1.15165
1.16432
1.17833
1.19082
1.1989
1.20069
1.19609
1.18678
1.17553
1.16488
1.156
1.14861
1.1419
1.13576
1.13112
1.12932
1.13097
1.1356
1.14192
1.14856
1.1545
1.15908
1.1618
1.1621
1.15936
1.1531
1.14334
1.13112
1.11866
1.10896
1.10493
1.1084
1.11931
1.13553
1.15348
1.16907
1.17875
1.18047
1.17423
1.16216
1.14789
1.13559
1.12863
1.12854
1.13446
1.14337
1.15111
1.15364
1.14818
1.13398
1.11271
1.08828
1.06573
1.04969
1.04316
1.04698
1.06024
1.08083
1.10594
1.13242
1.1572
1.17789
1.19332
1.20388
1.21115
1.21738
1.22462
1.23395
1.2452
1.25736
1.26924
1.28002
1.28912
1.29583
1.29905
1.29768
1.2912
1.28
1.26538
1.24931
1.23407
1.22177
1.21372
1.20983
1.20857
1.20741
1.2037
1.19554
1.18252
1.16579
1.14746
1.12972
1.11421
1.10186
1.09328
1.08907
1.09005
1.09712
1.11063
1.12976
1.15219
1.17448
1.19316
1.20577
1.21154
1.21117
1.20629
1.19867
1.18994
1.18151
1.1746
1.16995
1.16773
1.16761
1.16921
1.17248
1.17787
1.18576
1.19587
1.20687
1.21649
1.22204
1.22089
1.21094
1.19104
1.16186
1.12711
1.09416
1.07209
1.0666
1.07598
1.09317
1.11108
1.12578
1.13644
1.14416
1.15069
1.15768
1.16596
1.17533
1.18478
1.19304
1.19923
1.20296
1.20401
1.20199
1.19623
1.18619
1.17193
1.15462
1.13677
1.12178
1.11266
1.11068
1.11522
1.12479
1.13811
1.15412
1.17148
1.18834
1.2027
1.2132
1.21945
1.22201
1.22201
1.2207
1.2192
1.21814
1.21751
1.21679
1.21512
1.21166
1.20583
1.19765
1.18773
1.17731
1.16798
1.16124
1.15805
1.15874
1.16333
1.17182
1.18425
1.20019
1.21826
1.23609
1.25097
1.26084
1.26498
1.26414
1.25963
1.2522
1.24158
1.22691
1.2078
1.18528
1.16202
1.14187
1.12832
1.12294
1.12462
1.13049
1.1374
1.14301
1.14602
1.14597
1.14291
1.13711
1.12906
1.11942
1.10895
1.09826
1.08769
1.07775
1.0699
1.06668
1.07058
1.08228
1.10001
1.1206
1.14089
1.1587
1.17321
1.18483
1.19477
1.20423
1.21372
1.22297
1.23107
1.23686
1.23934
1.238
1.23295
1.22489
1.21488
1.20407
1.19346
1.18397
1.17644
1.17162
1.16996
1.17144
1.17554
1.18161
1.18932
1.19879
1.20985
1.22114
1.23005
1.23386
1.23105
1.22179
1.20786
1.19219
1.17822
1.1691
1.16671
1.17119
1.18098
1.19351
1.20596
1.21603
1.22228
1.22412
1.22143
1.21412
1.20208
1.18552
1.16561
1.14494
1.12724
1.11643
1.11521
1.12406
1.14112
1.16297
1.18572
1.20609
1.22195
1.23227
1.23668
1.23505
1.22732
1.21386
1.19568
1.17452
1.15266
1.13271
1.11749
1.10935
1.10898
1.11472
1.12358
1.13305
1.14175
1.14897
1.15408
1.15645
1.15575
1.15233
1.14716
1.14154
1.13649
1.1325
1.12948
1.12723
1.12568
1.12487
1.12479
1.12525
1.12599
1.12679
1.12716
1.12599
1.12172
1.11327
1.10126
1.08834
1.07809
1.07315
1.07409
1.07984
1.08869
1.09913
1.11029
1.12206
1.13479
1.14883
1.164
1.17935
1.1933
1.20412
1.21057
1.2121
1.20869
1.20074
1.18915
1.17541
1.16162
1.15015
1.14293
1.14086
1.14341
1.14875
1.15438
1.15799
1.15833
1.15571
1.15169
1.14809
1.14588
1.14493
1.14445
1.14359
1.14172
1.13839
1.13331
1.12639
1.11791
1.10849
1.09881
1.08897
1.07844
1.06659
1.05376
1.04148
1.0318
1.02633
1.02585
1.03043
1.03954
1.05185
1.06524
1.07723
1.08564
1.08916
1.08774
1.08289
1.07748
1.07453
1.07547
1.07944
1.0843
1.08833
1.09118
1.09396
1.09853
1.10662
1.11883
1.13457
1.1527
1.17212
1.19193
1.21114
1.22834
1.2419
1.25036
1.253
1.25011
1.24291
1.23306
1.22209
1.21095
1.19991
1.18892
1.17814
1.16829
1.16062
1.15671
1.15811
1.16583
1.17989
1.19884
1.21989
1.23984
1.2557
1.2652
1.2667
1.25921
1.24234
1.21658
1.18377
1.14782
1.11477
1.09131
1.08145
1.08426
1.09481
1.10754
1.11883
1.12751
1.13412
1.14014
1.14691
1.15469
1.1625
1.16868
1.17153
1.16977
1.16295
1.15176
1.13828
1.12585
1.11837
1.11887
1.12837
1.14562
1.16771
1.19121
1.21301
1.2307
1.24275
1.2484
1.24769
1.24162
1.23207
1.22107
1.20961
1.19733
1.18347
1.16785
1.15112
1.13449
1.1196
1.10819
1.10154
1.0999
1.10254
1.10861
1.11813
1.132
1.15063
1.17254
1.1945
1.21296
1.22517
1.2293
1.22431
1.20983
1.18663
1.15759
1.12865
1.10803
1.10283
1.11492
1.13974
1.16869
1.19308
1.20696
1.20783
1.19631
1.17577
1.15174
1.13043
1.11647
1.11176
1.1158
1.12697
1.14335
1.16287
1.1831
1.20126
1.21468
1.22158
1.22148
1.21526
1.20479
1.19234
1.17996
1.16907
1.16027
1.15347
1.14813
1.1436
1.13928
1.13475
1.12963
1.12348
1.11605
1.10819
1.10278
1.1038
1.113
1.12776
1.14351
1.15725
1.16828
1.17721
1.18468
1.19071
1.19486
1.19657
1.19562
1.19245
1.18825
1.18468
1.1834
1.18561
1.1916
1.2007
1.21146
1.22209
1.23092
1.23661
1.23831
1.23584
1.22984
1.2219
1.21418
1.20859
1.2059
1.20532
1.20505
1.20341
1.19957
1.19382
1.18722
1.18111
1.17653
1.17379
1.17222
1.17042
1.16684
1.16047
1.1512
1.14006
1.12899
1.12049
1.11677
1.11894
1.12642
1.13683
1.14644
1.15113
1.14734
1.13296
1.10833
1.0771
1.04635
1.02432
1.01651
1.02337
1.04151
1.06646
1.0942
1.12149
1.14574
1.16466
1.17614
1.17831
1.17
1.15169
1.12629
1.0994
1.0778
1.06648
1.06652
1.07535
1.08873
1.10253
1.11378
1.12114
1.12488
1.12646
1.12792
1.13113
1.13712
1.14553
1.1546
1.16158
1.1636
1.15864
1.14614
1.12734
1.10501
1.08288
1.06468
1.05355
1.05175
1.06042
1.079
1.10469
1.13302
1.1593
1.17988
1.19266
1.19702
1.1933
1.18237
1.16525
1.14318
1.11767
1.09032
1.06272
1.03693
1.01597
1.00339
1.00183
1.01143
1.02968
1.05251
1.07586
1.09666
1.11302
1.1242
1.13061
1.13365
1.13523
1.13699
1.13957
1.14275
1.14605
1.14951
1.15398
1.16071
1.17061
1.18341
1.19742
1.21001
1.21879
1.22284
1.22345
1.22387
1.22749
1.23564
1.24674
1.25781
1.26641
1.27121
1.27128
1.26555
1.25292
1.23278
1.20579
1.17476
1.14514
1.12385
1.11581
1.12073
1.13353
1.14809
1.16045
1.1693
1.17495
1.1782
1.17969
1.17974
1.17851
1.17623
1.17338
1.17045
1.16765
1.16471
1.16097
1.15566
1.14822
1.13869
1.1278
1.11682
1.10713
1.09975
1.09495
1.09217
1.09028
1.08817
1.08581
1.08446
1.08608
1.09212
1.10264
1.11629
1.13103
1.14502
1.15725
1.16731
1.17494
1.17974
1.18143
1.18022
1.17701
1.17326
1.17031
1.16852
1.16685
1.16315
1.15518
1.14183
1.12386
1.10401
1.08612
1.07367
1.06851
1.07033
1.07694
1.08494
1.09071
1.09142
1.08588
1.07505
1.0616
1.04872
1.03872
1.03279
1.03127
1.03373
1.03891
1.04517
1.05123
1.0567
1.06198
1.06777
1.07471
1.08337
1.09424
1.10757
1.12295
1.13911
1.15402
1.16538
1.17123
1.17043
1.16286
1.14934
1.13177
1.1131
1.09713
1.08756
1.08672
1.09464
1.10911
1.12688
1.14507
1.16205
1.17732
1.19078
1.20205
1.21036
1.21489
1.21524
1.21182
1.20551
1.1973
1.18786
1.17759
1.16693
1.15655
1.14749
1.14091
1.13781
1.13869
1.14332
1.15049
1.15815
1.16392
1.16575
1.16242
1.15381
1.14099
1.12611
1.11212
1.10201
1.09791
1.10063
1.10979
1.12402
1.14125
1.1589
1.17418
1.1846
1.18846
1.18523
1.17576
1.16212
1.14707
1.13339
1.12334
1.11858
1.12043
1.1296
1.14513
1.16401
1.18235
1.19717
1.20725
1.21275
1.21461
1.21399
1.21201
1.20974
1.20805
1.20756
1.20841
1.21035
1.21287
1.21542
1.21765
1.21947
1.22108
1.22273
1.22443
1.22581
1.22612
1.22434
1.21945
1.21071
1.19786
1.18115
1.16137
1.13959
1.11693
1.0944
1.07264
1.05205
1.03316
1.01692
1.00447
0.996437
0.992611
0.992311
0.995212
1.0016
1.01185
1.02587
1.04292
1.06184
1.08156
1.10146
1.12144
1.14169
1.16231
1.18281
1.20204
1.21833
1.22981
1.23481
1.23224
1.22207
1.20551
1.18486
1.16281
1.14194
1.12478
1.11346
1.10874
1.10967
1.11446
1.12141
1.12899
1.13555
1.13937
1.13923
1.13501
1.12803
1.12052
1.11437
1.10984
1.1056
1.09995
1.09218
1.08319
1.07522
1.07103
1.07273
1.08097
1.0948
1.11225
1.13115
1.14958
1.1658
1.17819
1.18555
1.18772
1.1857
1.18113
1.17546
1.16937
1.1628
1.15551
1.14766
1.14004
1.13399
1.13058
1.12972
1.13003
1.12979
1.12789
1.12442
1.1205
1.11776
1.11759
1.12039
1.12542
1.13119
1.13605
1.13883
1.13953
1.13942
1.13966
1.14004
1.13956
1.13812
1.13681
1.13664
1.13771
1.13914
1.13968
1.1382
1.13412
1.1278
1.12063
1.11443
1.11046
1.10886
1.10896
1.11011
1.11207
1.1149
1.11884
1.12407
1.13073
1.13878
1.14787
1.15714
1.16542
1.17178
1.17568
1.17665
1.17383
1.16601
1.1527
1.13491
1.11533
1.09761
1.08507
1.07975
1.08202
1.09057
1.10281
1.11552
1.12601
1.13282
1.13586
1.13614
1.13533
1.13541
1.13834
1.14563
1.15758
1.1728
1.18852
1.2016
1.20965
1.21164
1.20796
1.20012
1.19016
1.17982
1.16989
1.16015
1.1497
1.13771
1.12392
1.10899
1.09445
1.08242
1.07503
1.07373
1.07882
1.08948
1.10412
1.1209
1.1381
1.15435
1.16866
1.18041
1.18932
1.19566
1.20028
1.20421
1.20786
1.21035
1.21009
1.20582
1.1973
1.18526
1.1709
1.15555
1.1404
1.12674
1.11608
1.10991
1.10949
1.11567
1.12874
1.14812
1.17192
1.19714
1.2204
1.23858
1.24926
1.25082
1.24271
1.22563
1.20176
1.17458
1.14809
1.12556
1.10845
1.09603
1.08602
1.07579
1.06377
1.05044
1.03865
1.03283
1.03702
1.05277
1.07824
1.10927
1.14126
1.17057
1.19499
1.21342
1.22561
1.2319
1.23318
1.2308
1.22648
1.22186
1.21797
1.2147
1.2109
1.20493
1.1957
1.18311
1.16806
1.15215
1.13728
1.12536
1.11809
1.11653
1.12064
1.12912
1.13968
1.14976
1.15731
1.1612
1.16131
1.15844
1.15419
1.15078
1.15074
1.15636
1.16885
1.18786
1.21141
1.23658
1.26031
1.28011
1.29433
1.3022
1.30368
1.29925
1.28979
1.27661
1.26125
1.24504
1.22871
1.21239
1.19617
1.1806
1.16678
1.15593
1.1484
1.14307
1.13761
1.1295
1.1171
1.1001
1.07956
1.05765
1.03751
1.02377
1.02271
1.03964
1.074
1.11766
1.15947
1.191
1.20841
1.21141
1.2019
1.18347
1.16109
1.14017
1.12476
1.11585
1.11149
1.10823
1.1029
1.09392
1.08167
1.06823
1.05642
1.04873
1.04647
1.04951
1.05674
1.0668
1.07895
1.09348
1.11154
1.13418
1.1612
1.19069
1.21963
1.24513
1.26536
1.27967
1.28816
1.29126
1.28949
1.28343
1.27373
1.26113
1.24635
1.23008
1.21312
1.19655
1.18156
1.16919
1.16018
1.15508
1.15426
1.15748
1.16359
1.17082
1.17756
1.18299
1.18717
1.19071
1.19435
1.19861
1.20361
1.20897
1.21376
1.21672
1.21659
1.21256
1.20461
1.19369
1.18162
1.17056
1.16221
1.15688
1.15323
1.14894
1.14205
1.1318
1.11874
1.10458
1.09204
1.08443
1.0844
1.09275
1.10791
1.12688
1.14648
1.16418
1.17833
1.18802
1.193
1.19361
1.19079
1.18603
1.18107
1.17755
1.1767
1.179
1.18403
1.19043
1.19606
1.19861
1.19634
1.18867
1.17626
1.16081
1.14448
1.12943
1.1175
1.10989
1.10703
1.10867
1.11394
1.12157
1.12983
1.13687
1.14123
1.14251
1.14175
1.14098
1.14205
1.14531
1.14954
1.15312
1.15544
1.15725
1.15991
1.16422
1.16959
1.17425
1.17621
1.17418
1.1679
1.15782
1.14484
1.13028
1.11598
1.10383
1.09522
1.09115
1.09241
1.0992
1.11012
1.12231
1.13287
1.1403
1.14485
1.14777
1.15021
1.15259
1.15479
1.15657
1.1579
1.15889
1.15935
1.15873
1.1564
1.15221
1.14679
1.14133
1.13688
1.13376
1.13138
1.12853
1.12385
1.11652
1.10664
1.09507
1.0831
1.07205
1.06329
1.05815
1.05771
1.06256
1.07272
1.08767
1.10646
1.12791
1.15075
1.17366
1.19528
1.21417
1.22883
1.23792
1.24042
1.23576
1.22406
1.20633
1.18457
1.16169
1.14071
1.12374
1.11134
1.10275
1.09677
1.09266
1.09042
1.09075
1.09438
1.10156
1.11181
1.12394
1.13649
1.14803
1.15743
1.16384
1.16652
1.16475
1.15799
1.14639
1.13123
1.11489
1.10025
1.08948
1.08307
1.07972
1.07739
1.07495
1.07354
1.07637
1.08625
1.10279
1.12259
1.14168
1.15726
1.1678
1.1727
1.17213
1.16695
1.15836
1.14749
1.13512
1.12187
1.10861
1.09646
1.08644
1.07897
1.07401
1.07136
1.071
1.07299
1.07727
1.08383
1.09315
1.10595
1.12196
1.13885
1.15294
1.16134
1.16309
1.15911
1.1517
1.14383
1.13774
1.1339
1.13144
1.12951
1.12817
1.12801
1.12951
1.13252
1.13632
1.14011
1.14332
1.14569
1.1472
1.14799
1.14843
1.14906
1.15024
1.15196
1.15366
1.15469
1.15449
1.15269
1.14909
1.14366
1.13666
1.12882
1.12129
1.11509
1.11054
1.10689
1.10263
1.09633
1.0878
1.07883
1.07268
1.07219
1.0779
1.08803
1.10004
1.11175
1.1216
1.1285
1.13201
1.13249
1.13104
1.12897
1.12704
1.12515
1.12241
1.11789
1.11143
1.10425
1.09859
1.09618
1.0969
1.09904
1.10078
1.10122
1.10053
1.09948
1.09845
1.09677
1.09316
1.08697
1.07873
1.06983
1.06167
1.05525
1.05109
1.04943
1.05044
1.05423
1.06083
1.0701
1.08167
1.0948
1.10843
1.12141
1.13282
1.14198
1.14829
1.15123
1.15079
1.14823
1.14626
1.14772
1.15335
1.16122
1.16877
1.17493
1.18022
1.18533
1.19
1.19315
1.19413
1.19317
1.19126
1.18922
1.18683
1.18281
1.1756
1.16425
1.14875
1.12963
1.1075
1.08267
1.05543
1.02651
0.997706
0.972426
0.95567
0.95233
0.964036
0.987592
1.01695
1.04675
1.0742
1.09873
1.12068
1.14012
1.15631
1.16786
1.17335
1.17177
1.16305
1.1483
1.12986
1.1111
1.09567
1.08642
1.08434
1.08828
1.09562
1.10333
1.109
1.11125
1.10986
1.10563
1.09989
1.09405
1.08914
1.08565
1.08398
1.08486
1.08917
1.09736
1.10881
1.12197
1.13486
1.14572
1.15338
1.15755
1.1586
1.15701
1.15309
1.14704
1.13929
1.1306
1.12203
1.11464
1.10912
1.10557
1.10363
1.10287
1.10309
1.1041
1.10542
1.10625
1.10594
1.10452
1.10301
1.10316
1.10671
1.11458
1.12666
1.14201
1.15936
1.17746
1.19528
1.21216
1.22758
1.24106
1.25201
1.25964
1.26297
1.26077
1.25176
1.23507
1.21105
1.18189
1.15167
1.12543
1.10719
1.09827
1.09693
1.0996
1.10227
1.10166
1.0961
1.08643
1.07633
1.0708
1.07309
1.0823
1.0944
1.10551
1.11417
1.12149
1.12965
1.14005
1.15258
1.16624
1.18027
1.19433
1.20794
1.21994
1.22897
1.23425
1.23579
1.234
1.22917
1.22123
1.21007
1.196
1.18003
1.16355
1.14781
1.13363
1.12151
1.11184
1.10493
1.10086
1.09924
1.09922
1.09977
1.10025
1.10085
1.10264
1.10711
1.11523
1.12684
1.14073
1.15523
1.16874
1.17999
1.18816
1.19284
1.19427
1.19357
1.19287
1.19463
1.20041
1.20964
1.21975
1.22735
1.22984
1.22624
1.21736
1.20521
1.19202
1.17933
1.16761
1.15681
1.14731
1.14041
1.13777
1.14019
1.14671
1.15471
1.16081
1.16212
1.1572
1.1464
1.13171
1.11609
1.10256
1.0934
1.08974
1.09163
1.09823
1.10814
1.11988
1.13227
1.1447
1.1569
1.16869
1.17959
1.18862
1.19439
1.19547
1.19095
1.18092
1.16654
1.14985
1.13357
1.1212
1.11649
1.12181
1.13618
1.15535
1.17416
1.1887
1.1971
1.19912
1.1954
1.18706
1.17566
1.16337
1.15292
1.14669
1.14547
1.14757
1.14929
1.14662
1.13726
1.12209
1.10496
1.09105
1.08435
1.08592
1.09399
1.10533
1.11671
1.12584
1.13167
1.1342
1.13398
1.13192
1.12907
1.12654
1.12532
1.12592
1.12833
1.13222
1.13739
1.14378
1.15081
1.15693
1.1601
1.15879
1.15289
1.14386
1.13426
1.12697
1.12428
1.12736
1.13605
1.14893
1.16381
1.17845
1.19157
1.20328
1.21475
1.22689
1.2391
1.2491
1.2542
1.25297
1.24608
1.23613
1.2261
1.21772
1.21097
1.20477
1.19717
1.18559
1.1681
1.14506
1.11945
1.0962
1.0806
1.07626
1.08338
1.09871
1.11727
1.1344
1.14686
1.15276
1.1514
1.14345
1.13099
1.11712
1.10495
1.09649
1.09197
1.09012
1.08925
1.08837
1.08776
1.08888
1.09356
1.10297
1.11653
1.13174
1.14521
1.15402
1.15673
1.15346
1.14558
1.13515
1.12445
1.11526
1.1082
1.10231
1.09513
1.08391
1.06743
1.0472
1.02695
1.0105
1.00016
0.996893
1.00094
1.01182
1.02801
1.04719
1.06708
1.08619
1.10419
1.12133
1.13741
1.15108
1.16021
1.16293
1.15846
1.14738
1.13151
1.11352
1.09646
1.08319
1.07588
1.07543
1.08116
1.09113
1.10284
1.11427
1.12457
1.13441
1.14509
1.15673
1.16753
1.17501
1.17766
1.17526
1.16842
1.15796
1.14479
1.13016
1.116
1.10509
1.10033
1.10362
1.11492
1.13216
1.15193
1.17046
1.1847
1.19323
1.1966
1.19692
1.19671
1.19772
1.20014
1.20236
1.20183
1.19649
1.18617
1.17329
1.16247
1.15889
1.1657
1.1823
1.20465
1.2272
1.24503
1.25495
1.25569
1.24748
1.23182
1.21123
1.18889
1.16801
1.15104
1.13916
1.13225
1.12939
1.12954
1.13201
1.13666
1.14365
1.15317
1.16501
1.1784
1.19208
1.20446
1.21384
1.2185
1.21695
1.20831
1.19298
1.17324
1.15312
1.13745
1.13012
1.13247
1.14276
1.15715
1.17134
1.18193
1.18711
1.18654
1.18095
1.17173
1.16065
1.14974
1.14094
1.13551
1.13349
1.13366
1.13424
1.13392
1.13254
1.13088
1.13001
1.13049
1.13208
1.13405
1.13565
1.13661
1.13732
1.13876
1.14205
1.14776
1.15572
1.16502
1.17424
1.18176
1.18596
1.18557
1.18014
1.17009
1.15655
1.14089
1.12446
1.10834
1.09322
1.07944
1.06709
1.05623
1.04713
1.04027
1.0363
1.036
1.04019
1.04948
1.0638
1.08211
1.10248
1.12235
1.13903
1.15007
1.1539
1.15035
1.14088
1.12858
1.11739
1.11074
1.10993
1.11368
1.11932
1.12429
1.12716
1.12776
1.12696
1.12616
1.12663
1.12885
1.13228
1.13586
1.13872
1.14074
1.14264
1.14547
1.15007
1.15636
1.16306
1.16791
1.16868
1.16555
1.16357
1.17018
1.18683
1.20572
1.21712
1.21629
1.20373
1.1832
1.15993
1.13881
1.1226
1.11162
1.10486
1.10126
1.10013
1.10109
1.10405
1.10926
1.11702
1.12734
1.13956
1.15237
1.16409
1.17308
1.17793
1.17781
1.17278
1.16384
1.15279
1.14179
1.13283
1.12735
1.12588
1.12813
1.13313
1.13936
1.14489
1.14754
1.14541
1.13743
1.12393
1.10696
1.08987
1.07624
1.06852
1.0673
1.07181
1.08068
1.09244
1.10551
1.11835
1.1297
1.13865
1.14453
1.14692
1.14563
1.14084
1.1332
1.12371
1.11357
1.10376
1.09484
1.08676
1.07905
1.07116
1.06272
1.05394
1.04585
1.04048
1.04038
1.04735
1.06103
1.07884
1.09753
1.11441
1.12767
1.13614
1.13925
1.13717
1.13109
1.12319
1.11628
1.11288
1.11429
1.11998
1.1279
1.13535
1.14003
1.14056
1.13659
1.12887
1.11917
1.1096
1.10188
1.09692
1.09501
1.09612
1.09989
1.10569
1.11272
1.12026
1.12788
1.1353
1.14227
1.14848
1.15357
1.1572
1.15895
1.15816
1.15412
1.14652
1.13601
1.12436
1.11401
1.10743
1.10634
1.1112
1.1212
1.13453
1.1491
1.16282
1.17369
1.17983
1.17984
1.17357
1.1627
1.15074
1.14194
1.13959
1.14454
1.1552
1.16877
1.18263
1.19509
1.20523
1.21222
1.21472
1.21089
1.19911
1.17902
1.152
1.12103
1.08987
1.06211
1.04029
1.02551
1.01742
1.01458
1.01499
1.01669
1.01834
1.01946
1.02049
1.02246
1.02661
1.03409
1.04563
1.06142
1.08094
1.10309
1.12654
1.15013
1.17292
1.1939
1.2117
1.22491
1.23258
1.23473
1.23238
1.22695
1.21968
1.21119
1.2016
1.19089
1.17923
1.1672
1.15563
1.14532
1.13655
1.12903
1.12218
1.1157
1.1097
1.10434
1.09962
1.096
1.09482
1.09735
1.103
1.10954
1.11514
1.11991
1.12547
1.13345
1.14416
1.15627
1.1674
1.17511
1.17768
1.17467
1.16733
1.15861
1.15227
1.15089
1.1542
1.15956
1.164
1.16572
1.16424
1.15964
1.15206
1.14141
1.12771
1.11141
1.09361
1.0761
1.06097
1.05005
1.04415
1.04288
1.04498
1.04919
1.05472
1.06131
1.06876
1.07649
1.08363
1.08918
1.09241
1.09314
1.09194
1.09003
1.08891
1.08999
1.09433
1.10231
1.1133
1.1257
1.13767
1.14816
1.15731
1.16605
1.17515
1.18464
1.19384
1.20186
1.20805
1.21212
1.21408
1.21408
1.21226
1.20859
1.20274
1.19403
1.18178
1.16627
1.14975
1.13664
1.13186
1.13781
1.15282
1.17233
1.19147
1.20686
1.2172
1.22298
1.22576
1.22706
1.22722
1.22496
1.21799
1.20459
1.18503
1.16162
1.13755
1.11596
1.10003
1.09275
1.09541
1.10664
1.12369
1.14425
1.16698
1.19079
1.21408
1.23444
1.24915
1.256
1.25417
1.24468
1.23031
1.21456
1.19995
1.1868
1.17397
1.16058
1.1473
1.13613
1.129
1.12667
1.12829
1.13172
1.13413
1.13262
1.12482
1.10999
1.09005
1.07012
1.0572
1.05656
1.06872
1.08983
1.11474
1.13921
1.16058
1.17747
1.18947
1.19679
1.19992
1.19939
1.1958
1.18994
1.18301
1.17651
1.17211
1.17115
1.17426
1.1809
1.18942
1.19775
1.20419
1.20822
1.21072
1.21336
1.21737
1.22255
1.22736
1.23009
1.22985
1.22687
1.22217
1.21696
1.21218
1.20816
1.20463
1.20092
1.19629
1.19015
1.18227
1.17268
1.16165
1.14953
1.13655
1.1227
1.10775
1.09146
1.07395
1.05577
1.03798
1.02189
1.00908
1.0014
1.00071
1.00828
1.02416
1.0472
1.07537
1.10644
1.13826
1.16891
1.19652
1.21914
1.23469
1.2414
1.23841
1.22633
1.20769
1.18666
1.16795
1.15507
1.14923
1.14939
1.15338
1.15903
1.16488
1.17055
1.17665
1.1844
1.19486
1.20821
1.22333
1.23812
1.25015
1.25732
1.25835
1.25296
1.24183
1.22626
1.20788
1.1882
1.16854
1.15014
1.13422
1.12188
1.11413
1.11218
1.11697
1.12769
1.14156
1.15586
1.16973
1.18376
1.19828
1.2122
1.2232
1.22868
1.22646
1.21514
1.19446
1.16583
1.13275
1.10043
1.07429
1.05801
1.05234
1.05536
1.06366
1.07367
1.08263
1.08899
1.09231
1.09305
1.09219
1.09094
1.09054
1.09211
1.09648
1.10409
1.11491
1.12831
1.14324
1.15848
1.17294
1.18581
1.19639
1.20401
1.20826
1.20935
1.2082
1.20612
1.20396
1.20112
1.1955
1.18487
1.16874
1.14911
1.12962
1.11387
1.10399
1.10026
1.10156
1.10611
1.11214
1.11826
1.12378
1.12881
1.13398
1.14017
1.14825
1.15897
1.17245
1.18774
1.20254
1.21393
1.21953
1.21856
1.21205
1.20216
1.19085
1.17893
1.16617
1.15224
1.13758
1.1234
1.11099
1.10132
1.09526
1.09416
1.09958
1.11199
1.12975
1.14972
1.16884
1.18493
1.19656
1.20293
1.20397
1.20055
1.19443
1.18787
1.18302
1.18126
1.18296
1.18751
1.19366
1.19972
1.20395
1.20469
1.20052
1.19074
1.17556
1.15628
1.1348
1.11286
1.09174
1.07265
1.05724
1.04769
1.04604
1.05346
1.06961
1.09254
1.1191
1.14576
1.16945
1.18807
1.2008
1.20793
1.21041
1.20928
1.20525
1.19849
1.18873
1.17556
1.15879
1.13888
1.11714
1.09569
1.07721
1.06441
1.05924
1.06214
1.0717
1.08521
1.09982
1.11343
1.12477
1.13309
1.13779
1.13838
1.1346
1.12645
1.11425
1.09858
1.08037
1.06095
1.04205
1.02552
1.01309
1.00613
1.00577
1.01303
1.02849
1.05159
1.08006
1.11045
1.1391
1.1629
1.17956
1.18768
1.18668
1.17694
1.16014
1.13923
1.11787
1.09937
1.08572
1.07711
1.07244
1.07036
1.07003
1.07105
1.07299
1.07546
1.07834
1.08197
1.0869
1.09354
1.10182
1.11093
1.119
1.12348
1.12264
1.11722
1.11083
1.10812
1.11184
1.12109
1.13249
1.1429
1.151
1.1569
1.16134
1.16495
1.16777
1.16923
1.16843
1.16479
1.15848
1.15041
1.14197
1.13456
1.12913
1.126
1.12483
1.12491
1.12535
1.12545
1.12504
1.12483
1.12635
1.13143
1.1412
1.15559
1.17346
1.19304
1.21237
1.22934
1.242
1.24894
1.24968
1.24475
1.23539
1.22295
1.20848
1.19259
1.1755
1.15754
1.13943
1.12239
1.10812
1.09873
1.09657
1.10361
1.11979
1.14215
1.16579
1.18608
1.20031
1.20809
1.21075
1.21014
1.20735
1.20248
1.19534
1.1864
1.17709
1.16941
1.16502
1.1643
1.16622
1.16918
1.17211
1.17532
1.18014
1.18784
1.19834
1.21009
1.22098
1.22942
1.23477
1.23709
1.2368
1.23416
1.22917
1.22161
1.21118
1.1976
1.18074
1.16088
1.13887
1.11631
1.09538
1.07832
1.06686
1.06178
1.06271
1.06821
1.07599
1.08363
1.08959
1.09381
1.09774
1.10354
1.11298
1.12666
1.1439
1.1631
1.18227
1.19959
1.2139
1.22506
1.23369
1.24018
1.24383
1.24275
1.23511
1.22074
1.20178
1.1821
1.1658
1.15548
1.15136
1.15181
1.15464
1.1581
1.16107
1.16287
1.16301
1.16111
1.15711
1.15131
1.14433
1.13691
1.12956
1.12244
1.11543
1.10854
1.10238
1.09826
1.09774
1.10182
1.11021
1.12153
1.13421
1.14733
1.16047
1.17262
1.18164
1.18501
1.18121
1.1707
1.15589
1.14058
1.12885
1.12377
1.1265
1.13617
1.15051
1.16677
1.1826
1.19632
1.20677
1.2129
1.21365
1.20825
1.19671
1.18043
1.16227
1.1459
1.13436
1.12893
1.12924
1.13435
1.14337
1.15562
1.17061
1.18784
1.20622
1.22349
1.23637
1.24167
1.23765
1.22473
1.20571
1.18512
1.16769
1.1563
1.15132
1.15133
1.1544
1.15873
1.16275
1.16531
1.16594
1.16482
1.16269
1.16053
1.15918
1.15905
1.15997
1.16127
1.1619
1.16071
1.15666
1.14917
1.13861
1.12676
1.11661
1.11117
1.11175
1.11747
1.12637
1.13664
1.14707
1.15699
1.16624
1.17489
1.1831
1.19098
1.19843
1.2049
1.20953
1.21189
1.21274
1.2137
1.21567
1.21763
1.21745
1.21372
1.20663
1.1977
1.18847
1.17969
1.17139
1.16348
1.15622
1.15046
1.14724
1.14723
1.15007
1.15393
1.156
1.15364
1.14596
1.13472
1.12413
1.11901
1.1217
1.13052
1.14128
1.1503
1.15616
1.15932
1.16073
1.16094
1.15972
1.15645
1.15046
1.14147
1.12973
1.11639
1.10385
1.09577
1.09539
1.10309
1.1158
1.12926
1.14067
1.14935
1.15581
1.16063
1.16399
1.16568
1.16525
1.16228
1.15657
1.14821
1.1377
1.12593
1.11408
1.10337
1.09464
1.08826
1.08416
1.08224
1.08261
1.08564
1.09178
1.10124
1.11369
1.12811
1.14296
1.15649
1.16718
1.17403
1.17691
1.17649
1.17404
1.17097
1.16832
1.16641
1.16446
1.16093
1.1546
1.14591
1.13726
1.13176
1.13116
1.13462
1.13931
1.14205
1.14089
1.13567
1.12781
1.11973
1.11423
1.11388
1.12057
1.13499
1.15637
1.18244
1.21004
1.23582
1.25707
1.272
1.27977
1.28018
1.27349
1.2603
1.2417
1.21979
1.198
1.18084
1.17219
1.17312
1.18086
1.19054
1.19789
1.20086
1.19964
1.19597
1.19231
1.19115
1.19426
1.20189
1.21246
1.22312
1.23092
1.23397
1.23193
1.22578
1.21743
1.20906
1.20254
1.19885
1.19768
1.19753
1.19619
1.19146
1.1818
1.16662
1.14643
1.12269
1.09778
1.07466
1.05629
1.04502
1.04205
1.04735
1.05982
1.07783
1.09949
1.12285
1.14589
1.16685
1.18466
1.19913
1.21073
1.22006
1.22737
1.2324
1.23453
1.23321
1.22823
1.21998
1.20926
1.19708
1.18433
1.1716
1.1592
1.14726
1.13584
1.12503
1.11501
1.10605
1.09836
1.09184
1.08593
1.07956
1.07147
1.06064
1.04698
1.03177
1.01748
1.00686
1.00186
1.00321
1.01084
1.02431
1.04253
1.06357
1.08502
1.10476
1.12163
1.1357
1.14795
1.15953
1.17106
1.18231
1.19231
1.19975
1.2035
1.20284
1.19776
1.18878
1.17679
1.16272
1.14741
1.13167
1.11625
1.10178
1.08852
1.07641
1.06548
1.0562
1.04959
1.04682
1.04885
1.0562
1.06869
1.08525
1.10384
1.12194
1.13732
1.14859
1.15523
1.15718
1.15474
1.14885
1.14158
1.13577
1.13387
1.13667
1.14323
1.1517
1.16035
1.16803
1.17409
1.17805
1.17948
1.17791
1.17293
1.16443
1.15269
1.1384
1.1227
1.1075
1.09551
1.08978
1.09243
1.10341
1.12017
1.13854
1.15422
1.16413
1.16703
1.16346
1.15514
1.14409
1.13175
1.11855
1.104
1.08696
1.06581
1.03915
1.00722
0.974093
0.948078
0.93781
0.945902
0.967138
0.993112
1.0172
1.03601
1.04859
1.05559
1.05867
1.06003
1.06187
1.06601
1.0737
1.08568
1.10201
1.122
1.14417
1.16653
1.18711
1.20418
1.21643
1.22295
1.22318
1.21683
1.20406
1.18569
1.16332
1.13904
1.11506
1.0933
1.07517
1.06167
1.05327
1.04974
1.05026
1.05383
1.05983
1.0681
1.07878
1.09194
1.10722
1.12376
1.14025
1.15523
1.16764
1.17708
1.18367
1.18778
1.18984
1.19022
1.18898
1.18581
1.1801
1.17118
1.15867
1.14283
1.12474
1.10609
1.08907
1.0764
1.07081
1.0739
1.08503
1.10162
1.12041
1.13872
1.15513
1.16952
1.18273
1.19582
1.20896
1.22122
1.2312
1.23768
1.23972
1.23661
1.2283
1.2157
1.20062
1.18504
1.17042
1.1575
1.14638
1.13683
1.12859
1.12162
1.11603
1.11177
1.10844
1.10518
1.10081
1.09417
1.0846
1.07244
1.05937
1.04798
1.04054
1.03781
1.03893
1.04265
1.04829
1.05589
1.06599
1.07958
1.0974
1.11853
1.13982
1.15743
1.16891
1.17373
1.1725
1.16569
1.1532
1.13503
1.11227
1.08754
1.06484
1.04868
1.04283
1.04879
1.06518
1.08837
1.11412
1.13891
1.16057
1.17802
1.19075
1.19844
1.20076
1.19745
1.18838
1.17362
1.15366
1.13014
1.10709
1.0902
1.08298
1.08389
1.08893
1.09542
1.10267
1.11066
1.11924
1.12787
1.13594
1.14288
1.14859
1.15366
1.15943
1.16722
1.17732
1.18834
1.19749
1.20182
1.19938
1.18991
1.17476
1.15633
1.13744
1.12049
1.10686
1.09667
1.08901
1.08272
1.07703
1.07172
1.06702
1.06331
1.06128
1.06214
1.06748
1.07868
1.09616
1.11903
1.1454
1.17264
1.19768
1.21715
1.22786
1.22776
1.21696
1.19825
1.17637
1.15613
1.14097
1.13274
1.13208
1.13864
1.15099
1.1667
1.18287
1.19673
1.20638
1.2113
1.21239
1.21148
1.21062
1.21144
1.21506
1.22199
1.23192
1.24375
1.25591
1.26675
1.27481
1.27869
1.27703
1.26874
1.25344
1.23193
1.20638
1.17976
1.15497
1.1338
1.11669
1.10324
1.09291
1.08583
1.08295
1.08557
1.09433
1.10867
1.12682
1.1462
1.16364
1.17594
1.18094
1.17849
1.17081
1.16157
1.15398
1.14928
1.14659
1.14428
1.14153
1.13916
1.13947
1.14498
1.15678
1.17371
1.19314
1.21251
1.23031
1.24591
1.25888
1.26853
1.27396
1.27445
1.26983
1.26074
1.24873
1.23613
1.22575
1.22007
1.22015
1.22476
1.23102
1.23591
1.23745
1.23498
1.22887
1.21995
1.20906
1.19675
1.1831
1.16793
1.15116
1.13329
1.11567
1.10038
1.08963
1.08501
1.08664
1.093
1.1014
1.1093
1.11556
1.12074
1.12614
1.13256
1.13981
1.14719
1.15396
1.15957
1.16376
1.16671
1.16892
1.17089
1.17277
1.17419
1.17438
1.17239
1.16758
1.16
1.15052
1.14078
1.1328
1.12855
1.12953
1.13635
1.14857
1.1647
1.1825
1.19943
1.21312
1.22177
1.22433
1.22063
1.21128
1.19747
1.18083
1.16326
1.147
1.13452
1.12819
1.12957
1.1387
1.15384
1.17188
1.18913
1.20239
1.20979
1.21115
1.20772
1.20169
1.19558
1.19153
1.19083
1.19351
1.19848
1.20405
1.20859
1.21105
1.21102
1.20885
1.20552
1.20223
1.1995
1.19645
1.19161
1.18475
1.17762
1.17284
1.17219
1.17593
1.18333
1.19351
1.20565
1.21876
1.2315
1.24248
1.25078
1.25622
1.25922
1.26026
1.25956
1.25708
1.25251
1.24552
1.23598
1.2241
1.21041
1.19547
1.17978
1.16362
1.14724
1.13115
1.11649
1.10543
1.1007
1.10412
1.11502
1.13007
1.14488
1.15585
1.16116
1.16073
1.15584
1.14871
1.14207
1.1385
1.13968
1.14582
1.15563
1.16685
1.1771
1.18463
1.18861
1.18922
1.18747
1.18513
1.18482
1.18973
1.20222
1.22171
1.2442
1.26432
1.27803
1.28336
1.28022
1.26968
1.25386
1.23546
1.21697
1.19976
1.18397
1.16951
1.15762
1.15124
1.15329
1.16361
1.17801
1.19063
1.1969
1.19467
1.18366
1.16485
1.14048
1.11448
1.09238
1.07948
1.07775
1.08468
1.09518
1.10445
1.1097
1.11048
1.1082
1.10531
1.10426
1.10664
1.11264
1.12122
1.13059
1.13874
1.14376
1.14421
1.13955
1.13046
1.11879
1.10698
1.09741
1.09193
1.09164
1.09666
1.10617
1.11876
1.13307
1.14796
1.1624
1.17535
1.18573
1.19257
1.19535
1.19425
1.19
1.18346
1.17513
1.1651
1.15339
1.14048
1.1274
1.11557
1.10656
1.10201
1.10326
1.1108
1.12361
1.13919
1.15425
1.16585
1.17239
1.17361
1.17031
1.16361
1.1545
1.14375
1.13194
1.11978
1.10826
1.09867
1.09239
1.09061
1.09444
1.10493
1.12235
1.14492
1.16881
1.1897
1.20477
1.2133
1.21625
1.2156
1.21344
1.21145
1.2104
1.21009
1.20957
1.20763
1.20324
1.19586
1.18529
1.17169
1.15556
1.13802
1.12092
1.10638
1.09611
1.09066
1.08935
1.0908
1.09359
1.09667
1.09954
1.10239
1.10605
1.11166
1.11999
1.13083
1.14318
1.15613
1.16962
1.18415
1.19983
1.21581
1.23042
1.24192
1.249
1.25101
1.24787
1.24007
1.22854
1.2146
1.20001
1.18684
1.17692
1.17097
1.1681
1.16637
1.16387
1.15935
1.15218
1.14218
1.12938
1.11403
1.09676
1.07871
1.06162
1.04744
1.03776
1.0336
1.03534
1.04244
1.05338
1.06602
1.07835
1.08904
1.09741
1.10323
1.10644
1.10711
1.10547
1.10203
1.09758
1.09308
1.08947
1.08739
1.08701
1.08796
1.08936
1.09014
1.08945
1.08703
1.08368
1.08152
1.08343
1.09138
1.10474
1.12071
1.13641
1.15011
1.16103
1.16853
1.17167
1.16935
1.16059
1.14516
1.12408
1.09983
1.07595
1.05618
1.04364
1.04022
1.04601
1.0592
1.07671
1.09521
1.11183
1.12454
1.13205
1.13375
1.12965
1.12053
1.10796
1.09448
1.08329
1.07737
1.07831
1.08565
1.09744
1.11126
1.12508
1.13755
1.14783
1.15526
1.1592
1.15914
1.15525
1.14885
1.14239
1.13824
1.13725
1.1381
1.13838
1.13637
1.1321
1.12731
1.1246
1.12619
1.13297
1.14422
1.15804
1.17229
1.18542
1.19675
1.20614
1.21344
1.21818
1.21957
1.21701
1.21066
1.2015
1.19099
1.18036
1.17
1.15932
1.14721
1.13294
1.11679
1.1002
1.0854
1.0746
1.06917
1.06934
1.07447
1.08394
1.09755
1.11527
1.13666
1.16043
1.18458
1.20683
1.22504
1.23765
1.24394
1.24399
1.23869
1.22952
1.21827
1.20656
1.19524
1.18428
1.17325
1.16212
1.15171
1.14337
1.13822
1.13655
1.13792
1.14151
1.14665
1.15284
1.15927
1.16454
1.16672
1.16383
1.15473
1.14019
1.12344
1.10935
1.10197
1.1027
1.1106
1.12371
1.13971
1.15621
1.17125
1.18374
1.19342
1.20055
1.20536
1.20756
1.20656
1.202
1.19425
1.18423
1.17324
1.16317
1.15625
1.15416
1.1571
1.16413
1.17425
1.1869
1.20147
1.21659
1.22999
1.23923
1.24261
1.23973
1.23158
1.22028
1.20845
1.19841
1.19138
1.18717
1.1845
1.18161
1.17682
1.16873
1.15638
1.13928
1.11769
1.09318
1.06935
1.05177
1.04621
1.05561
1.07838
1.10957
1.1431
1.17348
1.19669
1.21075
1.21572
1.21333
1.20611
1.19636
1.18556
1.17449
1.16403
1.15574
1.15166
1.15328
1.16023
1.16993
1.17845
1.18244
1.18074
1.17478
1.1674
1.16098
1.15632
1.15294
1.14988
1.14624
1.14151
1.13615
1.13194
1.13093
1.13413
1.14097
1.1501
1.16025
1.17069
1.18097
1.19045
1.19795
1.20218
1.20249
1.19916
1.19307
1.18505
1.17537
1.16374
1.14971
1.13287
1.11295
1.09015
1.06535
1.04058
1.01902
1.00449
1.0001
1.00679
1.02297
1.04523
1.06958
1.09235
1.11068
1.12281
1.12812
1.12727
1.1221
1.11522
1.10947
1.10716
1.10959
1.11702
1.12883
1.14372
1.15976
1.17464
1.18607
1.19228
1.19245
1.18687
1.17704
1.16543
1.15492
1.14785
1.14526
1.14712
1.15317
1.16342
1.17789
1.196
1.21624
1.2364
1.25417
1.26783
1.27653
1.28023
1.27942
1.27459
1.26606
1.25403
1.23899
1.22224
1.20617
1.194
1.18864
1.19129
1.20057
1.21316
1.22544
1.23475
1.23974
1.23987
1.23511
1.22597
1.21359
1.19987
1.18717
1.17752
1.17159
1.16819
1.16521
1.16112
1.15582
1.15051
1.14677
1.14572
1.14732
1.15053
1.15385
1.15593
1.15598
1.15389
1.15015
1.14577
1.1421
1.14058
1.14233
1.14773
1.15632
1.16698
1.17826
1.18865
1.19651
1.20022
1.19841
1.19047
1.17704
1.1602
1.1431
1.12907
1.12055
1.11838
1.12193
1.12957
1.13915
1.14874
1.15701
1.1633
1.16746
1.16968
1.17028
1.16969
1.16834
1.16663
1.16479
1.16279
1.16026
1.15657
1.15093
1.14269
1.1316
1.11807
1.10332
1.08924
1.07781
1.07041
1.0673
1.06759
1.06994
1.07307
1.07621
1.07896
1.08129
1.08351
1.08624
1.09021
1.09599
1.10367
1.11302
1.12362
1.13495
1.14625
1.15649
1.16461
1.16978
1.1718
1.17139
1.17029
1.17056
1.17353
1.17898
1.18568
1.19264
1.19966
1.20693
1.21424
1.22061
1.22457
1.22466
1.21997
1.21042
1.19696
1.18148
1.1664
1.15413
1.1464
1.14375
1.14525
1.14865
1.15096
1.14946
1.14253
1.13039
1.11537
1.10137
1.0921
1.08892
1.09003
1.09217
1.09311
1.09281
1.09248
1.09287
1.09352
1.09333
1.09139
1.08746
1.08193
1.07574
1.07007
1.0659
1.06354
1.06276
1.06356
1.06653
1.07227
1.0805
1.08963
1.0974
1.10206
1.10311
1.10152
1.09939
1.09907
1.10217
1.10892
1.11823
1.12832
1.13725
1.14329
1.14531
1.14313
1.1375
1.12972
1.12095
1.11197
1.10333
1.09551
1.08902
1.08447
1.08257
1.08384
1.0882
1.09457
1.10118
1.10641
1.10966
1.11193
1.11558
1.1229
1.13449
1.14877
1.16284
1.17375
1.17941
1.17898
1.17298
1.16282
1.1499
1.13487
1.11714
1.0954
1.06855
1.03689
1.00292
0.97114
0.946421
0.93196
0.928257
0.933592
0.945083
0.959628
0.97469
0.988985
1.00285
1.01776
1.03499
1.05446
1.07465
1.09345
1.10868
1.11833
1.12058
1.11423
1.09964
1.07982
1.06134
1.05288
1.06052
1.08333
1.11452
1.14651
1.17418
1.19504
1.20849
1.21533
1.21757
1.21801
1.21935
1.22317
1.22931
1.23624
1.24194
1.2446
1.24283
1.23596
1.2242
1.20898
1.19279
1.17849
1.16796
1.1613
1.157
1.15308
1.14818
1.1421
1.13558
1.12981
1.12586
1.12431
1.12532
1.12869
1.13406
1.14098
1.14873
1.15633
1.16281
1.16752
1.1703
1.17144
1.17154
1.17131
1.17137
1.17212
1.17362
1.17548
1.17696
1.17719
1.17557
1.17204
1.16727
1.16249
1.15906
1.15811
1.16005
1.16438
1.16975
1.17446
1.17706
1.17665
1.17287
1.16575
1.15573
1.14369
1.13092
1.11889
1.10911
1.10272
1.1001
1.10074
1.10331
1.10572
1.10557
1.10084
1.09085
1.07726
1.06404
1.05576
1.0551
1.06164
1.07324
1.08802
1.10504
1.12361
1.14261
1.16046
1.17555
1.1868
1.19377
1.19641
1.19469
1.18838
1.1771
1.16051
1.13865
1.11241
1.08417
1.05822
1.03977
1.03225
1.03505
1.04446
1.05651
1.06881
1.08046
1.0913
1.10096
1.10847
1.11239
1.11156
1.10568
1.0955
1.08252
1.06843
1.0549
1.04368
1.03665
1.03555
1.04152
1.05459
1.07385
1.09781
1.12467
1.15206
1.17693
1.19615
1.20744
1.21005
1.20491
1.19438
1.18177
1.17058
1.16365
1.16241
1.16663
1.17467
1.18422
1.19303
1.19929
1.20184
1.20031
1.19515
1.1875
1.17889
1.17087
1.16461
1.16075
1.15949
1.16083
1.16474
1.1711
1.17949
1.18892
1.19786
1.20457
1.20772
1.2072
1.20437
1.20145
1.19981
1.19842
1.19437
1.18503
1.17
1.15168
1.13439
1.12251
1.11871
1.12275
1.13197
1.1428
1.15227
1.15878
1.16221
1.16336
1.16327
1.16242
1.1605
1.15657
1.14962
1.13891
1.12426
1.10608
1.08538
1.06368
1.04304
1.02594
1.01498
1.01189
1.01679
1.02806
1.04304
1.05883
1.07311
1.08455
1.09295
1.09917
1.1049
1.1121
1.1224
1.13655
1.15435
1.17486
1.19669
1.21833
1.23837
1.25567
1.26937
1.27902
1.28446
1.28561
1.28226
1.27405
1.26071
1.24263
1.22147
1.2003
1.18271
1.17118
1.16585
1.16467
1.16481
1.16425
1.16252
1.16039
1.15906
1.15931
1.16098
1.16311
1.1642
1.16269
1.15734
1.14749
1.1335
1.11715
1.10164
1.09071
1.087
1.0908
1.10024
1.11276
1.12656
1.14113
1.15661
1.17291
1.1894
1.20506
1.21879
1.22966
1.23687
1.23976
1.23788
1.23101
1.21934
1.20366
1.18545
1.16673
1.14952
1.13526
1.12453
1.11723
1.11293
1.11078
1.10952
1.10739
1.10248
1.09317
1.07885
1.0608
1.04265
1.02964
1.02632
1.03359
1.04784
1.06377
1.078
1.08997
1.10016
1.10833
1.11343
1.11457
1.11168
1.10555
1.09752
1.08904
1.08145
1.07564
1.07208
1.07091
1.07247
1.07755
1.08719
1.1019
1.12071
1.14128
1.16083
1.17727
1.18971
1.19819
1.20329
1.20591
1.20732
1.20884
1.21151
1.21569
1.22093
1.22616
1.22978
1.23005
1.22565
1.21593
1.20117
1.18232
1.16086
1.13871
1.11805
1.10099
1.08904
1.08267
1.08128
1.08354
1.08779
1.09227
1.09532
1.09577
1.09351
1.08986
1.08741
1.08886
1.09553
1.10634
1.11828
1.12803
1.1336
1.13522
1.13482
1.13436
1.13447
1.13429
1.1323
1.12716
1.11822
1.10573
1.09108
1.07686
1.06625
1.06185
1.06452
1.07298
1.08456
1.09638
1.10638
1.11379
1.11902
1.12311
1.12695
1.13063
1.13331
1.13392
1.13176
1.12705
1.12063
1.11327
1.10497
1.09481
1.08149
1.06437
1.04438
1.02414
1.00727
0.997247
0.996431
1.00541
1.02282
1.04554
1.06963
1.09136
1.10801
1.11819
1.12181
1.11991
1.11439
1.10754
1.10124
1.09623
1.09216
1.0885
1.08514
1.0824
1.0805
1.07899
1.07701
1.07403
1.07061
1.06852
1.07007
1.07678
1.08836
1.1028
1.11735
1.12975
1.13909
1.1459
1.15159
1.15756
1.16448
1.17207
1.17932
1.18503
1.18825
1.18851
1.18584
1.1806
1.17323
1.16419
1.15379
1.14223
1.12955
1.11571
1.10096
1.08617
1.07304
1.06399
1.06148
1.06672
1.0788
1.09508
1.11246
1.12841
1.1414
1.15097
1.15751
1.16198
1.1654
1.16837
1.17084
1.17231
1.17214
1.17002
1.1661
1.16092
1.15512
1.1495
1.14495
1.14259
1.14331
1.14729
1.15364
1.16055
1.16601
1.16833
1.16665
1.161
1.15218
1.14139
1.12978
1.11796
1.10584
1.09309
1.07995
1.06774
1.05867
1.05504
1.05829
1.06852
1.08429
1.10293
1.12131
1.13673
1.14767
1.15396
1.15639
1.15612
1.15431
1.15222
1.15137
1.15361
1.16045
1.1718
1.18557
1.19851
1.208
1.21305
1.21421
1.2126
1.20906
1.20379
1.19658
1.18761
1.17799
1.16979
1.16508
1.16459
1.16708
1.17015
1.17186
1.1718
1.17087
1.17024
1.17047
1.17172
1.17406
1.17736
1.18067
1.1822
1.18022
1.17387
1.16334
1.14948
1.13295
1.11358
1.09056
1.06342
1.03315
1.00286
0.977403
0.961837
0.958929
0.967701
0.984564
1.00579
1.02898
1.05291
1.07698
1.10086
1.12431
1.14698
1.16821
1.18703
1.20239
1.21352
1.22013
1.22241
1.2209
1.21659
1.21118
1.20724
1.20747
1.21313
1.22293
1.23356
1.24112
1.24238
1.23549
1.22053
1.19972
1.17714
1.15735
1.14364
1.13712
1.1371
1.14203
1.14985
1.15839
1.16566
1.17027
1.17176
1.17059
1.16787
1.16481
1.16223
1.16028
1.15862
1.15684
1.15496
1.15361
1.15383
1.15661
1.16233
1.17041
1.17939
1.18729
1.19229
1.19313
1.18945
1.18186
1.17199
1.16207
1.15409
1.14859
1.1442
1.13876
1.13087
1.1207
1.10964
1.09948
1.09175
1.0875
1.08733
1.09126
1.09857
1.10787
1.11758
1.12659
1.13454
1.14147
1.14719
1.15081
1.15102
1.14684
1.13845
1.1276
1.11726
1.11055
1.1094
1.11357
1.12065
1.12702
1.12928
1.12539
1.11517
1.10018
1.08292
1.06576
1.04994
1.03545
1.02195
1.00982
1.00073
0.99725
1.00142
1.01336
1.03078
1.04974
1.06631
1.078
1.08466
1.08807
1.09093
1.09543
1.10246
1.11157
1.12145
1.13065
1.13791
1.14212
1.14228
1.13785
1.12937
1.11889
1.1096
1.10462
1.10543
1.11115
1.11902
1.12568
1.12852
1.12661
1.12119
1.11555
1.114
1.1193
1.13062
1.14419
1.15599
1.16387
1.1681
1.1709
1.17534
1.18368
1.19602
1.21011
1.22255
1.23043
1.23233
1.22834
1.2197
1.20818
1.19558
1.18331
1.17216
1.16227
1.15352
1.14597
1.14023
1.13743
1.1388
1.14508
1.15593
1.16992
1.18506
1.19935
1.21119
1.21934
1.22286
1.22094
1.2129
1.19838
1.17761
1.15168
1.1227
1.09364
1.06795
1.04883
1.03867
1.03847
1.0476
1.06406
1.08518
1.10847
1.13191
1.15391
1.1731
1.18851
1.19986
1.20759
1.21242
1.21466
1.21385
1.20896
1.19896
1.18338
1.16264
1.13835
1.1135
1.09244
1.08016
1.08043
1.09379
1.11732
1.14624
1.1759
1.20254
1.22328
1.23589
1.23894
1.23208
1.21633
1.19413
1.16895
1.14439
1.12321
1.10676
1.09525
1.08819
1.08493
1.08467
1.08642
1.08921
1.09237
1.09551
1.09843
1.10101
1.10324
1.10548
1.1085
1.11328
1.1206
1.13063
1.14265
1.15524
1.16669
1.17545
1.18052
1.18155
1.17871
1.17253
1.16366
1.15278
1.14082
1.12922
1.11975
1.11365
1.11058
1.10873
1.10622
1.10213
1.09651
1.0897
1.08203
1.07368
1.06486
1.0559
1.04747
1.04079
1.03762
1.03909
1.0447
1.05244
1.05995
1.06539
1.06752
1.0657
1.06011
1.05197
1.04319
1.03564
1.03124
1.03275
1.04353
1.06457
1.09206
1.11943
1.14119
1.15477
1.1599
1.15762
1.14942
1.13692
1.12177
1.10586
1.09142
1.08082
1.07607
1.07825
1.08709
1.10095
1.11724
1.13318
1.14645
1.15556
1.15961
1.15786
1.14953
1.13453
1.11481
1.0948
1.07932
1.07055
1.06758
1.06862
1.07303
1.0813
1.0938
1.10954
1.12585
1.13954
1.1483
1.1515
1.14995
1.14512
1.13826
1.12952
1.11798
1.10237
1.08225
1.05899
1.03611
1.01834
1.00979
1.01213
1.02408
1.04255
1.06425
1.08683
1.10913
1.13067
1.15092
1.169
1.18381
1.19432
1.19986
1.20006
1.1947
1.18353
1.16635
1.14341
1.11596
1.08658
1.05877
1.03583
1.01961
1.01016
1.00648
1.00754
1.01268
1.02118
1.03191
1.04333
1.05404
1.06339
1.07147
1.07851
1.0842
1.08752
1.08744
1.08397
1.07833
1.07264
1.06988
1.0741
1.08867
1.11236
1.13905
1.16261
1.18024
1.1917
1.19745
1.19783
1.19344
1.18601
1.17858
1.17438
1.17488
1.17892
1.1835
1.18555
1.18323
1.1761
1.16457
1.14915
1.13034
1.10907
1.08719
1.06742
1.05274
1.04532
1.04573
1.05281
1.06465
1.07986
1.09813
1.11953
1.14277
1.1647
1.18154
1.1906
1.19124
1.18474
1.17371
1.16137
1.15094
1.14489
1.1444
1.14901
1.15699
1.16605
1.17413
1.17977
1.18227
1.18166
1.17875
1.17468
1.17037
1.166
1.16103
1.15484
1.14774
1.14149
1.13887
1.14226
1.15197
1.16591
1.18071
1.19322
1.20145
1.20476
1.20344
1.19821
1.18973
1.17848
1.16507
1.15053
1.13602
1.12232
1.10943
1.09721
1.08605
1.07679
1.0702
1.06636
1.06478
1.06485
1.06621
1.06869
1.07175
1.07438
1.07594
1.07752
1.08211
1.09257
1.10881
1.12751
1.14465
1.15777
1.16626
1.17045
1.1707
1.16741
1.16121
1.15318
1.14472
1.13722
1.1318
1.12917
1.12936
1.13164
1.13455
1.1365
1.13635
1.13382
1.12959
1.12502
1.12143
1.1193
1.11777
1.11502
1.10941
1.10031
1.08849
1.07552
1.06311
1.05268
1.04528
1.04185
1.04341
1.05103
1.06529
1.08561
1.11013
1.13621
1.16108
1.18238
1.19831
1.20773
1.21025
1.20631
1.19718
1.18477
1.17138
1.15921
1.15
1.14473
1.14341
1.1451
1.14793
1.14973
1.14922
1.147
1.14538
1.14684
1.15206
1.15949
1.16659
1.17137
1.17298
1.17168
1.16849
1.1647
1.16146
1.15935
1.15822
1.15758
1.15704
1.15649
1.15566
1.15378
1.14977
1.14284
1.13291
1.1204
1.10581
1.08961
1.0725
1.05582
1.04174
1.03302
1.03224
1.04069
1.05745
1.07939
1.10204
1.12089
1.13249
1.13497
1.12822
1.11373
1.09428
1.0734
1.05455
1.0407
1.03398
1.03554
1.04521
1.06153
1.08209
1.10413
1.12511
1.14304
1.15641
1.16427
1.16637
1.1632
1.156
1.14655
1.13655
1.12719
1.11904
1.11235
1.10776
1.10708
1.11316
1.12823
1.15176
1.18033
1.20942
1.23503
1.25432
1.26577
1.26902
1.26467
1.254
1.23878
1.22097
1.20255
1.18533
1.17104
1.16114
1.15673
1.15827
1.16537
1.1766
1.18955
1.2014
1.20986
1.21401
1.21445
1.21265
1.20998
1.20699
1.20339
1.19839
1.19144
1.18311
1.1752
1.16997
1.16865
1.17062
1.1742
1.17785
1.18077
1.18293
1.18457
1.18592
1.18672
1.18607
1.18269
1.17539
1.16366
1.14808
1.13052
1.1138
1.10068
1.09246
1.08835
1.08598
1.08284
1.07738
1.06957
1.06074
1.05307
1.04889
1.04974
1.05551
1.06476
1.0758
1.08747
1.09906
1.11007
1.12005
1.1286
1.13538
1.14007
1.14271
1.14384
1.14445
1.14533
1.14678
1.14893
1.15217
1.15693
1.16321
1.17014
1.17605
1.17895
1.17716
1.16972
1.15662
1.13885
1.11829
1.09753
1.07931
1.06569
1.05748
1.05431
1.05524
1.05927
1.06534
1.07225
1.07867
1.08355
1.08648
1.08769
1.08759
1.08661
1.08525
1.08436
1.08503
1.0883
1.09459
1.10307
1.11155
1.11749
1.11917
1.11633
1.10965
1.10026
1.08967
1.07969
1.07204
1.06789
1.06767
1.07145
1.07931
1.09112
1.10609
1.12254
1.13828
1.15131
1.16023
1.16414
1.1623
1.15433
1.14094
1.12454
1.10906
1.09839
1.09472
1.09802
1.10654
1.11777
1.12942
1.14022
1.14989
1.15854
1.16586
1.1708
1.17171
1.16675
1.15456
1.13499
1.10986
1.08317
1.06049
1.04786
1.04997
1.06752
1.09587
1.12789
1.15766
1.18176
1.19873
1.20832
1.21113
1.20832
1.20132
1.19167
1.1809
1.1707
1.16277
1.15853
1.15864
1.16261
1.16867
1.17435
1.17721
1.1756
1.16904
1.15828
1.14515
1.13221
1.12199
1.11619
1.11525
1.11863
1.12516
1.13341
1.14195
1.14995
1.15734
1.16437
1.17088
1.17602
1.17895
1.17962
1.17882
1.17782
1.17796
1.18021
1.18488
1.19133
1.19815
1.20347
1.20571
1.20416
1.19924
1.19219
1.18457
1.17758
1.17188
1.16757
1.16431
1.16138
1.15779
1.15281
1.14652
1.13988
1.13397
1.12906
1.1243
1.11851
1.11144
1.10435
1.09957
1.09926
1.10433
1.11409
1.12648
1.13885
1.14885
1.15512
1.15737
1.1561
1.15238
1.14792
1.14487
1.14498
1.14876
1.15512
1.16192
1.16674
1.16776
1.16412
1.15596
1.14421
1.13041
1.11652
1.10479
1.09725
1.09513
1.0983
1.10561
1.11543
1.12634
1.13733
1.14786
1.15772
1.16696
1.17558
1.18308
1.18818
1.18924
1.18503
1.17529
1.16104
1.14449
1.12874
1.11697
1.1114
1.11258
1.11942
1.12987
1.1417
1.15302
1.16252
1.16944
1.17336
1.17387
1.17037
1.16255
1.15121
1.13892
1.12915
1.12374
1.12159
1.12012
1.11743
1.11305
1.10759
1.10206
1.09754
1.09509
1.09562
1.09954
1.1065
1.11554
1.12557
1.13562
1.1448
1.15204
1.15617
1.15619
1.15163
1.14263
1.12983
1.11432
1.09785
1.08281
1.0715
1.06498
1.06222
1.06066
1.05798
1.05391
1.05045
1.05038
1.05535
1.06526
1.07893
1.09474
1.11098
1.12604
1.13889
1.14921
1.15721
1.16304
1.1665
1.16724
1.16516
1.16069
1.15449
1.14684
1.13786
1.1283
1.12018
1.11597
1.11708
1.12268
1.13021
1.13695
1.14143
1.14382
1.1453
1.14703
1.14968
1.15324
1.15699
1.15965
1.15976
1.15638
1.14936
1.13933
1.12748
1.11536
1.10466
1.09672
1.09209
1.09021
1.08965
1.08879
1.08668
1.08333
1.0797
1.07726
1.07742
1.08086
1.0871
1.09475
1.10232
1.10906
1.11511
1.12112
1.12749
1.13394
1.13948
1.14305
1.14418
1.14313
1.14008
1.13448
1.12562
1.11402
1.10194
1.09279
1.08979
1.09448
1.10603
1.12168
1.13783
1.15142
1.1607
1.16548
1.16687
1.16679
1.16702
1.16847
1.17092
1.17374
1.17661
1.17975
1.18358
1.18818
1.19313
1.19755
1.20033
1.20044
1.19712
1.19008
1.17956
1.1662
1.15106
1.1354
1.12072
1.10871
1.10102
1.09876
1.10222
1.11075
1.12309
1.13778
1.15349
1.16921
1.18438
1.19887
1.21271
1.22579
1.23759
1.24713
1.25319
1.25469
1.25118
1.24301
1.2312
1.21715
1.20232
1.18833
1.17691
1.16928
1.16547
1.16451
1.16528
1.16709
1.16946
1.17181
1.17362
1.17493
1.17621
1.17787
1.17963
1.18051
1.17959
1.17694
1.17381
1.17188
1.17214
1.17468
1.17916
1.18527
1.19272
1.20107
1.20955
1.21698
1.22193
1.22305
1.21942
1.21082
1.19791
1.18226
1.16613
1.152
1.14186
1.13644
1.13484
1.13504
1.13497
1.13373
1.13216
1.13207
1.13451
1.13885
1.14366
1.14832
1.15348
1.16032
1.16961
1.18111
1.19364
1.20555
1.21517
1.22111
1.22247
1.21898
1.21108
1.20011
1.18847
1.1793
1.1753
1.1772
1.18322
1.18983
1.19316
1.19033
1.18042
1.16487
1.14721
1.13168
1.12121
1.11594
1.11358
1.11112
1.10625
1.09756
1.08428
1.06639
1.04488
1.02193
1.00092
0.985976
0.981049
0.988694
1.00892
1.0389
1.07387
1.10858
1.13871
1.16161
1.17631
1.18309
1.18282
1.17641
1.16455
1.14782
1.1273
1.10519
1.08482
1.06977
1.06277
1.06537
1.07801
1.09978
1.12789
1.15773
1.18404
1.20245
1.21075
1.20913
1.19969
1.18515
1.16738
1.14672
1.12252
1.09439
1.06398
1.03619
1.01775
1.01173
1.0141
1.01858
1.0225
1.02706
1.03473
1.04701
1.06376
1.08334
1.10332
1.12115
1.13465
1.14232
1.1434
1.13804
1.12741
1.11371
1.09995
1.0891
1.08297
1.08148
1.08312
1.08614
1.08956
1.09334
1.09781
1.10292
1.10799
1.11212
1.1149
1.11669
1.11846
1.12118
1.1255
1.1316
1.13941
1.14873
1.15915
1.1697
1.1789
1.18516
1.18736
1.18516
1.1789
1.16944
1.15801
1.14606
1.13507
1.12634
1.1207
1.11832
1.11835
1.11926
1.11941
1.11776
1.11423
1.10977
1.10625
1.10599
1.11051
1.11939
1.13026
1.14022
1.14736
1.15132
1.15296
1.15358
1.1542
1.15549
1.15809
1.1628
1.17028
1.18009
1.19052
1.19928
1.20442
1.20476
1.19981
1.18957
1.17454
1.15575
1.13493
1.11413
1.09494
1.07806
1.0634
1.05089
1.04081
1.03354
1.02948
1.02924
1.03369
1.04337
1.05772
1.07483
1.09182
1.10569
1.1142
1.11643
1.11298
1.10591
1.09831
1.09372
1.09496
1.10286
1.11566
1.12982
1.14161
1.14856
1.15011
1.14744
1.14298
1.13939
1.13859
1.14119
1.14658
1.15327
1.15959
1.16417
1.16633
1.16606
1.16389
1.16085
1.1583
1.15767
1.15998
1.16552
1.1737
1.18327
1.19265
1.20022
1.20452
1.20445
1.19948
1.18976
1.17613
1.15988
1.14242
1.12495
1.10843
1.09349
1.08041
1.06938
1.06076
1.0553
1.05402
1.05752
1.06541
1.07601
1.08682
1.0954
1.10012
1.10075
1.09872
1.0968
1.0979
1.10362
1.11324
1.1244
1.13453
1.14199
1.14633
1.14798
1.14761
1.14559
1.14193
1.13679
1.13092
1.12527
1.12017
1.11519
1.11004
1.10577
1.10425
1.10622
1.11027
1.11405
1.11598
1.11571
1.11375
1.111
1.10834
1.10628
1.1047
1.10293
1.10009
1.09561
1.08971
1.08354
1.07896
1.07794
1.08159
1.08958
1.10016
1.11098
1.12012
1.12669
1.13085
1.13341
1.13538
1.13759
1.14046
1.14416
1.14869
1.15413
1.16055
1.16806
1.1768
1.1867
1.19728
1.2073
1.21512
1.21921
1.21884
1.21422
1.20602
1.19491
1.18143
1.16667
1.15282
1.14284
1.13886
1.14072
1.14617
1.15242
1.15741
1.15986
1.15907
1.15469
1.14688
1.13636
1.12443
1.11267
1.10238
1.09395
1.08685
1.08008
1.073
1.06576
1.05923
1.05451
1.05266
1.05435
1.05979
1.06866
1.08006
1.0926
1.10448
1.11378
1.11883
1.1187
1.11371
1.10563
1.09731
1.09168
1.09081
1.09533
1.10465
1.11766
1.13338
1.15124
1.17069
1.19067
1.20956
1.22565
1.23768
1.24521
1.24858
1.24874
1.24674
1.24326
1.23833
1.2316
1.22287
1.21263
1.20223
1.19362
1.18886
1.18951
1.196
1.20732
1.22136
1.23556
1.2477
1.25633
1.26077
1.26088
1.25664
1.24788
1.23429
1.21555
1.19178
1.16403
1.13459
1.10683
1.08443
1.07028
1.06575
1.07058
1.08328
1.10167
1.12318
1.14532
1.16585
1.18292
1.19515
1.20178
1.20285
1.19925
1.19259
1.18457
1.17658
1.16939
1.16316
1.15764
1.1524
1.14722
1.14221
1.138
1.13578
1.13669
1.14091
1.14708
1.15295
1.1565
1.1565
1.15263
1.14542
1.13626
1.12723
1.12073
1.11859
1.12124
1.12748
1.13511
1.14218
1.14775
1.15204
1.15594
1.16019
1.16482
1.16891
1.17081
1.1684
1.15952
1.14263
1.11764
1.08708
1.0562
1.03141
1.01722
1.01445
1.02135
1.03571
1.05568
1.07948
1.10527
1.13131
1.15612
1.17843
1.19699
1.21053
1.21789
1.21829
1.21166
1.19904
1.18307
1.16801
1.15859
1.15793
1.16592
1.1794
1.19385
1.20521
1.21106
1.2109
1.20562
1.19697
1.18723
1.17916
1.17572
1.17924
1.1901
1.20626
1.22413
1.24019
1.25217
1.25915
1.26125
1.25925
1.25438
1.24818
1.24245
1.23897
1.23915
1.2435
1.25122
1.26042
1.26873
1.27421
1.27581
1.2736
1.26859
1.2625
1.25725
1.25435
1.25436
1.25656
1.25911
1.25966
1.25608
1.24705
1.23236
1.21307
1.19148
1.17091
1.15485
1.14563
1.14355
1.14702
1.15359
1.16093
1.16733
1.17165
1.17313
1.17129
1.16606
1.15786
1.14773
1.13724
1.1283
1.12278
1.12196
1.12607
1.13393
1.14307
1.15049
1.15385
1.15243
1.14691
1.13816
1.12664
1.11261
1.0966
1.07946
1.06222
1.04592
1.03164
1.02035
1.01281
1.00942
1.00985
1.01289
1.01695
1.02088
1.02433
1.02749
1.03041
1.03268
1.03359
1.03262
1.03009
1.02791
1.02937
1.03734
1.05192
1.07019
1.08846
1.1042
1.11599
1.12298
1.12479
1.12161
1.11426
1.10379
1.09097
1.07609
1.05913
1.0402
1.02013
1.0005
0.983332
0.970441
0.963179
0.962395
0.968511
0.98139
1.00009
1.02288
1.04764
1.07241
1.09571
1.11624
1.13224
1.14134
1.14186
1.13453
1.12297
1.1114
1.10137
1.09181
1.08155
1.07112
1.0625
1.05811
1.0594
1.06576
1.07491
1.08459
1.09405
1.10391
1.11511
1.12784
1.14123
1.15384
1.16446
1.17251
1.17806
1.1816
1.1839
1.18581
1.18807
1.19113
1.19502
1.19934
1.20351
1.20711
1.21011
1.21276
1.21534
1.21776
1.21958
1.22015
1.21893
1.21578
1.21102
1.20553
1.20048
1.19689
1.19534
1.19585
1.19798
1.20069
1.20223
1.20051
1.1941
1.18313
1.16941
1.15579
1.14482
1.13778
1.13448
1.13392
1.13489
1.13613
1.13631
1.13395
1.1278
1.11729
1.10299
1.0867
1.07091
1.05779
1.04862
1.04409
1.04503
1.05229
1.0658
1.08354
1.10175
1.11637
1.12459
1.12556
1.12028
1.11127
1.10195
1.09555
1.09386
1.09702
1.10422
1.11433
1.12621
1.13876
1.15074
1.1607
1.16722
1.16931
1.16668
1.15969
1.14911
1.13584
1.12062
1.10408
1.08678
1.06955
1.05371
1.04099
1.03301
1.03056
1.03313
1.039
1.04601
1.05241
1.05751
1.06203
1.06771
1.07646
1.08918
1.10514
1.12219
1.13765
1.14933
1.15613
1.15838
1.15762
1.15579
1.15444
1.15433
1.15542
1.15694
1.15759
1.1559
1.15092
1.14274
1.13243
1.12155
1.11176
1.10474
1.10215
1.10524
1.11427
1.12823
1.14508
1.16233
1.17769
1.18945
1.19657
1.19836
1.19445
1.18504
1.17111
1.15426
1.13607
1.11757
1.09918
1.08112
1.06398
1.04907
1.03805
1.03197
1.03039
1.03148
1.03339
1.03529
1.03748
1.04124
1.04823
1.0595
1.07425
1.08962
1.10212
1.10948
1.11157
1.10989
1.10643
1.10255
1.09871
1.09467
1.09029
1.08612
1.08363
1.0849
1.09179
1.10483
1.12253
1.14216
1.16132
1.17905
1.1955
1.21115
1.22595
1.23926
1.24988
1.25622
1.25685
1.25133
1.24054
1.22627
1.21041
1.19443
1.17928
1.16531
1.15249
1.14062
1.12986
1.12107
1.11574
1.11479
1.11753
1.12167
1.12459
1.12457
1.12103
1.11443
1.10588
1.09692
1.08891
1.08259
1.07776
1.07363
1.06957
1.06602
1.06446
1.06689
1.07481
1.08845
1.10654
1.12685
1.14689
1.16455
1.17858
1.18891
1.19641
1.20234
1.20777
1.21326
1.21886
1.22432
1.22917
1.23289
1.23499
1.23502
1.23256
1.2272
1.21873
1.20734
1.19374
1.17924
1.16607
1.15686
1.153
1.1532
1.1542
1.15319
1.14959
1.14512
1.14252
1.1439
1.15001
1.16046
1.17439
1.19081
1.20859
1.22647
1.24292
1.25614
1.26429
1.26578
1.25946
1.24484
1.22258
1.19526
1.16766
1.1455
1.13268
1.12958
1.13389
1.14297
1.15525
1.16976
1.18495
1.19823
1.20655
1.20728
1.19879
1.18075
1.15418
1.12148
1.08621
1.05261
1.02509
1.00765
1.00309
1.01221
1.03309
1.06157
1.0927
1.12247
1.14864
1.17048
1.18787
1.20069
1.20879
1.2121
1.21083
1.20553
1.19697
1.18603
1.17362
1.16059
1.14783
1.13635
1.12734
1.12212
1.12183
1.12704
1.13762
1.15252
1.16986
1.18704
1.20129
1.21006
1.21155
1.20515
1.19179
1.17395
1.15512
1.13879
1.12732
1.12132
1.11979
1.12077
1.1222
1.12261
1.12143
1.11901
1.11629
1.1143
1.11354
1.11395
1.11524
1.11742
1.12099
1.12663
1.13465
1.14481
1.1562
1.16726
1.17591
1.18009
1.1786
1.17182
1.16153
1.15008
1.13961
1.13192
1.12839
1.12933
1.13361
1.13903
1.14339
1.14523
1.14401
1.14014
1.1348
1.12972
1.12673
1.12737
1.13219
1.1403
1.14941
1.1564
1.15823
1.15275
1.1392
1.1182
1.09168
1.06277
1.03557
1.01461
1.00377
1.00518
1.01872
1.0424
1.07331
1.10848
1.1453
1.1817
1.21599
1.24667
1.27237
1.29187
1.30413
1.30839
1.30447
1.29295
1.2754
1.2541
1.23161
1.21015
1.19094
1.17382
1.15763
1.14134
1.12533
1.11164
1.10287
1.10069
1.10499
1.11424
1.12614
1.13814
1.14788
1.15387
1.15587
1.15482
1.15236
1.15013
1.14918
1.14969
1.15098
1.15178
1.1507
1.14672
1.13957
1.1298
1.11862
1.10739
1.09745
1.08993
1.08582
1.08607
1.09144
1.10176
1.11503
1.12764
1.13594
1.13797
1.13411
1.12645
1.11776
1.11057
1.10669
1.10712
1.11193
1.12035
1.13084
1.14124
1.14917
1.15268
1.15098
1.14497
1.13721
1.13056
1.12663
1.12517
1.12523
1.1267
1.13022
1.13615
1.144
1.153
1.16269
1.17258
1.1815
1.18743
1.18831
1.183
1.17172
1.15584
1.1374
1.11862
1.10144
1.08737
1.07725
1.07125
1.06899
1.06994
1.07362
1.07985
1.08859
1.09978
1.11306
1.12773
1.14276
1.157
1.16939
1.17905
1.18533
1.18797
1.18708
1.18299
1.17612
1.16677
1.15505
1.14103
1.12505
1.10803
1.09161
1.07789
1.06859
1.06447
1.06505
1.06933
1.07663
1.08655
1.0981
1.10929
1.11797
1.12269
1.12276
1.11797
1.10874
1.09646
1.08352
1.07278
1.06632
1.06441
1.06551
1.06744
1.06892
1.07002
1.07148
1.07378
1.07669
1.07981
1.08315
1.08738
1.09355
1.10269
1.11515
1.13018
1.14577
1.15909
1.16738
1.16907
1.1645
1.15603
1.14728
1.14177
1.14153
1.14654
1.15532
1.1661
1.17748
1.18838
1.19773
1.20441
1.20726
1.2054
1.19854
1.18748
1.17459
1.16366
1.15868
1.16187
1.17222
1.1861
1.19921
1.20844
1.21239
1.21122
1.20606
1.19846
1.19007
1.18241
1.17659
1.17309
1.17183
1.17253
1.17502
1.17926
1.18514
1.19218
1.19944
1.20576
1.21
1.21142
1.20984
1.2056
1.19925
1.1913
1.18204
1.17172
1.1609
1.15065
1.14223
1.13645
1.13324
1.13178
1.13124
1.13122
1.13163
1.13199
1.13111
1.12745
1.12
1.10889
1.09541
1.08134
1.06821
1.05685
1.04761
1.04074
1.03659
1.03549
1.03748
1.04234
1.04974
1.05937
1.0707
1.08252
1.09297
1.10017
1.10304
1.10171
1.09734
1.09144
1.08539
1.08029
1.07703
1.07658
1.08006
1.08843
1.10178
1.11885
1.13721
1.154
1.16676
1.17392
1.17483
1.16969
1.15945
1.14568
1.13013
1.11404
1.0977
1.08061
1.06215
1.04249
1.02304
1.00642
0.995716
0.993385
1.00019
1.01506
1.03576
1.05977
1.08474
1.1089
1.13128
1.15185
1.17124
1.19019
1.20895
1.22686
1.24233
1.25327
1.25798
1.256
1.2488
1.23981
1.23281
1.22951
1.22834
1.22624
1.221
1.21226
1.20095
1.18826
1.17476
1.16012
1.14372
1.12597
1.10924
1.09738
1.09386
1.09973
1.11281
1.12887
1.1436
1.15409
1.15953
1.16115
1.16162
1.16367
1.16891
1.17733
1.18775
1.19858
1.20832
1.21584
1.22038
1.22172
1.22013
1.21635
1.21117
1.2049
1.19705
1.18688
1.17475
1.16337
1.15692
1.15809
1.16624
1.17833
1.19075
1.20054
1.20584
1.20625
1.20265
1.1967
1.19011
1.18386
1.17779
1.17092
1.16234
1.15232
1.14271
1.13616
1.13418
1.13602
1.13937
1.14219
1.14372
1.14444
1.14546
1.14807
1.15328
1.16102
1.16983
1.1773
1.18118
1.18032
1.17499
1.16674
1.15793
1.15102
1.1478
1.14882
1.15332
1.15972
1.1664
1.17236
1.17766
1.18315
1.18947
1.19617
1.20143
1.20263
1.19749
1.18507
1.16607
1.14266
1.11809
1.09646
1.08216
1.07882
1.08785
1.10776
1.13469
1.16408
1.19216
1.21657
1.23589
1.24902
1.25489
1.25268
1.24239
1.22534
1.2044
1.18363
1.16697
1.15646
1.15182
1.1512
1.15227
1.1529
1.15149
1.14719
1.14036
1.13253
1.12579
1.12135
1.11873
1.11641
1.11276
1.10648
1.09661
1.08277
1.06547
1.04603
1.02626
1.00817
0.993766
0.984843
0.982543
0.987106
0.997832
1.01311
1.03063
1.04778
1.06266
1.07469
1.08447
1.09267
1.0993
1.10399
1.10677
1.10837
1.11003
1.11283
1.11699
1.12191
1.12666
1.13078
1.13462
1.13907
1.14495
1.15234
1.1603
1.16708
1.17074
1.16983
1.16404
1.15434
1.14266
1.13117
1.12163
1.1151
1.11209
1.11274
1.11657
1.12226
1.12784
1.13154
1.13271
1.13211
1.13157
1.13316
1.13855
1.14851
1.16281
1.18023
1.19875
1.21585
1.22916
1.23687
1.23808
1.23284
1.22185
1.20615
1.18705
1.1662
1.14559
1.12722
1.11263
1.1025
1.09655
1.09347
1.09108
1.08724
1.08115
1.07439
1.06986
1.06952
1.07353
1.08151
1.09344
1.10872
1.1253
1.14002
1.14982
1.15342
1.15321
1.15527
1.16459
1.17946
1.19335
1.20106
1.20131
1.19534
1.18521
1.17316
1.16166
1.15323
1.14984
1.152
1.15833
1.16613
1.17256
1.17566
1.17474
1.17008
1.16238
1.15222
1.13999
1.12611
1.11132
1.09676
1.08354
1.07205
1.06164
1.05122
1.03997
1.02773
1.01484
1.00183
0.989162
0.977364
0.967469
0.961072
0.95969
0.964033
0.973955
0.988929
1.0082
1.03064
1.05466
1.07846
1.10028
1.1185
1.13172
1.13894
1.1398
1.13478
1.12526
1.11343
1.10165
1.09172
1.08415
1.0785
1.07455
1.07332
1.07706
1.08795
1.10628
1.12977
1.15441
1.17626
1.19298
1.20418
1.21088
1.21452
1.21636
1.21706
1.21692
1.21613
1.21487
1.21343
1.21232
1.21221
1.21388
1.21778
1.22366
1.23052
1.23691
1.24144
1.24317
1.24186
1.23796
1.23232
1.22588
1.21914
1.21203
1.20395
1.19421
1.1825
1.16911
1.1547
1.14003
1.12579
1.11268
1.10178
1.09455
1.09227
1.095
1.10129
1.10922
1.11769
1.12708
1.13857
1.15297
1.16968
1.18693
1.20312
1.21801
1.23258
1.24707
1.2597
1.26762
1.26906
1.26428
1.25492
1.24281
1.2294
1.21553
1.20182
1.18896
1.17786
1.16946
1.16453
1.16325
1.16488
1.16792
1.1708
1.17247
1.17262
1.17142
1.16909
1.16569
1.16107
1.1551
1.14778
1.13945
1.13066
1.12213
1.11469
1.10933
1.10724
1.10936
1.11587
1.12569
1.13689
1.14768
1.15714
1.16516
1.17208
1.17825
1.18391
1.1891
1.19367
1.19706
1.19829
1.19663
1.19234
1.18713
1.18324
1.18202
1.18376
1.18843
1.19608
1.20624
1.21738
1.22739
1.23483
1.23948
1.24198
1.24321
1.24376
1.24402
1.24435
1.24513
1.2464
1.24771
1.24806
1.24616
1.24068
1.2305
1.21497
1.19412
1.16906
1.14215
1.11683
1.09671
1.08454
1.08143
1.08687
1.0993
1.11674
1.1372
1.15877
1.17969
1.19839
1.21369
1.22492
1.23201
1.23526
1.23503
1.23148
1.22464
1.21477
1.20265
1.18957
1.17679
1.16505
1.15426
1.14377
1.13287
1.12118
1.10888
1.09677
1.08615
1.07844
1.07471
1.07549
1.08089
1.09084
1.10488
1.1219
1.13998
1.15676
1.17018
1.179
1.18309
1.18347
1.18191
1.1805
1.18091
1.1839
1.18921
1.19591
1.20281
1.20852
1.21146
1.21021
1.20396
1.19302
1.17884
1.16371
1.15018
1.14041
1.13527
1.13399
1.13469
1.13555
1.13575
1.13535
1.13464
1.13384
1.13334
1.13413
1.13774
1.14569
1.1584
1.17443
1.19044
1.20216
1.20594
1.19975
1.18362
1.15952
1.131
1.10251
1.07824
1.06102
1.05178
1.05004
1.05448
1.06341
1.07505
1.08791
1.1011
1.11458
1.12903
1.14515
1.16261
1.17954
1.19329
1.20188
1.20452
1.20117
1.19179
1.17611
1.15456
1.13025
1.1097
1.09917
1.09901
1.10442
1.11115
1.11814
1.12602
1.13536
1.14606
1.15751
1.16885
1.17917
1.1875
1.19274
1.19367
1.18916
1.17853
1.1621
1.14188
1.12194
1.1074
1.10152
1.10382
1.1112
1.12039
1.12894
1.13512
1.13765
1.13573
1.12933
1.11921
1.10674
1.09339
1.08031
1.06835
1.05836
1.05139
1.04846
1.04995
1.05528
1.06324
1.07269
1.0829
1.09328
1.10305
1.1114
1.11785
1.12275
1.12756
1.13453
1.14582
1.16204
1.18151
1.20109
1.2177
1.22922
1.23463
1.2338
1.22732
1.21651
1.2034
1.19031
1.17924
1.17128
1.1665
1.16394
1.16186
1.15826
1.15154
1.14099
1.12699
1.11092
1.09471
1.08041
1.06991
1.06482
1.06599
1.07288
1.08336
1.09449
1.10364
1.10942
1.11208
1.11346
1.11627
1.12252
1.13222
1.14348
1.15376
1.16104
1.16425
1.1632
1.15849
1.15157
1.14435
1.13862
1.13542
1.13499
1.13708
1.1413
1.14718
1.15402
1.16071
1.16596
1.16856
1.16787
1.16403
1.15789
1.15082
1.14438
1.13994
1.13836
1.13989
1.14433
1.15116
1.15976
1.16966
1.18064
1.19278
1.20617
1.22035
1.23396
1.24464
1.24942
1.24536
1.23041
1.20428
1.16954
1.13184
1.09862
1.07621
1.06716
1.07005
1.08129
1.09718
1.11495
1.13277
1.14925
1.16317
1.17366
1.18031
1.18316
1.18253
1.17885
1.17261
1.16433
1.1545
1.14355
1.13168
1.11892
1.10552
1.09248
1.08146
1.07383
1.06974
1.06838
1.06879
1.07053
1.07352
1.07785
1.0836
1.09066
1.09868
1.10703
1.11518
1.12293
1.13051
1.13826
1.1462
1.15378
1.15992
1.16353
1.16393
1.16119
1.156
1.14939
1.14231
1.13549
1.12947
1.12473
1.12179
1.121
1.1224
1.12544
1.12889
1.13125
1.13152
1.12996
1.12807
1.12752
1.12868
1.13032
1.13057
1.12841
1.12422
1.11915
1.11369
1.10715
1.09844
1.08725
1.07472
1.06323
1.0557
1.05475
1.06183
1.07682
1.09813
1.12314
1.14876
1.17197
1.19028
1.20217
1.20699
1.20477
1.19579
1.18035
1.15865
1.13117
1.0989
1.06371
1.02849
0.997024
0.973332
0.960449
0.95916
0.96759
0.982066
0.998682
1.01452
1.028
1.03863
1.04675
1.05319
1.05898
1.06509
1.0722
1.08052
1.08975
1.09924
1.10822
1.11627
1.12374
1.13167
1.1411
1.15185
1.16225
1.17007
1.1734
1.17118
1.16361
1.15287
1.14364
1.14155
1.14894
1.16229
1.17503
1.18203
1.18133
1.17356
1.16094
1.14635
1.13258
1.12172
1.11498
1.11289
1.11546
1.12177
1.12968
1.13613
1.13813
1.13406
1.12445
1.11196
1.10031
1.09291
1.09197
1.09854
1.11256
1.13249
1.15528
1.17723
1.19534
1.20807
1.21534
1.21784
1.21653
1.2123
1.20588
1.1978
1.18879
1.17986
1.1723
1.16719
1.16495
1.16531
1.16766
1.17132
1.17579
1.18077
1.18606
1.19115
1.19502
1.19644
1.19443
1.18885
1.18057
1.17118
1.16253
1.1561
1.15272
1.15229
1.15394
1.15617
1.15721
1.15554
1.15037
1.14212
1.1325
1.12414
1.11968
1.12048
1.12555
1.1315
1.13375
1.12849
1.11509
1.09678
1.07812
1.06109
1.04533
1.03139
1.02203
1.02058
1.02915
1.04786
1.07478
1.10646
1.13865
1.16732
1.18934
1.20306
1.20831
1.20628
1.19912
1.18937
1.17933
1.1707
1.16429
1.1601
1.15758
1.15601
1.15485
1.15399
1.15363
1.15388
1.15452
1.15515
1.15538
1.15479
1.1527
1.14825
1.14084
1.13049
1.11822
1.10599
1.09641
1.09202
1.09437
1.10321
1.11653
1.13141
1.14499
1.15515
1.16074
1.16152
1.1582
1.15219
1.1454
1.13962
1.13602
1.13493
1.13612
1.13933
1.1445
1.15164
1.16057
1.17066
1.18071
1.18907
1.19404
1.1943
1.18929
1.17936
1.16563
1.14947
1.13202
1.11392
1.09575
1.07841
1.0634
1.05242
1.04681
1.04682
1.05146
1.05868
1.06623
1.07222
1.07548
1.07552
1.07213
1.06535
1.05575
1.0447
1.03411
1.02555
1.01954
1.01567
1.01337
1.01258
1.0137
1.01724
1.02342
1.03188
1.04163
1.05123
1.05913
1.06406
1.06521
1.0623
1.05573
1.04663
1.03688
1.02857
1.02356
1.02305
1.02747
1.03637
1.04849
1.06202
1.07516
1.08672
1.09643
1.10481
1.11256
1.11999
1.12692
1.13305
1.13856
1.14398
1.14958
1.15466
1.15773
1.15743
1.15357
1.14744
1.14121
1.13678
1.13503
1.13558
1.13733
1.13896
1.13934
1.13776
1.13396
1.12829
1.12195
1.11706
1.11633
1.12183
1.13367
1.14969
1.1662
1.17947
1.18742
1.19055
1.19111
1.19072
1.18853
1.1822
1.17036
1.15411
1.13664
1.12205
1.11389
1.11389
1.12131
1.1334
1.14664
1.15784
1.16493
1.16701
1.16426
1.15758
1.14833
1.13816
1.12878
1.12169
1.11748
1.11563
1.11483
1.11378
1.1118
1.10916
1.10688
1.10648
1.10947
1.11685
1.12854
1.14319
1.15862
1.17257
1.18345
1.19065
1.19452
1.19596
1.19614
1.19614
1.19683
1.19869
1.20165
1.20504
1.20781
1.20895
1.20786
1.20439
1.19874
1.19121
1.18219
1.17206
1.1613
1.1506
1.14099
1.13373
1.13022
1.13129
1.13669
1.14499
1.15428
1.16274
1.16883
1.17111
1.16823
1.15942
1.14555
1.13
1.11835
1.11636
1.127
1.14863
1.17579
1.20174
1.22102
1.23074
1.23073
1.22293
1.21025
1.19538
1.17998
1.16503
1.15149
1.14055
1.13305
1.1288
1.12676
1.12573
1.1249
1.12375
1.12208
1.11994
1.11775
1.11608
1.11529
1.11526
1.11561
1.11617
1.11723
1.11962
1.12452
1.13321
1.14646
1.16385
1.18359
1.20294
1.21914
1.22993
1.23385
1.23018
1.21912
1.20208
1.18226
1.16478
1.15494
1.15465
1.16084
1.16836
1.17395
1.17733
1.17986
1.18269
1.18567
1.18759
1.18713
1.18373
1.17781
1.17074
1.16422
1.15965
1.15761
1.15757
1.15814
1.15744
1.15378
1.14617
1.13448
1.11947
1.10261
1.08582
1.07113
1.06023
1.05397
1.05224
1.05423
1.05912
1.06684
1.0781
1.09352
1.1126
1.13347
1.15367
1.17102
1.184
1.19175
1.19429
1.19281
1.18977
1.18824
1.19086
1.19867
1.21079
1.22477
1.23741
1.24546
1.24634
1.23849
1.22167
1.19696
1.16652
1.13329
1.1006
1.07184
1.05016
1.03811
1.0371
1.04688
1.06538
1.08914
1.11424
1.13715
1.15523
1.16699
1.17221
1.17218
1.16939
1.16622
1.16322
1.15871
1.15035
1.13718
1.12041
1.10308
1.08901
1.08175
1.08346
1.09395
1.1106
1.13
1.14988
1.16983
1.1901
1.21024
1.22876
1.24372
1.25363
1.25798
1.25737
1.25347
1.2486
1.24502
1.24414
1.24603
1.24959
1.25304
1.25468
1.25332
1.24845
1.24007
1.22849
1.2142
1.19803
1.18136
1.16604
1.15385
1.14572
1.14147
1.14016
1.14075
1.14261
1.14562
1.14989
1.15529
1.1611
1.1661
1.16892
1.16853
1.16458
1.15732
1.14752
1.13622
1.12457
1.1136
1.10405
1.0963
1.09031
1.08565
1.08192
1.0791
1.07791
1.07965
1.0856
1.09632
1.11128
1.12901
1.14764
1.16536
1.18059
1.19205
1.19879
1.20023
1.19617
1.18655
1.17138
1.15076
1.12548
1.0976
1.07081
1.04977
1.03861
1.03918
1.05042
1.06915
1.0915
1.11402
1.13415
1.15029
1.16187
1.16934
1.17384
1.17682
1.17955
1.18278
1.18668
1.19091
1.19486
1.19789
1.1994
1.19888
1.19585
1.19014
1.18225
1.17356
1.16602
1.16148
1.16089
1.16414
1.17015
1.17726
1.18403
1.18985
1.19502
1.20009
1.20524
1.20996
1.21343
1.21506
1.21463
1.21227
1.20815
1.20234
1.19501
1.18651
1.17751
1.16874
1.1607
1.15354
1.14707
1.14086
1.13431
1.12668
1.11743
1.10667
1.09537
1.08515
1.07762
1.07373
1.07338
1.07568
1.07971
1.08488
1.09067
1.09601
1.09916
1.09844
1.09305
1.08368
1.0728
1.06419
1.06176
1.06775
1.0817
1.10084
1.12154
1.14079
1.15695
1.16974
1.17964
1.18711
1.19199
1.1934
1.19014
1.18145
1.16747
1.14944
1.12931
1.10926
1.09126
1.07677
1.06678
1.06184
1.0621
1.06726
1.07627
1.08744
1.09927
1.11135
1.12496
1.14207
1.16381
1.18935
1.21603
1.24038
1.25919
1.27023
1.27255
1.26651
1.25352
1.23555
1.21458
1.19217
1.16944
1.14741
1.12711
1.10948
1.09514
1.08447
1.07771
1.07497
1.07593
1.07966
1.08466
1.08958
1.09378
1.09777
1.10296
1.11099
1.12279
1.13793
1.15468
1.17059
1.18321
1.19069
1.19193
1.18659
1.17502
1.15843
1.13917
1.12073
1.10689
1.10013
1.10046
1.10597
1.1141
1.1225
1.12929
1.13308
1.13303
1.12873
1.12024
1.10792
1.0926
1.07558
1.0586
1.04354
1.0319
1.02403
1.01892
1.0151
1.01189
1.00969
1.00964
1.01315
1.02161
1.0358
1.05504
1.07706
1.09881
1.11744
1.1309
1.13792
1.13796
1.13113
1.11849
1.10237
1.08637
1.07454
1.07002
1.07398
1.0855
1.10235
1.12197
1.14193
1.1599
1.17363
1.18132
1.18213
1.17669
1.16726
1.15699
1.14838
1.14212
1.13752
1.13365
1.1301
1.12704
1.12513
1.12518
1.12794
1.13384
1.14289
1.15476
1.16888
1.18433
1.20001
1.21468
1.22724
1.23672
1.24231
1.24337
1.2395
1.23067
1.21729
1.20032
1.18126
1.16229
1.14607
1.13504
1.13017
1.13044
1.13371
1.13832
1.14363
1.14949
1.15532
1.15981
1.16141
1.15922
1.15359
1.14584
1.13759
1.13007
1.12384
1.119
1.11566
1.11433
1.11598
1.1218
1.13271
1.14891
1.16939
1.1919
1.21358
1.2318
1.24464
1.25114
1.25125
1.24569
1.23577
1.22314
1.20957
1.19668
1.18572
1.17743
1.17228
1.17058
1.17211
1.17564
1.17914
1.18074
1.17961
1.17607
1.17107
1.16548
1.15977
1.15397
1.14795
1.14172
1.13588
1.13188
1.13186
1.13749
1.14884
1.16399
1.17998
1.19399
1.20407
1.20943
1.21032
1.20777
1.20319
1.19785
1.19267
1.18807
1.18418
1.1811
1.17895
1.17781
1.17765
1.17845
1.18032
1.18352
1.18811
1.1936
1.19918
1.20413
1.20813
1.21121
1.21317
1.21335
1.21074
1.20472
1.19559
1.1845
1.17272
1.16115
1.15006
1.1394
1.1292
1.11987
1.11222
1.10726
1.10576
1.10786
1.11298
1.12012
1.12827
1.13641
1.14327
1.14732
1.14751
1.14443
1.14096
1.14151
1.14959
1.16566
1.18699
1.20929
1.22846
1.24218
1.25084
1.25701
1.26298
1.26865
1.2723
1.27306
1.27178
1.26964
1.26678
1.26245
1.25592
1.24716
1.23683
1.22601
1.21581
1.20693
1.19932
1.19216
1.18412
1.17385
1.16037
1.14328
1.12295
1.10057
1.07803
1.05749
1.0409
1.02969
1.02495
1.02753
1.03787
1.05521
1.07694
1.09887
1.11643
1.12603
1.12573
1.11516
1.09545
1.06961
1.04322
1.02373
1.01739
1.02531
1.04319
1.06457
1.08403
1.09849
1.10699
1.10991
1.10814
1.10276
1.09506
1.0868
1.08021
1.07724
1.0785
1.08295
1.08897
1.09569
1.10305
1.11128
1.12063
1.13181
1.14598
1.16405
1.18572
1.20921
1.23178
1.25072
1.26408
1.27098
1.27151
1.26671
1.2585
1.2495
1.24181
1.23566
1.22933
1.22069
1.20861
1.19357
1.17733
1.16265
1.15286
1.15121
1.15946
1.17658
1.199
1.22242
1.24353
1.26066
1.27336
1.28172
1.28585
1.28579
1.28173
1.27425
1.26443
1.25369
1.24338
1.23425
1.22619
1.21852
1.21046
1.20191
1.19377
1.18763
1.1852
1.18763
1.19521
1.20729
1.22243
1.2389
1.25504
1.26973
1.28233
1.29243
1.29972
1.30368
1.30371
1.29903
1.28893
1.27317
1.25273
1.23005
1.20839
1.19046
1.17762
1.16996
1.16668
1.16627
1.1666
1.16547
1.16124
1.15369
1.14472
1.13812
1.13807
1.14702
1.16433
1.18661
1.20955
1.22948
1.24377
1.25068
1.24938
1.23993
1.22307
1.20004
1.17265
1.14338
1.11558
1.09352
1.08192
1.08422
1.1005
1.12684
1.15698
1.1849
1.20656
1.22031
1.2264
1.22615
1.22104
1.21221
1.20025
1.18538
1.16775
1.14764
1.1256
1.10243
1.07913
1.05685
1.03684
1.02052
1.00949
1.00535
1.00901
1.02007
1.03672
1.05658
1.07757
1.09779
1.11497
1.1264
1.13029
1.127
1.11916
1.11047
1.10411
1.10185
1.10405
1.11009
1.11866
1.12811
1.13724
1.14561
1.15307
1.15912
1.16316
1.16499
1.16483
1.1631
1.16011
1.15608
1.1513
1.14621
1.14147
1.1378
1.1356
1.1346
1.13376
1.1318
1.1282
1.12391
1.121
1.12141
1.12579
1.13309
1.14107
1.14733
1.15027
1.14965
1.14645
1.1423
1.13884
1.13733
1.13849
1.14249
1.14909
1.15778
1.1679
1.17867
1.18925
1.19893
1.20711
1.21351
1.21811
1.22108
1.22259
1.22267
1.22126
1.2185
1.21505
1.21209
1.21078
1.21141
1.21313
1.21426
1.2129
1.20735
1.1965
1.18013
1.15937
1.13708
1.11767
1.10595
1.10511
1.11494
1.13148
1.14878
1.16148
1.16654
1.16336
1.15322
1.13858
1.12259
1.10861
1.09952
1.09704
1.10092
1.10904
1.11823
1.12561
1.12921
1.12796
1.1215
1.11028
1.09578
1.0806
1.06848
1.06324
1.06652
1.07625
1.08784
1.09698
1.10153
1.10159
1.09877
1.09511
1.09234
1.09131
1.09205
1.09414
1.09709
1.10051
1.10409
1.10751
1.11053
1.11317
1.11581
1.11942
1.12551
1.13552
1.14969
1.16658
1.18367
1.19866
1.2101
1.21755
1.2213
1.22213
1.22102
1.21884
1.21619
1.21333
1.21021
1.20654
1.20195
1.19605
1.1887
1.18024
1.17157
1.16391
1.15822
1.15483
1.15326
1.15242
1.15101
1.14802
1.14306
1.13654
1.12945
1.12282
1.11725
1.11283
1.10947
1.10735
1.10696
1.10879
1.11296
1.11919
1.12692
1.13553
1.14446
1.15327
1.16153
1.16873
1.17422
1.17734
1.17766
1.17525
1.17075
1.16533
1.16049
1.15762
1.1576
1.16056
1.16592
1.17226
1.17753
1.17981
1.17807
1.17242
1.16382
1.15344
1.14218
1.1305
1.11862
1.107
1.09692
1.09034
1.08923
1.09455
1.10582
1.12126
1.13831
1.15416
1.1663
1.17298
1.1735
1.16827
1.15865
1.14655
1.13407
1.12311
1.11496
1.11011
1.10827
1.10874
1.11085
1.11427
1.11897
1.12509
1.13265
1.14139
1.15067
1.15939
1.16593
1.16844
1.16548
1.15664
1.14256
1.12483
1.10589
1.08901
1.07748
1.07347
1.07718
1.08682
1.09953
1.11235
1.12321
1.1311
1.13618
1.1398
1.14417
1.15127
1.16145
1.1727
1.18143
1.18407
1.17853
1.16513
1.1468
1.12791
1.1119
1.09959
1.09025
1.08344
1.07957
1.07923
1.0826
1.08956
1.10002
1.11377
1.12969
1.14552
1.15853
1.16668
1.16935
1.1674
1.16258
1.15649
1.15016
1.14434
1.14007
1.1384
1.1401
1.14527
1.15354
1.16431
1.17674
1.18976
1.20211
1.21235
1.21914
1.22146
1.21875
1.21101
1.19889
1.1838
1.16786
1.15361
1.14347
1.13901
1.14033
1.1458
1.15249
1.15727
1.1581
1.15495
1.14981
1.14578
1.14561
1.15048
1.15962
1.17083
1.18141
1.18889
1.1916
1.18888
1.18115
1.16979
1.15667
1.14367
1.13206
1.12224
1.1139
1.10659
1.10007
1.09429
1.08921
1.08461
1.07994
1.0744
1.06725
1.05839
1.04876
1.04017
1.03461
1.03296
1.03428
1.03609
1.03577
1.03187
1.02442
1.01455
1.004
0.994761
0.98839
0.985264
0.984469
0.984703
0.98548
0.987528
0.992122
0.999883
1.01016
1.02138
1.03187
1.04047
1.04692
1.05163
1.05547
1.05945
1.0645
1.07123
1.07968
1.08933
1.09925
1.10846
1.11611
1.12178
1.12545
1.12734
1.12775
1.12684
1.12468
1.12136
1.11712
1.11249
1.10807
1.10442
1.10179
1.10009
1.09902
1.09807
1.09659
1.09415
1.09113
1.08925
1.09084
1.09708
1.10645
1.11507
1.11872
1.11496
1.10404
1.08848
1.07199
1.0584
1.05081
1.05137
1.06077
1.07829
1.1019
1.12897
1.15678
1.18278
1.20477
1.2212
1.23134
1.23547
1.23464
1.23039
1.22424
1.21711
1.20916
1.2001
1.1899
1.1793
1.16969
1.16249
1.15855
1.15792
1.15984
1.16309
1.16637
1.1684
1.16815
1.16532
1.16107
1.15748
1.15562
1.15404
1.14981
1.14066
1.12634
1.10876
1.09185
1.08048
1.0781
1.08452
1.09641
1.10982
1.12192
1.13116
1.13691
1.13917
1.13832
1.13483
1.12881
1.12009
1.10879
1.09619
1.08439
1.07506
1.06883
1.06623
1.06852
1.0765
1.08878
1.10201
1.11291
1.11978
1.12248
1.12181
1.11885
1.11455
1.10966
1.10457
1.09953
1.09511
1.09254
1.09363
1.0999
1.11169
1.12779
1.14565
1.1623
1.17526
1.18322
1.18604
1.18433
1.17887
1.17057
1.16049
1.14989
1.13985
1.1309
1.12296
1.11587
1.10978
1.10501
1.1016
1.09892
1.09591
1.0917
1.08623
1.08061
1.07683
1.0765
1.07983
1.08587
1.09369
1.10306
1.11379
1.12487
1.13436
1.14013
1.14086
1.1366
1.12879
1.11975
1.11184
1.10657
1.10416
1.10363
1.10336
1.10191
1.09863
1.09401
1.08938
1.0864
1.08629
1.08932
1.09473
1.10118
1.10728
1.11208
1.11524
1.11683
1.11697
1.11557
1.11263
1.10903
1.10724
1.11035
1.11956
1.13243
1.14419
1.15054
1.14938
1.14093
1.12727
1.11157
1.09714
1.08652
1.08095
1.08053
1.08497
1.09416
1.10828
1.12724
1.15022
1.17557
1.20113
1.2247
1.24427
1.25804
1.26442
1.26204
1.25005
1.22843
1.19845
1.16292
1.12615
1.09339
1.0697
1.05819
1.05872
1.06815
1.08216
1.09753
1.11297
1.12836
1.14363
1.15812
1.17073
1.18039
1.18645
1.18904
1.18926
1.189
1.1904
1.19488
1.2026
1.21247
1.22281
1.23165
1.23703
1.23733
1.23172
1.22039
1.20444
1.18551
1.16553
1.14651
1.13044
1.1191
1.1138
1.11519
1.12321
1.13712
1.15565
1.17706
1.19931
1.22017
1.23743
1.24897
1.25304
1.24881
1.23711
1.22107
1.20592
1.19664
1.19454
1.19641
1.19728
1.19371
1.18465
1.17079
1.15369
1.13523
1.11728
1.10164
1.08975
1.08272
1.08114
1.0851
1.09407
1.1069
1.12181
1.13656
1.14874
1.15626
1.15789
1.15358
1.14453
1.13283
1.12107
1.11168
1.10644
1.10604
1.11001
1.11685
1.12468
1.13171
1.13667
1.13888
1.13825
1.13517
1.13044
1.12533
1.12132
1.11974
1.12136
1.12615
1.13337
1.14178
1.1498
1.15583
1.15853
1.15753
1.15368
1.14903
1.1459
1.14599
1.14971
1.1562
1.1638
1.17057
1.175
1.17631
1.17456
1.17035
1.16461
1.15843
1.15323
1.15064
1.15202
1.15778
1.1671
1.17817
1.18888
1.19747
1.20266
1.20353
1.1993
1.18918
1.17267
1.15003
1.12296
1.0948
1.06956
1.05018
1.03737
1.03024
1.02774
1.0294
1.03522
1.04527
1.05922
1.07607
1.09411
1.11131
1.1258
1.13634
1.14255
1.14489
1.1446
1.14331
1.14245
1.14277
1.14405
1.14545
1.14592
1.14448
1.14054
1.13407
1.12583
1.11721
1.10992
1.10562
1.10564
1.11088
1.12164
1.13736
1.15658
1.17703
1.19593
1.21048
1.21849
1.21885
1.21182
1.19915
1.18387
1.16931
1.15765
1.14906
1.14225
1.13567
1.12827
1.11978
1.11072
1.10227
1.09593
1.09321
1.09514
1.10182
1.1121
1.12402
1.13569
1.14608
1.1552
1.16368
1.17222
1.18123
1.19054
1.19924
1.20592
1.20907
1.2078
1.20258
1.19586
1.19111
1.19007
1.19128
1.192
1.19099
1.18933
1.18909
1.19181
1.19755
1.20495
1.2119
1.21653
1.21757
1.21458
1.2078
1.19802
1.18625
1.1733
1.15936
1.144
1.1267
1.10709
1.0852
1.06185
1.03854
1.01684
0.997854
0.982377
0.971706
0.968129
0.97445
0.992424
1.02126
1.05747
1.0962
1.13286
1.16418
1.18867
1.20683
1.2211
1.23482
1.25038
1.26772
1.28455
1.29765
1.30414
1.30223
1.29167
1.27381
1.25122
1.22702
1.20414
1.18472
1.16989
1.1599
1.15446
1.15285
1.15385
1.15577
1.15683
1.15559
1.15133
1.14416
1.1349
1.1248
1.1153
1.10782
1.1037
1.10397
1.1089
1.11749
1.12759
1.1366
1.14241
1.14393
1.14122
1.13513
1.12678
1.11725
1.10733
1.09747
1.08799
1.07917
1.07116
1.06388
1.05697
1.05001
1.04295
1.03638
1.03162
1.0301
1.03264
1.03895
1.04783
1.05767
1.06693
1.07444
1.0797
1.08305
1.08551
1.08843
1.09294
1.09941
1.10726
1.11541
1.12273
1.12855
1.13269
1.13512
1.13582
1.13476
1.13209
1.12821
1.12384
1.11984
1.1171
1.11641
1.11833
1.12276
1.12863
1.13411
1.13761
1.13862
1.13788
1.13691
1.13717
1.13972
1.14525
1.1541
1.16597
1.17966
1.19325
1.20473
1.21277
1.21694
1.2176
1.21541
1.21104
1.20496
1.19741
1.18837
1.17775
1.16595
1.15436
1.14505
1.13985
1.13924
1.14198
1.14559
1.1471
1.14402
1.13513
1.12094
1.10339
1.08509
1.06858
1.05614
1.0499
1.05149
1.06116
1.07698
1.09529
1.11216
1.12486
1.13229
1.1345
1.13201
1.12535
