1.66396
1.67006
1.68338
1.70044
1.71826
1.73528
1.75132
1.7665
1.77992
1.78929
1.79168
1.78489
1.76863
1.74516
1.71887
1.69478
1.67631
1.66458
1.65963
1.66184
1.67202
1.69055
1.71669
1.74816
1.78111
1.81056
1.83155
1.84031
1.83519
1.81712
1.78973
1.75888
1.7311
1.7111
1.70022
1.6968
1.69796
1.70117
1.70476
1.70771
1.70938
1.70937
1.70725
1.70266
1.69585
1.68798
1.68071
1.67566
1.67366
1.67451
1.67672
1.6776
1.67372
1.66194
1.64033
1.60928
1.57196
1.5343
1.50392
1.48789
1.49043
1.51191
1.54963
1.59942
1.65647
1.71547
1.77071
1.81679
1.8495
1.8666
1.86807
1.856
1.8344
1.80885
1.7858
1.77131
1.76906
1.7786
1.79498
1.81066
1.81841
1.81363
1.79558
1.76742
1.73531
1.70656
1.687
1.67907
1.68145
1.69058
1.70238
1.71337
1.72125
1.72517
1.72587
1.72514
1.72481
1.72582
1.72753
1.72796
1.72468
1.71622
1.70314
1.68831
1.67585
1.66902
1.66884
1.67457
1.6854
1.70163
1.72416
1.75268
1.78404
1.81252
1.83189
1.838
1.83009
1.81066
1.78417
1.75568
1.73005
1.71161
1.70376
1.70825
1.72449
1.74955
1.77895
1.80787
1.83204
1.84831
1.85485
1.85145
1.83925
1.82033
1.79702
1.77143
1.7455
1.72133
1.70134
1.68798
1.6829
1.686
1.69557
1.7089
1.72302
1.73567
1.74582
1.75365
1.76026
1.76698
1.77509
1.78557
1.79905
1.81572
1.83539
1.85745
1.8809
1.90442
1.92632
1.94467
1.95738
1.96248
1.95843
1.94472
1.92244
1.89435
1.86452
1.83682
1.81344
1.79427
1.77783
1.76253
1.74738
1.7319
1.71593
1.69958
1.68391
1.6714
1.66524
1.6674
1.67719
1.69165
1.70706
1.72009
1.72831
1.73038
1.72584
1.71513
1.69955
1.68185
1.66628
1.65707
1.65537
1.6581
1.66028
1.65846
1.65222
1.64395
1.63729
1.63522
1.63857
1.64578
1.65405
1.66077
1.66461
1.66573
1.66534
1.66517
1.66695
1.67198
1.68076
1.69287
1.70719
1.72249
1.73782
1.75284
1.76766
1.78234
1.79609
1.80721
1.81369
1.81425
1.80871
1.79782
1.78322
1.76709
1.7515
1.73748
1.72473
1.71233
1.69982
1.6878
1.67796
1.67243
1.67269
1.67855
1.6879
1.69738
1.70368
1.70487
1.70113
1.6947
1.68885
1.68665
1.6898
1.69835
1.71108
1.72613
1.7415
1.75534
1.76592
1.7715
1.77058
1.76273
1.74947
1.73421
1.72096
1.71272
1.71058
1.71385
1.72083
1.72953
1.73764
1.74259
1.74184
1.73358
1.71746
1.69495
1.66925
1.64491
1.62711
1.62081
1.62923
1.6521
1.68524
1.72214
1.75664
1.78447
1.80344
1.81283
1.81287
1.80462
1.79022
1.77279
1.75565
1.74117
1.73022
1.72253
1.71762
1.71515
1.71476
1.71563
1.71684
1.71797
1.71934
1.72163
1.72491
1.72853
1.73158
1.7336
1.73498
1.73667
1.73941
1.74312
1.74674
1.74893
1.74902
1.74755
1.74625
1.74729
1.75208
1.76016
1.76893
1.77437
1.77257
1.76143
1.74185
1.71775
1.69484
1.67868
1.67326
1.68104
1.7031
1.73689
1.77443
1.80529
1.8221
1.82296
1.81068
1.79101
1.77076
1.75564
1.74811
1.74648
1.74606
1.74249
1.73518
1.72793
1.7253
1.72766
1.73097
1.73136
1.72828
1.72414
1.72243
1.72627
1.7372
1.7538
1.77148
1.78454
1.78873
1.78252
1.76699
1.74553
1.72314
1.70531
1.69611
1.6967
1.70516
1.71771
1.73035
1.74036
1.74748
1.75377
1.76106
1.76819
1.7711
1.76617
1.75274
1.73316
1.71165
1.69306
1.68185
1.68054
1.68882
1.70349
1.71992
1.7339
1.74278
1.74562
1.7424
1.73339
1.71923
1.70152
1.68319
1.66759
1.65661
1.64943
1.64332
1.636
1.62767
1.62161
1.62274
1.63466
1.6571
1.68577
1.71464
1.7386
1.75472
1.76215
1.76146
1.75394
1.74141
1.72613
1.71088
1.69864
1.69189
1.69174
1.69756
1.70718
1.71766
1.72616
1.73053
1.72992
1.72505
1.71808
1.71181
1.7086
1.7093
1.713
1.71746
1.72022
1.71976
1.71611
1.71088
1.70684
1.70706
1.71379
1.72748
1.74648
1.7675
1.78623
1.79835
1.80104
1.79413
1.78018
1.7633
1.74732
1.734
1.72291
1.71285
1.70364
1.69669
1.69398
1.69646
1.70339
1.71288
1.72283
1.73175
1.73862
1.74269
1.74314
1.73905
1.72965
1.715
1.69668
1.67799
1.66344
1.65739
1.6626
1.67896
1.7033
1.73022
1.7536
1.76812
1.7707
1.76135
1.74323
1.72184
1.70338
1.69294
1.69282
1.7017
1.71506
1.72667
1.73046
1.72228
1.70098
1.66907
1.63242
1.5986
1.57454
1.56473
1.57047
1.59036
1.62124
1.6589
1.69863
1.7358
1.76683
1.78998
1.80582
1.81672
1.82607
1.83693
1.85092
1.8678
1.88604
1.90386
1.92002
1.93369
1.94375
1.94858
1.94652
1.93679
1.91999
1.89807
1.87396
1.85111
1.83266
1.82058
1.81475
1.81285
1.81112
1.80554
1.7933
1.77378
1.74868
1.72118
1.69458
1.67131
1.65279
1.63993
1.63361
1.63507
1.64567
1.66594
1.69465
1.72829
1.76172
1.78974
1.80865
1.8173
1.81676
1.80944
1.79801
1.7849
1.77227
1.7619
1.75493
1.7516
1.75142
1.75381
1.75873
1.7668
1.77864
1.79381
1.8103
1.82473
1.83306
1.83134
1.8164
1.78655
1.7428
1.69067
1.64124
1.60814
1.59989
1.61398
1.63976
1.66662
1.68866
1.70467
1.71624
1.72604
1.73652
1.74894
1.763
1.77717
1.78957
1.79885
1.80444
1.80602
1.80298
1.79435
1.77928
1.7579
1.73194
1.70516
1.68267
1.66899
1.66601
1.67283
1.68719
1.70716
1.73118
1.75722
1.7825
1.80406
1.81981
1.82918
1.83302
1.83301
1.83105
1.8288
1.82721
1.82627
1.82519
1.82269
1.81749
1.80875
1.79647
1.7816
1.76597
1.75197
1.74186
1.73708
1.73812
1.74499
1.75773
1.77638
1.80029
1.82739
1.85413
1.87646
1.89125
1.89747
1.89621
1.88944
1.8783
1.86237
1.84036
1.8117
1.77791
1.74303
1.7128
1.69248
1.68441
1.68692
1.69573
1.7061
1.71452
1.71902
1.71895
1.71436
1.70567
1.69359
1.67912
1.66342
1.6474
1.63153
1.61662
1.60485
1.60003
1.60587
1.62341
1.65001
1.68089
1.71133
1.73806
1.75981
1.77724
1.79216
1.80634
1.82058
1.83446
1.84661
1.85529
1.85901
1.857
1.84942
1.83734
1.82232
1.8061
1.79019
1.77596
1.76466
1.75743
1.75494
1.75716
1.76332
1.77241
1.78398
1.79818
1.81477
1.83171
1.84507
1.85079
1.84657
1.83269
1.8118
1.78829
1.76734
1.75365
1.75007
1.75678
1.77147
1.79027
1.80894
1.82404
1.83341
1.83618
1.83214
1.82117
1.80312
1.77828
1.74842
1.71742
1.69086
1.67465
1.67281
1.68608
1.71169
1.74445
1.77858
1.80914
1.83292
1.8484
1.85502
1.85257
1.84098
1.82079
1.79352
1.76178
1.729
1.69907
1.67623
1.66402
1.66347
1.67208
1.68537
1.69957
1.71263
1.72345
1.73112
1.73467
1.73363
1.7285
1.72074
1.7123
1.70474
1.69875
1.69422
1.69085
1.68852
1.68731
1.68719
1.68787
1.68899
1.69018
1.69074
1.68899
1.68257
1.6699
1.65189
1.6325
1.61713
1.60972
1.61113
1.61975
1.63303
1.64869
1.66543
1.68309
1.70219
1.72324
1.74599
1.76903
1.78995
1.80618
1.81586
1.81815
1.81303
1.80112
1.78373
1.76311
1.74243
1.72522
1.7144
1.71129
1.71511
1.72313
1.73158
1.73699
1.73749
1.73356
1.72754
1.72213
1.71883
1.71739
1.71668
1.71539
1.71258
1.70759
1.69997
1.68959
1.67686
1.66274
1.64821
1.63346
1.61765
1.59988
1.58064
1.56222
1.54769
1.53949
1.53877
1.54564
1.55931
1.57778
1.59786
1.61584
1.62846
1.63374
1.63162
1.62434
1.61622
1.61179
1.6132
1.61916
1.62645
1.63249
1.63678
1.64094
1.6478
1.65993
1.67824
1.70186
1.72906
1.75818
1.7879
1.81671
1.84251
1.86285
1.87554
1.8795
1.87517
1.86436
1.84959
1.83314
1.81643
1.79987
1.78338
1.76721
1.75243
1.74093
1.73506
1.73716
1.74875
1.76984
1.79826
1.82984
1.85976
1.88356
1.8978
1.90005
1.88881
1.86351
1.82487
1.77566
1.72173
1.67216
1.63696
1.62218
1.6264
1.64222
1.66131
1.67825
1.69126
1.70118
1.71022
1.72036
1.73203
1.74375
1.75302
1.75729
1.75466
1.74443
1.72764
1.70741
1.68878
1.67756
1.6783
1.69256
1.71843
1.75156
1.78681
1.81951
1.84606
1.86412
1.87259
1.87153
1.86243
1.84811
1.83161
1.81442
1.796
1.7752
1.75177
1.72667
1.70174
1.6794
1.66229
1.65232
1.64985
1.65381
1.66292
1.6772
1.69799
1.72594
1.75881
1.79175
1.81945
1.83775
1.84395
1.83646
1.81474
1.77994
1.73639
1.69298
1.66205
1.65425
1.67239
1.70961
1.75303
1.78962
1.81044
1.81175
1.79447
1.76365
1.72761
1.69564
1.67471
1.66763
1.6737
1.69046
1.71502
1.7443
1.77465
1.80189
1.82202
1.83237
1.83222
1.82289
1.80719
1.78851
1.76994
1.7536
1.7404
1.7302
1.72219
1.71539
1.70891
1.70212
1.69444
1.68522
1.67408
1.66229
1.65417
1.6557
1.6695
1.69164
1.71527
1.73587
1.75242
1.76582
1.77701
1.78606
1.79228
1.79486
1.79343
1.78868
1.78237
1.77702
1.7751
1.77842
1.7874
1.80104
1.81718
1.83313
1.84637
1.85491
1.85747
1.85375
1.84476
1.83286
1.82126
1.81288
1.80885
1.80799
1.80758
1.80511
1.79936
1.79073
1.78083
1.77166
1.7648
1.76068
1.75833
1.75563
1.75027
1.7407
1.7268
1.71008
1.69349
1.68074
1.67515
1.67841
1.68964
1.70524
1.71966
1.7267
1.72101
1.69944
1.66249
1.61566
1.56953
1.53648
1.52477
1.53506
1.56227
1.5997
1.6413
1.68223
1.7186
1.74699
1.76421
1.76746
1.755
1.72753
1.68943
1.64909
1.61669
1.59972
1.59978
1.61303
1.6331
1.6538
1.67067
1.68171
1.68733
1.68969
1.69187
1.6967
1.70567
1.7183
1.73191
1.74236
1.7454
1.73796
1.71921
1.69101
1.65752
1.62432
1.59702
1.58033
1.57762
1.59064
1.6185
1.65703
1.69953
1.73895
1.76982
1.789
1.79553
1.78995
1.77355
1.74788
1.71477
1.6765
1.63548
1.59409
1.5554
1.52395
1.50509
1.50274
1.51715
1.54453
1.57877
1.6138
1.64499
1.66952
1.6863
1.69591
1.70047
1.70285
1.70548
1.70935
1.71412
1.71907
1.72427
1.73097
1.74107
1.75591
1.77511
1.79612
1.81501
1.82818
1.83426
1.83518
1.8358
1.84124
1.85346
1.87012
1.88672
1.89962
1.90681
1.90691
1.89832
1.87938
1.84917
1.80869
1.76213
1.71771
1.68577
1.67372
1.68109
1.70029
1.72214
1.74068
1.75395
1.76242
1.7673
1.76953
1.76962
1.76776
1.76435
1.76007
1.75567
1.75147
1.74706
1.74146
1.73349
1.72233
1.70803
1.6917
1.67523
1.6607
1.64962
1.64242
1.63826
1.63541
1.63226
1.62871
1.62669
1.62912
1.63817
1.65396
1.67444
1.69654
1.71753
1.73587
1.75096
1.7624
1.76961
1.77215
1.77033
1.76552
1.7599
1.75546
1.75278
1.75027
1.74472
1.73277
1.71275
1.68579
1.65602
1.62917
1.6105
1.60276
1.6055
1.6154
1.6274
1.63607
1.63713
1.62882
1.61257
1.59241
1.57307
1.55807
1.54919
1.54691
1.5506
1.55837
1.56776
1.57685
1.58505
1.59298
1.60166
1.61207
1.62505
1.64136
1.66135
1.68442
1.70867
1.73104
1.74808
1.75684
1.75565
1.74428
1.72402
1.69765
1.66965
1.6457
1.63135
1.63008
1.64195
1.66366
1.69032
1.7176
1.74308
1.76598
1.78617
1.80307
1.81554
1.82233
1.82287
1.81773
1.80827
1.79595
1.78179
1.76639
1.7504
1.73483
1.72124
1.71136
1.70671
1.70804
1.71498
1.72574
1.73722
1.74589
1.74863
1.74363
1.73072
1.71148
1.68916
1.66818
1.65301
1.64686
1.65095
1.66468
1.68603
1.71188
1.73835
1.76127
1.7769
1.78269
1.77784
1.76364
1.74318
1.7206
1.70008
1.68501
1.67787
1.68065
1.6944
1.7177
1.74601
1.77352
1.79576
1.81088
1.81912
1.82191
1.82098
1.81802
1.81461
1.81208
1.81133
1.81261
1.81552
1.8193
1.82313
1.82647
1.82921
1.83162
1.83409
1.83664
1.83871
1.83918
1.83651
1.82917
1.81607
1.79678
1.77173
1.74205
1.70938
1.6754
1.6416
1.60896
1.57807
1.54974
1.52538
1.5067
1.49466
1.48892
1.48847
1.49282
1.5024
1.51777
1.53881
1.56438
1.59276
1.62234
1.65219
1.68216
1.71254
1.74347
1.77422
1.80307
1.82749
1.84471
1.85221
1.84837
1.8331
1.80827
1.77729
1.74421
1.71291
1.68717
1.67019
1.66312
1.66451
1.67168
1.68212
1.69349
1.70332
1.70905
1.70884
1.70252
1.69204
1.68078
1.67155
1.66476
1.6584
1.64992
1.63828
1.62479
1.61284
1.60654
1.6091
1.62146
1.6422
1.66837
1.69672
1.72437
1.74869
1.76728
1.77833
1.78158
1.77855
1.77169
1.76319
1.75405
1.7442
1.73327
1.72149
1.71006
1.70098
1.69587
1.69458
1.69505
1.69468
1.69184
1.68663
1.68074
1.67664
1.67639
1.68059
1.68813
1.69679
1.70408
1.70824
1.70929
1.70913
1.7095
1.71006
1.70934
1.70719
1.70521
1.70495
1.70656
1.70872
1.70952
1.7073
1.70117
1.6917
1.68095
1.67164
1.66569
1.66329
1.66344
1.66516
1.6681
1.67235
1.67826
1.6861
1.69609
1.70817
1.72181
1.73571
1.74813
1.75767
1.76351
1.76498
1.76074
1.74902
1.72905
1.70236
1.673
1.64642
1.62761
1.61963
1.62302
1.63586
1.65421
1.67328
1.68901
1.69923
1.70378
1.7042
1.703
1.70311
1.70751
1.71844
1.73637
1.7592
1.78278
1.8024
1.81448
1.81746
1.81194
1.80019
1.78525
1.76972
1.75483
1.74022
1.72456
1.70656
1.68588
1.66348
1.64167
1.62362
1.61255
1.6106
1.61823
1.63422
1.65619
1.68135
1.70715
1.73153
1.75299
1.77061
1.78398
1.79349
1.80042
1.80632
1.81179
1.81552
1.81514
1.80873
1.79595
1.77789
1.75635
1.73332
1.71059
1.69011
1.67412
1.66487
1.66424
1.6735
1.69312
1.72218
1.75788
1.79571
1.8306
1.85787
1.87388
1.87623
1.86407
1.83844
1.80265
1.76188
1.72213
1.68835
1.66268
1.64405
1.62903
1.61369
1.59566
1.57566
1.55798
1.54925
1.55553
1.57915
1.61737
1.66391
1.71188
1.75586
1.79248
1.82014
1.83842
1.84785
1.84977
1.84619
1.83971
1.83279
1.82695
1.82206
1.81634
1.8074
1.79356
1.77466
1.7521
1.72823
1.70591
1.68804
1.67713
1.67479
1.68096
1.69369
1.70952
1.72464
1.73596
1.74179
1.74197
1.73766
1.73129
1.72617
1.72611
1.73454
1.75328
1.78178
1.81712
1.85487
1.89047
1.92016
1.94149
1.95329
1.95551
1.94887
1.93469
1.91492
1.89187
1.86756
1.84307
1.81859
1.79425
1.7709
1.75017
1.7339
1.7226
1.71461
1.70642
1.69426
1.67566
1.65015
1.61935
1.58648
1.55627
1.53566
1.53407
1.55946
1.611
1.67649
1.73921
1.78651
1.81262
1.81711
1.80284
1.7752
1.74163
1.71026
1.68713
1.67378
1.66724
1.66234
1.65436
1.64088
1.6225
1.60235
1.58463
1.5731
1.5697
1.57427
1.58511
1.60021
1.61843
1.64023
1.66731
1.70127
1.7418
1.78603
1.82944
1.8677
1.89805
1.9195
1.93224
1.93688
1.93424
1.92514
1.91059
1.89169
1.86952
1.84511
1.81968
1.79482
1.77235
1.75379
1.74026
1.73263
1.73139
1.73622
1.74538
1.75623
1.76634
1.77448
1.78075
1.78607
1.79153
1.79791
1.80541
1.81345
1.82065
1.82509
1.82489
1.81884
1.80691
1.79054
1.77242
1.75584
1.74331
1.73532
1.72984
1.72341
1.71307
1.69769
1.67811
1.65687
1.63807
1.62664
1.6266
1.63912
1.66186
1.69031
1.71971
1.74626
1.76749
1.78203
1.7895
1.79041
1.78619
1.77905
1.77161
1.76633
1.76505
1.7685
1.77605
1.78565
1.79409
1.79792
1.79451
1.783
1.76439
1.74122
1.71671
1.69414
1.67625
1.66483
1.66055
1.663
1.67092
1.68235
1.69475
1.70531
1.71184
1.71377
1.71262
1.71147
1.71307
1.71797
1.72431
1.72968
1.73316
1.73587
1.73987
1.74634
1.75439
1.76138
1.76431
1.76127
1.75185
1.73674
1.71727
1.69542
1.67398
1.65575
1.64283
1.63672
1.63862
1.64881
1.66519
1.68347
1.69931
1.71045
1.71728
1.72166
1.72531
1.72889
1.73219
1.73485
1.73685
1.73834
1.73903
1.73809
1.7346
1.72831
1.72019
1.712
1.70532
1.70064
1.69708
1.6928
1.68577
1.67479
1.65996
1.64261
1.62465
1.60807
1.59493
1.58723
1.58656
1.59384
1.60909
1.6315
1.65969
1.69187
1.72612
1.76049
1.79293
1.82125
1.84324
1.85688
1.86062
1.85364
1.8361
1.80949
1.77686
1.74254
1.71107
1.68561
1.667
1.65412
1.64516
1.63899
1.63564
1.63612
1.64156
1.65235
1.66771
1.68591
1.70473
1.72204
1.73614
1.74576
1.74978
1.74713
1.73698
1.71959
1.69685
1.67234
1.65037
1.63422
1.62461
1.61959
1.61609
1.61242
1.61031
1.61456
1.62937
1.65419
1.68389
1.71251
1.73589
1.7517
1.75905
1.7582
1.75042
1.73754
1.72124
1.70267
1.6828
1.66291
1.6447
1.62966
1.61846
1.61102
1.60704
1.60651
1.60949
1.6159
1.62575
1.63973
1.65892
1.68294
1.70827
1.72942
1.74201
1.74463
1.73866
1.72755
1.71575
1.70661
1.70084
1.69716
1.69427
1.69225
1.69201
1.69427
1.69878
1.70448
1.71016
1.71497
1.71854
1.7208
1.72199
1.72265
1.72358
1.72536
1.72793
1.73049
1.73203
1.73173
1.72903
1.72364
1.7155
1.70499
1.69324
1.68194
1.67264
1.66581
1.66034
1.65394
1.64449
1.63171
1.61824
1.60902
1.60829
1.61686
1.63205
1.65007
1.66763
1.6824
1.69276
1.69801
1.69873
1.69656
1.69345
1.69057
1.68773
1.68362
1.67683
1.66714
1.65638
1.64789
1.64427
1.64535
1.64856
1.65118
1.65183
1.6508
1.64922
1.64767
1.64515
1.63974
1.63045
1.6181
1.60475
1.5925
1.58287
1.57663
1.57414
1.57566
1.58135
1.59125
1.60515
1.6225
1.6422
1.66265
1.68212
1.69923
1.71298
1.72244
1.72684
1.72618
1.72234
1.71939
1.72158
1.73003
1.74183
1.75315
1.76239
1.77033
1.778
1.78499
1.78973
1.79119
1.78975
1.78689
1.78383
1.78024
1.77422
1.76339
1.74637
1.72312
1.69445
1.66124
1.62401
1.58315
1.53977
1.49656
1.45864
1.43351
1.42849
1.44605
1.48139
1.52542
1.57013
1.6113
1.64809
1.68102
1.71018
1.73446
1.75179
1.76002
1.75765
1.74457
1.72245
1.69479
1.66665
1.64351
1.62963
1.62651
1.63242
1.64342
1.655
1.6635
1.66688
1.6648
1.65844
1.64983
1.64108
1.63372
1.62848
1.62598
1.62729
1.63376
1.64605
1.66322
1.68295
1.70229
1.71858
1.73007
1.73633
1.7379
1.73552
1.72963
1.72056
1.70893
1.6959
1.68305
1.67195
1.66368
1.65836
1.65545
1.65431
1.65464
1.65616
1.65813
1.65938
1.65891
1.65677
1.65451
1.65474
1.66006
1.67187
1.68999
1.71302
1.73904
1.76619
1.79292
1.81824
1.84137
1.86159
1.87801
1.88946
1.89445
1.89116
1.87764
1.85261
1.81658
1.77283
1.7275
1.68814
1.66079
1.6474
1.6454
1.6494
1.65341
1.6525
1.64415
1.62965
1.6145
1.60621
1.60964
1.62344
1.6416
1.65826
1.67125
1.68224
1.69448
1.71008
1.72887
1.74936
1.7704
1.7915
1.81191
1.82991
1.84346
1.85138
1.85368
1.85099
1.84375
1.83184
1.8151
1.794
1.77005
1.74532
1.72171
1.70044
1.68226
1.66775
1.6574
1.6513
1.64886
1.64883
1.64965
1.65038
1.65128
1.65397
1.66067
1.67284
1.69025
1.71109
1.73284
1.7531
1.76999
1.78224
1.78926
1.7914
1.79035
1.7893
1.79195
1.80062
1.81447
1.82962
1.84103
1.84476
1.83936
1.82603
1.80781
1.78804
1.76899
1.75142
1.73522
1.72097
1.71062
1.70666
1.71028
1.72007
1.73206
1.74121
1.74317
1.7358
1.7196
1.69756
1.67413
1.65384
1.6401
1.63461
1.63744
1.64735
1.66221
1.67981
1.6984
1.71705
1.73536
1.75304
1.76938
1.78293
1.79159
1.79321
1.78643
1.77138
1.74982
1.72477
1.70035
1.6818
1.67473
1.68271
1.70426
1.73303
1.76124
1.78305
1.79565
1.79867
1.7931
1.78059
1.76348
1.74506
1.72938
1.72003
1.71821
1.72136
1.72394
1.71993
1.7059
1.68313
1.65744
1.63658
1.62653
1.62888
1.64099
1.658
1.67507
1.68876
1.69751
1.70129
1.70097
1.69789
1.69361
1.68982
1.68798
1.68888
1.69249
1.69833
1.70609
1.71566
1.72621
1.7354
1.74014
1.73818
1.72934
1.71579
1.70139
1.69046
1.68642
1.69104
1.70407
1.7234
1.74572
1.76768
1.78735
1.80492
1.82212
1.84034
1.85865
1.87365
1.8813
1.87945
1.86912
1.85419
1.83915
1.82658
1.81645
1.80715
1.79576
1.77838
1.75215
1.71759
1.67918
1.6443
1.62091
1.61439
1.62508
1.64807
1.6759
1.7016
1.7203
1.72914
1.7271
1.71518
1.69648
1.67568
1.65743
1.64474
1.63795
1.63518
1.63388
1.63255
1.63165
1.63332
1.64034
1.65446
1.6748
1.69762
1.71782
1.73104
1.7351
1.7302
1.71837
1.70272
1.68668
1.6729
1.66231
1.65346
1.64269
1.62587
1.60114
1.57081
1.54043
1.51575
1.50024
1.49534
1.50141
1.51772
1.54202
1.57079
1.60062
1.62929
1.65628
1.68199
1.70612
1.72663
1.74032
1.7444
1.73769
1.72107
1.69727
1.67028
1.64468
1.62478
1.61382
1.61314
1.62174
1.63669
1.65426
1.67141
1.68686
1.70161
1.71763
1.73509
1.75129
1.76252
1.76649
1.76288
1.75263
1.73694
1.71719
1.69523
1.67401
1.65763
1.65049
1.65542
1.67238
1.69824
1.72789
1.75569
1.77705
1.78984
1.7949
1.79538
1.79506
1.79659
1.80021
1.80355
1.80274
1.79473
1.77926
1.75994
1.74371
1.73834
1.74855
1.77345
1.80697
1.8408
1.86754
1.88243
1.88354
1.87123
1.84773
1.81684
1.78333
1.75201
1.72656
1.70873
1.69837
1.69409
1.69431
1.69801
1.70498
1.71548
1.72976
1.74751
1.7676
1.78813
1.80669
1.82076
1.82776
1.82542
1.81246
1.78948
1.75986
1.72967
1.70618
1.69518
1.6987
1.71414
1.73573
1.75701
1.77289
1.78066
1.77981
1.77143
1.75759
1.74098
1.72461
1.7114
1.70327
1.70024
1.70049
1.70136
1.70088
1.69881
1.69632
1.69502
1.69573
1.69811
1.70107
1.70348
1.70492
1.70598
1.70814
1.71307
1.72164
1.73359
1.74753
1.76136
1.77265
1.77893
1.77836
1.77021
1.75514
1.73482
1.71134
1.68669
1.6625
1.63982
1.61916
1.60063
1.58434
1.57069
1.5604
1.55445
1.554
1.56029
1.57423
1.5957
1.62317
1.65371
1.68353
1.70855
1.7251
1.73085
1.72552
1.71132
1.69287
1.67608
1.66611
1.66489
1.67053
1.67897
1.68643
1.69074
1.69164
1.69044
1.68925
1.68995
1.69327
1.69842
1.70379
1.70807
1.71111
1.71395
1.71821
1.7251
1.73453
1.74459
1.75187
1.75302
1.74832
1.74535
1.75527
1.78025
1.80857
1.82569
1.82444
1.8056
1.7748
1.7399
1.70822
1.6839
1.66744
1.65729
1.65189
1.6502
1.65163
1.65608
1.66389
1.67553
1.69101
1.70934
1.72855
1.74613
1.75962
1.76689
1.76672
1.75917
1.74576
1.72919
1.71268
1.69925
1.69102
1.68882
1.6922
1.6997
1.70904
1.71733
1.72131
1.71812
1.70614
1.68589
1.66043
1.6348
1.61437
1.60278
1.60095
1.60771
1.62102
1.63866
1.65826
1.67752
1.69455
1.70797
1.7168
1.72038
1.71844
1.71125
1.69979
1.68557
1.67036
1.65565
1.64226
1.63014
1.61858
1.60674
1.59408
1.58091
1.56878
1.56071
1.56056
1.57103
1.59154
1.61826
1.64629
1.67161
1.6915
1.70421
1.70887
1.70576
1.69663
1.68479
1.67442
1.66932
1.67143
1.67997
1.69184
1.70302
1.71004
1.71083
1.70488
1.69331
1.67875
1.6644
1.65283
1.64538
1.64252
1.64418
1.64984
1.65854
1.66908
1.6804
1.69182
1.70294
1.71341
1.72272
1.73036
1.73581
1.73843
1.73724
1.73118
1.71978
1.70401
1.68653
1.67101
1.66115
1.65951
1.6668
1.6818
1.7018
1.72365
1.74423
1.76054
1.76975
1.76977
1.76035
1.74405
1.72611
1.71292
1.70939
1.71681
1.73281
1.75315
1.77394
1.79263
1.80785
1.81834
1.82209
1.81634
1.79867
1.76853
1.728
1.68154
1.6348
1.59316
1.56043
1.53826
1.52613
1.52187
1.52249
1.52503
1.5275
1.52919
1.53074
1.53369
1.53992
1.55114
1.56845
1.59212
1.62141
1.65463
1.68981
1.72519
1.75939
1.79085
1.81755
1.83737
1.84887
1.8521
1.84857
1.84042
1.82951
1.81678
1.8024
1.78634
1.76885
1.75079
1.73344
1.71797
1.70483
1.69354
1.68327
1.67355
1.66455
1.65651
1.64943
1.644
1.64224
1.64602
1.6545
1.6643
1.67271
1.67986
1.6882
1.70018
1.71624
1.7344
1.75109
1.76266
1.76652
1.76201
1.751
1.73791
1.7284
1.72633
1.7313
1.73934
1.746
1.74858
1.74635
1.73947
1.72809
1.71211
1.69157
1.66712
1.64042
1.61415
1.59146
1.57507
1.56623
1.56432
1.56747
1.57378
1.58208
1.59197
1.60313
1.61474
1.62544
1.63377
1.63862
1.63971
1.63792
1.63505
1.63337
1.63499
1.64149
1.65346
1.66995
1.68855
1.70651
1.72224
1.73597
1.74908
1.76273
1.77696
1.79076
1.80279
1.81208
1.81818
1.82112
1.82113
1.81839
1.81289
1.80412
1.79104
1.77267
1.7494
1.72462
1.70496
1.69778
1.70671
1.72922
1.75849
1.7872
1.81029
1.8258
1.83447
1.83864
1.84059
1.84084
1.83744
1.82698
1.80688
1.77755
1.74244
1.70633
1.67395
1.65005
1.63913
1.64311
1.65996
1.68554
1.71638
1.75047
1.78618
1.82111
1.85166
1.87372
1.884
1.88125
1.86702
1.84547
1.82184
1.79992
1.78021
1.76096
1.74087
1.72095
1.70419
1.6935
1.69001
1.69243
1.69758
1.7012
1.69893
1.68723
1.66498
1.63508
1.60518
1.5858
1.58484
1.60308
1.63475
1.6721
1.70882
1.74086
1.76621
1.78421
1.79519
1.79988
1.79908
1.79369
1.78491
1.77452
1.76477
1.75816
1.75673
1.76139
1.77134
1.78414
1.79662
1.80628
1.81232
1.81608
1.82005
1.82605
1.83383
1.84104
1.84513
1.84477
1.84031
1.83325
1.82544
1.81826
1.81224
1.80695
1.80139
1.79443
1.78523
1.77341
1.75902
1.74248
1.72429
1.70482
1.68405
1.66162
1.6372
1.61092
1.58365
1.55697
1.53283
1.51363
1.5021
1.50107
1.51241
1.53624
1.57079
1.61306
1.65966
1.70739
1.75337
1.79479
1.8287
1.85203
1.8621
1.85761
1.8395
1.81154
1.78
1.75192
1.7326
1.72384
1.72408
1.73008
1.73855
1.74733
1.75582
1.76498
1.7766
1.79229
1.81231
1.83499
1.85718
1.87523
1.88598
1.88753
1.87944
1.86274
1.8394
1.81182
1.78229
1.75281
1.72521
1.70134
1.68282
1.67119
1.66827
1.67545
1.69153
1.71234
1.73379
1.7546
1.77565
1.79743
1.8183
1.8348
1.84302
1.83969
1.82271
1.79169
1.74875
1.69913
1.65064
1.61144
1.58701
1.57851
1.58304
1.59549
1.61051
1.62395
1.63348
1.63847
1.63957
1.63829
1.63641
1.63581
1.63816
1.64472
1.65614
1.67236
1.69246
1.71486
1.73771
1.75941
1.77872
1.79459
1.80601
1.81239
1.81402
1.8123
1.80918
1.80594
1.80168
1.79325
1.77731
1.7531
1.72366
1.69444
1.67081
1.65598
1.65039
1.65233
1.65916
1.66821
1.67739
1.68567
1.69321
1.70098
1.71025
1.72238
1.73845
1.75867
1.7816
1.80381
1.8209
1.8293
1.82784
1.81807
1.80325
1.78627
1.7684
1.74926
1.72835
1.70637
1.6851
1.66649
1.65199
1.64289
1.64124
1.64936
1.66799
1.69463
1.72457
1.75326
1.77739
1.79484
1.80439
1.80595
1.80082
1.79165
1.78181
1.77453
1.77189
1.77443
1.78127
1.79048
1.79958
1.80593
1.80703
1.80078
1.78611
1.76334
1.73442
1.70219
1.66928
1.6376
1.60897
1.58587
1.57153
1.56906
1.58019
1.60442
1.63881
1.67864
1.71865
1.75418
1.78211
1.80121
1.8119
1.81561
1.81392
1.80788
1.79773
1.7831
1.76334
1.73818
1.70832
1.6757
1.64353
1.61582
1.59661
1.58886
1.59322
1.60755
1.62782
1.64973
1.67014
1.68715
1.69964
1.70668
1.70757
1.7019
1.68968
1.67137
1.64787
1.62055
1.59142
1.56307
1.53828
1.51963
1.5092
1.50866
1.51954
1.54274
1.57739
1.62009
1.66568
1.70865
1.74435
1.76934
1.78152
1.78002
1.76541
1.74021
1.70884
1.6768
1.64906
1.62858
1.61567
1.60866
1.60555
1.60505
1.60657
1.60949
1.61318
1.61751
1.62296
1.63035
1.64031
1.65273
1.6664
1.6785
1.68522
1.68396
1.67583
1.66624
1.66218
1.66776
1.68164
1.69873
1.71434
1.72649
1.73535
1.74201
1.74742
1.75166
1.75385
1.75265
1.74719
1.73772
1.72561
1.71296
1.70184
1.6937
1.68899
1.68724
1.68737
1.68803
1.68817
1.68756
1.68724
1.68952
1.69714
1.7118
1.73339
1.76019
1.78957
1.81855
1.844
1.863
1.87341
1.87452
1.86713
1.85308
1.83442
1.81273
1.78889
1.76326
1.73631
1.70914
1.68358
1.66219
1.64809
1.64486
1.65542
1.67969
1.71322
1.74868
1.77912
1.80047
1.81213
1.81613
1.81521
1.81103
1.80371
1.793
1.77959
1.76563
1.75412
1.74753
1.74645
1.74934
1.75376
1.75817
1.76297
1.77021
1.78176
1.79752
1.81514
1.83147
1.84414
1.85215
1.85564
1.8552
1.85124
1.84376
1.83242
1.81677
1.79639
1.77111
1.74131
1.7083
1.67447
1.64306
1.61747
1.60029
1.59267
1.59407
1.60231
1.61398
1.62544
1.63438
1.64071
1.64661
1.6553
1.66947
1.68999
1.71585
1.74465
1.77341
1.79939
1.82085
1.8376
1.85053
1.86027
1.86575
1.86412
1.85267
1.8311
1.80267
1.77315
1.7487
1.73322
1.72705
1.72771
1.73195
1.73714
1.74161
1.74431
1.74451
1.74167
1.73567
1.72696
1.71649
1.70537
1.69435
1.68366
1.67314
1.66281
1.65357
1.64738
1.64661
1.65273
1.66532
1.68229
1.70132
1.721
1.74071
1.75894
1.77247
1.77752
1.77182
1.75605
1.73383
1.71087
1.69328
1.68565
1.68974
1.70425
1.72576
1.75015
1.7739
1.79449
1.81015
1.81935
1.82047
1.81237
1.79506
1.77065
1.7434
1.71885
1.70154
1.6934
1.69386
1.70153
1.71505
1.73343
1.75592
1.78175
1.80933
1.83523
1.85455
1.86251
1.85647
1.8371
1.80856
1.77769
1.75153
1.73446
1.72698
1.72699
1.7316
1.73809
1.74412
1.74797
1.7489
1.74724
1.74404
1.7408
1.73877
1.73857
1.73996
1.7419
1.74285
1.74106
1.73499
1.72376
1.70792
1.69014
1.67492
1.66676
1.66762
1.6762
1.68956
1.70496
1.7206
1.73548
1.74935
1.76234
1.77465
1.78647
1.79764
1.80735
1.81429
1.81783
1.81911
1.82055
1.8235
1.82644
1.82618
1.82057
1.80995
1.79655
1.78271
1.76953
1.75709
1.74522
1.73433
1.72569
1.72085
1.72085
1.7251
1.73089
1.73399
1.73047
1.71895
1.70207
1.6862
1.67851
1.68255
1.69579
1.71192
1.72545
1.73425
1.73898
1.7411
1.7414
1.73959
1.73467
1.7257
1.71221
1.6946
1.67458
1.65578
1.64365
1.64308
1.65464
1.6737
1.69389
1.711
1.72402
1.73372
1.74094
1.74599
1.74852
1.74787
1.74342
1.73486
1.72232
1.70655
1.6889
1.67112
1.65505
1.64197
1.63239
1.62623
1.62335
1.62391
1.62846
1.63768
1.65185
1.67053
1.69217
1.71443
1.73474
1.75077
1.76105
1.76537
1.76473
1.76107
1.75646
1.75249
1.74961
1.74669
1.74139
1.7319
1.71887
1.70589
1.69764
1.69674
1.70194
1.70897
1.71308
1.71134
1.7035
1.69171
1.6796
1.67135
1.67083
1.68085
1.70249
1.73455
1.77366
1.81506
1.85373
1.8856
1.908
1.91965
1.92027
1.91024
1.89045
1.86255
1.82968
1.797
1.77125
1.75829
1.75967
1.77129
1.78581
1.79684
1.80128
1.79946
1.79395
1.78847
1.78673
1.79139
1.80283
1.81869
1.83468
1.84637
1.85096
1.84789
1.83867
1.82615
1.81359
1.80381
1.79827
1.79653
1.7963
1.79428
1.78719
1.77269
1.74994
1.71965
1.68404
1.64667
1.61198
1.58444
1.56753
1.56308
1.57102
1.58974
1.61674
1.64924
1.68427
1.71883
1.75027
1.77699
1.79869
1.8161
1.83009
1.84106
1.8486
1.85179
1.84981
1.84235
1.82997
1.81389
1.79562
1.77649
1.7574
1.7388
1.72088
1.70376
1.68754
1.67252
1.65908
1.64754
1.63776
1.6289
1.61935
1.6072
1.59096
1.57047
1.54765
1.52622
1.51029
1.50279
1.50481
1.51627
1.53647
1.5638
1.59536
1.62754
1.65714
1.68245
1.70355
1.72192
1.73929
1.7566
1.77347
1.78846
1.79963
1.80524
1.80427
1.79665
1.78318
1.76518
1.74408
1.72112
1.69751
1.67438
1.65267
1.63279
1.61462
1.59821
1.5843
1.57438
1.57023
1.57327
1.5843
1.60303
1.62787
1.65576
1.68292
1.70597
1.72289
1.73284
1.73577
1.73211
1.72327
1.71237
1.70366
1.7008
1.70501
1.71484
1.72755
1.74052
1.75205
1.76113
1.76708
1.76923
1.76686
1.75939
1.74664
1.72904
1.7076
1.68406
1.66125
1.64327
1.63468
1.63865
1.65511
1.68025
1.70781
1.73133
1.74619
1.75054
1.74519
1.73271
1.71613
1.69763
1.67782
1.65601
1.63044
1.59872
1.55872
1.51083
1.46114
1.42212
1.40671
1.41885
1.45071
1.48967
1.52581
1.55402
1.57289
1.58338
1.588
1.59004
1.59281
1.59902
1.61055
1.62852
1.65301
1.68299
1.71625
1.7498
1.78067
1.80627
1.82464
1.83443
1.83477
1.82525
1.80608
1.77854
1.74498
1.70855
1.67259
1.63994
1.61276
1.59251
1.57991
1.57461
1.57539
1.58075
1.58974
1.60214
1.61817
1.63791
1.66082
1.68565
1.71037
1.73284
1.75146
1.76562
1.77551
1.78167
1.78477
1.78534
1.78346
1.77871
1.77015
1.75678
1.738
1.71424
1.68711
1.65913
1.6336
1.6146
1.60622
1.61084
1.62754
1.65244
1.68061
1.70808
1.7327
1.75427
1.77409
1.79372
1.81344
1.83183
1.8468
1.85652
1.85958
1.85492
1.84245
1.82355
1.80094
1.77756
1.75564
1.73625
1.71957
1.70524
1.69288
1.68243
1.67404
1.66765
1.66267
1.65778
1.65122
1.64126
1.6269
1.60866
1.58906
1.57197
1.56081
1.55672
1.5584
1.56397
1.57244
1.58384
1.59899
1.61937
1.6461
1.67779
1.70973
1.73615
1.75336
1.76059
1.75875
1.74854
1.72979
1.70255
1.66841
1.63131
1.59725
1.57302
1.56425
1.57319
1.59777
1.63255
1.67117
1.70837
1.74086
1.76703
1.78612
1.79765
1.80114
1.79617
1.78257
1.76044
1.73049
1.69522
1.66063
1.6353
1.62447
1.62584
1.63339
1.64313
1.654
1.666
1.67885
1.69181
1.70391
1.71432
1.72288
1.73049
1.73914
1.75083
1.76599
1.78251
1.79624
1.80274
1.79907
1.78487
1.76213
1.7345
1.70616
1.68073
1.6603
1.64501
1.63352
1.62409
1.61554
1.60759
1.60053
1.59496
1.59192
1.59321
1.60121
1.61803
1.64424
1.67855
1.71809
1.75896
1.79652
1.82573
1.8418
1.84164
1.82543
1.79738
1.76455
1.73419
1.71145
1.69911
1.69812
1.70797
1.72648
1.75006
1.7743
1.79509
1.80957
1.81695
1.81858
1.81722
1.81593
1.81716
1.8226
1.83298
1.84787
1.86562
1.88386
1.90013
1.91222
1.91803
1.91555
1.90311
1.88015
1.8479
1.80956
1.76964
1.73245
1.70069
1.67504
1.65486
1.63937
1.62875
1.62442
1.62835
1.6415
1.66301
1.69023
1.7193
1.74545
1.76392
1.77141
1.76774
1.75622
1.74235
1.73097
1.72392
1.71989
1.71643
1.71229
1.70874
1.70921
1.71748
1.73517
1.76056
1.78971
1.81877
1.84547
1.86887
1.88832
1.90279
1.91094
1.91167
1.90474
1.89111
1.8731
1.8542
1.83863
1.83011
1.83022
1.83714
1.84653
1.85386
1.85617
1.85247
1.8433
1.82992
1.81359
1.79512
1.77465
1.7519
1.72674
1.69993
1.67351
1.65057
1.63444
1.62751
1.62997
1.6395
1.6521
1.66395
1.67334
1.6811
1.68921
1.69884
1.70972
1.72079
1.73094
1.73935
1.74564
1.75007
1.75339
1.75634
1.75915
1.76129
1.76158
1.75859
1.75137
1.74
1.72578
1.71117
1.6992
1.69283
1.69429
1.70452
1.72285
1.74705
1.77375
1.79914
1.81968
1.83266
1.8365
1.83095
1.81692
1.79621
1.77124
1.74489
1.7205
1.70178
1.69229
1.69436
1.70805
1.73076
1.75782
1.7837
1.80359
1.81469
1.81673
1.81158
1.80254
1.79336
1.7873
1.78624
1.79027
1.79772
1.80607
1.81289
1.81657
1.81654
1.81328
1.80828
1.80335
1.79924
1.79467
1.78741
1.77713
1.76644
1.75925
1.75828
1.76389
1.77499
1.79026
1.80847
1.82814
1.84725
1.86372
1.87616
1.88434
1.88883
1.89039
1.88934
1.88562
1.87877
1.86828
1.85397
1.83616
1.81561
1.79321
1.76967
1.74543
1.72086
1.69673
1.67474
1.65814
1.65104
1.65618
1.67253
1.69511
1.71732
1.73378
1.74174
1.74109
1.73375
1.72306
1.71311
1.70776
1.70952
1.71873
1.73344
1.75027
1.76565
1.77694
1.78291
1.78383
1.78121
1.77769
1.77722
1.7846
1.80333
1.83256
1.8663
1.89649
1.91704
1.92504
1.92033
1.90453
1.88078
1.85319
1.82546
1.79964
1.77595
1.75426
1.73644
1.72686
1.72993
1.74542
1.76702
1.78594
1.79536
1.79201
1.77549
1.74728
1.71072
1.67171
1.63858
1.61922
1.61662
1.62702
1.64277
1.65667
1.66454
1.66571
1.6623
1.65796
1.6564
1.65996
1.66897
1.68183
1.69588
1.70812
1.71564
1.71631
1.70932
1.6957
1.67819
1.66047
1.64612
1.6379
1.63746
1.64499
1.65925
1.67814
1.6996
1.72193
1.7436
1.76303
1.77859
1.78885
1.79303
1.79138
1.785
1.77519
1.7627
1.74765
1.73008
1.71072
1.6911
1.67336
1.65984
1.65301
1.65489
1.6662
1.68542
1.70879
1.73137
1.74878
1.75858
1.76041
1.75547
1.74542
1.73175
1.71562
1.69791
1.67967
1.66239
1.64801
1.63858
1.63592
1.64166
1.6574
1.68353
1.71739
1.75321
1.78455
1.80715
1.81994
1.82438
1.8234
1.82016
1.81717
1.8156
1.81513
1.81436
1.81144
1.80487
1.79379
1.77794
1.75753
1.73333
1.70703
1.68138
1.65957
1.64417
1.63599
1.63403
1.6362
1.64039
1.645
1.64931
1.65358
1.65907
1.66748
1.67998
1.69624
1.71476
1.7342
1.75444
1.77622
1.79974
1.82371
1.84563
1.86288
1.8735
1.87651
1.8718
1.86011
1.84281
1.8219
1.80002
1.78026
1.76538
1.75646
1.75215
1.74955
1.74581
1.73902
1.72828
1.71327
1.69406
1.67104
1.64514
1.61806
1.59243
1.57115
1.55663
1.55039
1.55301
1.56367
1.58007
1.59903
1.61753
1.63356
1.64612
1.65484
1.65967
1.66066
1.65821
1.65305
1.64637
1.63963
1.63421
1.63108
1.63052
1.63194
1.63404
1.63522
1.63418
1.63055
1.62551
1.62227
1.62514
1.63707
1.65711
1.68107
1.70461
1.72517
1.74155
1.75279
1.75751
1.75402
1.74088
1.71774
1.68613
1.64974
1.61393
1.58427
1.56547
1.56032
1.56901
1.5888
1.61507
1.64281
1.66775
1.68681
1.69807
1.70062
1.69448
1.6808
1.66195
1.64172
1.62493
1.61605
1.61746
1.62847
1.64616
1.66689
1.68762
1.70633
1.72174
1.73289
1.7388
1.73871
1.73287
1.72327
1.71358
1.70736
1.70588
1.70715
1.70758
1.70456
1.69816
1.69097
1.6869
1.68928
1.69945
1.71633
1.73707
1.75844
1.77813
1.79512
1.80921
1.82016
1.82727
1.82936
1.82552
1.81599
1.80225
1.78648
1.77054
1.755
1.73897
1.72082
1.69941
1.67518
1.65031
1.62811
1.61189
1.60376
1.604
1.6117
1.62591
1.64633
1.67291
1.70498
1.74064
1.77688
1.81025
1.83755
1.85647
1.86591
1.86599
1.85803
1.84427
1.82741
1.80983
1.79286
1.77643
1.75987
1.74318
1.72756
1.71506
1.70732
1.70483
1.70688
1.71226
1.71998
1.72926
1.7389
1.74682
1.75009
1.74574
1.73209
1.71028
1.68516
1.66402
1.65295
1.65404
1.6659
1.68557
1.70956
1.73431
1.75687
1.77561
1.79013
1.80083
1.80803
1.81135
1.80984
1.803
1.79137
1.77634
1.75987
1.74475
1.73437
1.73125
1.73565
1.7462
1.76137
1.78035
1.80221
1.82489
1.84498
1.85884
1.86391
1.85959
1.84736
1.83042
1.81268
1.79762
1.78707
1.78076
1.77675
1.77242
1.76523
1.75309
1.73457
1.70892
1.67654
1.63977
1.60402
1.57766
1.56932
1.58342
1.61757
1.66435
1.71466
1.76022
1.79504
1.81612
1.82359
1.82
1.80916
1.79455
1.77834
1.76173
1.74605
1.73361
1.72749
1.72991
1.74034
1.75489
1.76768
1.77366
1.7711
1.76216
1.75109
1.74146
1.73448
1.72941
1.72482
1.71936
1.71226
1.70423
1.69791
1.6964
1.7012
1.71146
1.72515
1.74038
1.75603
1.77146
1.78568
1.79693
1.80328
1.80374
1.79874
1.7896
1.77758
1.76305
1.74561
1.72457
1.69931
1.66943
1.63522
1.59803
1.56087
1.52853
1.50674
1.50015
1.51019
1.53445
1.56784
1.60437
1.63853
1.66603
1.68422
1.69217
1.69091
1.68315
1.67282
1.6642
1.66074
1.66438
1.67553
1.69325
1.71558
1.73964
1.76196
1.77911
1.78842
1.78867
1.78031
1.76556
1.74815
1.73238
1.72177
1.71789
1.72067
1.72975
1.74513
1.76683
1.794
1.82435
1.8546
1.88126
1.90174
1.91479
1.92035
1.91913
1.91188
1.89909
1.88104
1.85848
1.83336
1.80926
1.791
1.78297
1.78693
1.80085
1.81974
1.83815
1.85212
1.8596
1.85981
1.85267
1.83895
1.82038
1.79981
1.78075
1.76628
1.75739
1.75229
1.74782
1.74169
1.73373
1.72576
1.72016
1.71857
1.72099
1.7258
1.73078
1.7339
1.73397
1.73083
1.72522
1.71866
1.71316
1.71087
1.71349
1.7216
1.73449
1.75047
1.76739
1.78298
1.79477
1.80033
1.79761
1.7857
1.76555
1.74029
1.71465
1.69361
1.68082
1.67757
1.6829
1.69435
1.70872
1.72311
1.73552
1.74495
1.75119
1.75452
1.75542
1.75453
1.75251
1.74994
1.74719
1.74418
1.7404
1.73485
1.7264
1.71404
1.6974
1.6771
1.65498
1.63385
1.61672
1.60561
1.60094
1.60139
1.6049
1.60961
1.61432
1.61843
1.62193
1.62527
1.62935
1.63531
1.64398
1.65551
1.66952
1.68543
1.70243
1.71937
1.73473
1.74692
1.75467
1.75769
1.75709
1.75543
1.75584
1.76029
1.76847
1.77852
1.78896
1.79948
1.81039
1.82135
1.83091
1.83685
1.83699
1.82995
1.81563
1.79545
1.77222
1.7496
1.7312
1.71961
1.71562
1.71787
1.72298
1.72645
1.72419
1.71379
1.69559
1.67306
1.65205
1.63814
1.63337
1.63505
1.63825
1.63967
1.63922
1.63872
1.6393
1.64028
1.63999
1.63709
1.63118
1.62289
1.61361
1.60511
1.59885
1.5953
1.59414
1.59534
1.5998
1.60841
1.62075
1.63444
1.6461
1.65309
1.65466
1.65228
1.64909
1.6486
1.65325
1.66337
1.67734
1.69248
1.70588
1.71494
1.71797
1.71469
1.70625
1.69457
1.68143
1.66796
1.65499
1.64326
1.63353
1.62671
1.62385
1.62577
1.6323
1.64185
1.65177
1.65962
1.66449
1.6679
1.67337
1.68435
1.70174
1.72316
1.74426
1.76063
1.76911
1.76846
1.75947
1.74423
1.72486
1.7023
1.67571
1.6431
1.60282
1.55534
1.50438
1.45671
1.41963
1.39794
1.39239
1.40039
1.41762
1.43944
1.46204
1.48348
1.50428
1.52663
1.55248
1.58169
1.61198
1.64017
1.66302
1.6775
1.68086
1.67135
1.64946
1.61973
1.59201
1.57932
1.59078
1.62499
1.67178
1.71977
1.76126
1.79256
1.81273
1.82299
1.82636
1.82701
1.82902
1.83475
1.84396
1.85435
1.86291
1.8669
1.86424
1.85394
1.8363
1.81347
1.78919
1.76773
1.75195
1.74196
1.7355
1.72961
1.72227
1.71315
1.70338
1.69472
1.68879
1.68647
1.68798
1.69303
1.70109
1.71148
1.72309
1.7345
1.74422
1.75128
1.75545
1.75716
1.75732
1.75697
1.75705
1.75817
1.76042
1.76322
1.76544
1.76579
1.76335
1.75806
1.75091
1.74373
1.73858
1.73716
1.74007
1.74657
1.75463
1.76169
1.76559
1.76498
1.75931
1.74862
1.73359
1.71554
1.69637
1.67833
1.66367
1.65408
1.65014
1.65112
1.65497
1.65858
1.65836
1.65126
1.63628
1.6159
1.59606
1.58364
1.58265
1.59246
1.60985
1.63203
1.65755
1.68541
1.71392
1.74069
1.76333
1.7802
1.79065
1.79462
1.79204
1.78258
1.76565
1.74077
1.70798
1.66862
1.62626
1.58734
1.55965
1.54837
1.55258
1.56669
1.58476
1.60321
1.6207
1.63695
1.65144
1.6627
1.66859
1.66734
1.65852
1.64325
1.62378
1.60264
1.58236
1.56552
1.55497
1.55333
1.56228
1.58189
1.61077
1.64671
1.68701
1.72809
1.76539
1.79422
1.81116
1.81508
1.80736
1.79157
1.77266
1.75587
1.74547
1.74361
1.74994
1.762
1.77633
1.78955
1.79894
1.80276
1.80046
1.79272
1.78125
1.76834
1.75631
1.74691
1.74112
1.73923
1.74125
1.74711
1.75665
1.76924
1.78338
1.79679
1.80685
1.81158
1.8108
1.80656
1.80218
1.79971
1.79763
1.79156
1.77754
1.75499
1.72753
1.70158
1.68377
1.67806
1.68412
1.69796
1.71421
1.7284
1.73817
1.74331
1.74504
1.74491
1.74363
1.74074
1.73485
1.72443
1.70837
1.68639
1.65913
1.62808
1.59552
1.56456
1.53892
1.52247
1.51784
1.52518
1.54209
1.56455
1.58824
1.60967
1.62683
1.63942
1.64876
1.65735
1.66815
1.68359
1.70482
1.73153
1.76229
1.79503
1.82749
1.85756
1.8835
1.90406
1.91853
1.92669
1.92842
1.92339
1.91107
1.89106
1.86394
1.83221
1.80045
1.77407
1.75677
1.74878
1.747
1.74721
1.74637
1.74378
1.74058
1.7386
1.73896
1.74148
1.74467
1.7463
1.74403
1.73601
1.72124
1.70025
1.67573
1.65246
1.63607
1.6305
1.6362
1.65036
1.66914
1.68985
1.7117
1.73491
1.75937
1.78411
1.80759
1.82819
1.84449
1.8553
1.85964
1.85682
1.84652
1.82902
1.80549
1.77818
1.75009
1.72428
1.7029
1.68679
1.67585
1.66939
1.66617
1.66428
1.66109
1.65372
1.63975
1.61828
1.5912
1.56397
1.54445
1.53948
1.55038
1.57176
1.59566
1.617
1.63495
1.65024
1.66249
1.67015
1.67185
1.66751
1.65832
1.64627
1.63356
1.62217
1.61346
1.60811
1.60636
1.60871
1.61632
1.63079
1.65285
1.68106
1.71192
1.74125
1.76591
1.78457
1.79729
1.80493
1.80887
1.81099
1.81325
1.81727
1.82353
1.83139
1.83923
1.84467
1.84508
1.83847
1.8239
1.80175
1.77348
1.74129
1.70807
1.67707
1.65148
1.63356
1.624
1.62192
1.62532
1.63169
1.63841
1.64298
1.64366
1.64026
1.6348
1.63111
1.63329
1.64329
1.6595
1.67743
1.69205
1.7004
1.70283
1.70222
1.70154
1.7017
1.70143
1.69845
1.69074
1.67733
1.6586
1.63662
1.61529
1.59937
1.59277
1.59678
1.60947
1.62683
1.64457
1.65957
1.67068
1.67853
1.68467
1.69043
1.69594
1.69997
1.70088
1.69764
1.69057
1.68095
1.6699
1.65745
1.64221
1.62223
1.59656
1.56658
1.53621
1.5109
1.49587
1.49465
1.50812
1.53423
1.56831
1.60445
1.63703
1.66201
1.67729
1.68272
1.67987
1.67158
1.66131
1.65187
1.64434
1.63824
1.63275
1.62771
1.62361
1.62075
1.61848
1.61551
1.61105
1.60591
1.60277
1.6051
1.61516
1.63254
1.65421
1.67602
1.69462
1.70863
1.71885
1.72738
1.73634
1.74672
1.75811
1.76898
1.77755
1.78237
1.78276
1.77876
1.7709
1.75984
1.74628
1.73069
1.71335
1.69432
1.67356
1.65144
1.62925
1.60956
1.59599
1.59221
1.60008
1.61819
1.64262
1.66869
1.69261
1.71211
1.72646
1.73627
1.74298
1.7481
1.75255
1.75626
1.75846
1.75821
1.75503
1.74915
1.74137
1.73269
1.72424
1.71743
1.71388
1.71496
1.72094
1.73045
1.74083
1.74901
1.75249
1.74998
1.74151
1.72827
1.71208
1.69467
1.67693
1.65876
1.63964
1.61992
1.60161
1.58801
1.58256
1.58744
1.60278
1.62643
1.6544
1.68196
1.70509
1.7215
1.73094
1.73458
1.73417
1.73147
1.72833
1.72705
1.73042
1.74067
1.7577
1.77835
1.79777
1.812
1.81958
1.82131
1.8189
1.81359
1.80568
1.79487
1.78141
1.76698
1.75468
1.74762
1.74689
1.75062
1.75523
1.75779
1.7577
1.7563
1.75535
1.75571
1.75757
1.76109
1.76604
1.771
1.7733
1.77034
1.7608
1.74501
1.72422
1.69943
1.67037
1.63584
1.59513
1.54973
1.50429
1.4661
1.44276
1.43839
1.45155
1.47685
1.50869
1.54347
1.57936
1.61546
1.65129
1.68646
1.72047
1.75232
1.78054
1.80358
1.82028
1.8302
1.83362
1.83135
1.82488
1.81677
1.81086
1.81121
1.81969
1.83439
1.85034
1.86168
1.86357
1.85324
1.8308
1.79959
1.76571
1.73602
1.71546
1.70567
1.70565
1.71304
1.72477
1.73758
1.74848
1.7554
1.75764
1.75588
1.7518
1.74721
1.74334
1.74042
1.73793
1.73526
1.73244
1.73041
1.73074
1.73491
1.74349
1.75562
1.76909
1.78093
1.78843
1.7897
1.78418
1.7728
1.75798
1.7431
1.73114
1.72288
1.7163
1.70814
1.69631
1.68105
1.66446
1.64921
1.63762
1.63125
1.63099
1.63689
1.64786
1.66181
1.67636
1.68988
1.70181
1.71221
1.72078
1.72622
1.72653
1.72026
1.70767
1.6914
1.6759
1.66583
1.6641
1.67036
1.68098
1.69053
1.69392
1.68808
1.67276
1.65026
1.62438
1.59864
1.57491
1.55318
1.53292
1.51472
1.5011
1.49588
1.50213
1.52004
1.54617
1.57461
1.59946
1.61701
1.62698
1.6321
1.63639
1.64314
1.65369
1.66736
1.68218
1.69598
1.70687
1.71317
1.71342
1.70678
1.69406
1.67833
1.66439
1.65692
1.65814
1.66673
1.67853
1.68852
1.69279
1.68992
1.68179
1.67333
1.671
1.67895
1.69593
1.71629
1.73399
1.7458
1.75215
1.75635
1.76301
1.77551
1.79403
1.81517
1.83383
1.84564
1.84849
1.84251
1.82955
1.81227
1.79338
1.77497
1.75825
1.74341
1.73028
1.71896
1.71035
1.70614
1.7082
1.71762
1.73389
1.75488
1.77759
1.79902
1.81679
1.82901
1.83428
1.8314
1.81934
1.79757
1.76642
1.72753
1.68405
1.64046
1.60192
1.57325
1.558
1.5577
1.5714
1.59609
1.62778
1.6627
1.69786
1.73086
1.75965
1.78277
1.7998
1.81138
1.81863
1.82198
1.82077
1.81343
1.79844
1.77507
1.74396
1.70753
1.67025
1.63867
1.62025
1.62064
1.64069
1.67599
1.71936
1.76385
1.80382
1.83492
1.85384
1.85841
1.84812
1.82449
1.7912
1.75343
1.71659
1.68481
1.66015
1.64287
1.63228
1.6274
1.62701
1.62963
1.63381
1.63856
1.64327
1.64765
1.65151
1.65486
1.65823
1.66276
1.66992
1.6809
1.69594
1.71397
1.73286
1.75003
1.76318
1.77078
1.77233
1.76806
1.7588
1.74549
1.72917
1.71123
1.69383
1.67963
1.67048
1.66586
1.66309
1.65933
1.6532
1.64476
1.63456
1.62305
1.61052
1.59729
1.58386
1.5712
1.56119
1.55642
1.55864
1.56705
1.57867
1.58993
1.59809
1.60128
1.59855
1.59016
1.57795
1.56478
1.55347
1.54686
1.54913
1.5653
1.59685
1.63809
1.67914
1.71179
1.73215
1.73985
1.73643
1.72414
1.70538
1.68266
1.6588
1.63713
1.62122
1.6141
1.61738
1.63064
1.65143
1.67586
1.69976
1.71968
1.73334
1.73942
1.73679
1.72429
1.70179
1.67222
1.6422
1.61897
1.60583
1.60136
1.60294
1.60955
1.62194
1.6407
1.66431
1.68877
1.7093
1.72245
1.72726
1.72492
1.71768
1.70739
1.69428
1.67698
1.65356
1.62337
1.58849
1.55416
1.52751
1.51469
1.51819
1.53612
1.56383
1.59637
1.63024
1.6637
1.696
1.72638
1.7535
1.77571
1.79148
1.79979
1.80009
1.79206
1.7753
1.74953
1.71511
1.67394
1.62987
1.58815
1.55374
1.52942
1.51524
1.50972
1.51132
1.51901
1.53177
1.54787
1.56499
1.58106
1.59508
1.6072
1.61777
1.6263
1.63128
1.63116
1.62595
1.61749
1.60897
1.60481
1.61114
1.63301
1.66854
1.70857
1.74392
1.77036
1.78755
1.79617
1.79674
1.79016
1.77902
1.76788
1.76157
1.76233
1.76838
1.77525
1.77833
1.77485
1.76416
1.74685
1.72373
1.69551
1.66361
1.63079
1.60113
1.57911
1.56798
1.56859
1.57922
1.59698
1.61978
1.6472
1.6793
1.71416
1.74705
1.77231
1.7859
1.78686
1.77711
1.76056
1.74206
1.72641
1.71733
1.7166
1.72352
1.73549
1.74908
1.76119
1.76966
1.7734
1.7725
1.76812
1.76202
1.75556
1.749
1.74154
1.73226
1.72161
1.71223
1.70831
1.71339
1.72795
1.74886
1.77107
1.78983
1.80218
1.80714
1.80517
1.79732
1.78459
1.76771
1.74761
1.72579
1.70404
1.68347
1.66414
1.64582
1.62907
1.61519
1.60531
1.59954
1.59718
1.59727
1.59931
1.60303
1.60762
1.61157
1.61391
1.61628
1.62317
1.63885
1.66321
1.69126
1.71697
1.73665
1.7494
1.75567
1.75606
1.75111
1.74181
1.72977
1.71709
1.70583
1.6977
1.69375
1.69404
1.69745
1.70182
1.70475
1.70452
1.70072
1.69439
1.68753
1.68214
1.67895
1.67665
1.67253
1.66411
1.65046
1.63273
1.61328
1.59467
1.57902
1.56793
1.56278
1.56512
1.57655
1.59794
1.62842
1.6652
1.70432
1.74162
1.77357
1.79747
1.8116
1.81538
1.80947
1.79577
1.77716
1.75706
1.73882
1.72501
1.71709
1.71512
1.71766
1.72189
1.72459
1.72383
1.7205
1.71807
1.72026
1.72809
1.73924
1.74989
1.75705
1.75947
1.75752
1.75273
1.74704
1.7422
1.73902
1.73732
1.73636
1.73556
1.73473
1.73349
1.73068
1.72466
1.71426
1.69937
1.6806
1.65872
1.63441
1.60874
1.58373
1.5626
1.54953
1.54837
1.56104
1.58617
1.61908
1.65306
1.68134
1.69874
1.70246
1.69233
1.67059
1.64143
1.61009
1.58183
1.56105
1.55097
1.55331
1.56781
1.5923
1.62313
1.65619
1.68767
1.71456
1.73461
1.74641
1.74956
1.74479
1.734
1.71982
1.70482
1.69079
1.67857
1.66853
1.66164
1.66062
1.66975
1.69235
1.72764
1.7705
1.81414
1.85254
1.88148
1.89865
1.90354
1.897
1.881
1.85818
1.83146
1.80382
1.778
1.75656
1.7417
1.73509
1.73741
1.74805
1.7649
1.78433
1.80211
1.81479
1.82102
1.82167
1.81897
1.81496
1.81049
1.80509
1.79758
1.78716
1.77466
1.7628
1.75496
1.75297
1.75593
1.7613
1.76677
1.77115
1.77439
1.77686
1.77887
1.78008
1.77911
1.77404
1.76309
1.74549
1.72213
1.69578
1.67069
1.65102
1.63869
1.63252
1.62897
1.62426
1.61608
1.60436
1.59111
1.5796
1.57334
1.57461
1.58326
1.59714
1.6137
1.6312
1.64859
1.66511
1.68007
1.6929
1.70307
1.71011
1.71406
1.71576
1.71667
1.71799
1.72018
1.7234
1.72825
1.7354
1.74482
1.7552
1.76407
1.76842
1.76574
1.75458
1.73494
1.70827
1.67743
1.64629
1.61896
1.59853
1.58622
1.58146
1.58286
1.5889
1.59802
1.60838
1.61801
1.62533
1.62972
1.63153
1.63139
1.62991
1.62788
1.62655
1.62755
1.63245
1.64189
1.6546
1.66733
1.67623
1.67876
1.67449
1.66447
1.65039
1.63451
1.61954
1.60807
1.60184
1.6015
1.60717
1.61896
1.63667
1.65913
1.68381
1.70742
1.72696
1.74035
1.74621
1.74345
1.7315
1.71141
1.68681
1.6636
1.64759
1.64208
1.64703
1.65982
1.67666
1.69413
1.71032
1.72484
1.7378
1.74878
1.7562
1.75756
1.75013
1.73184
1.70248
1.66479
1.62475
1.59074
1.57179
1.57496
1.60127
1.64381
1.69184
1.73649
1.77264
1.79809
1.81247
1.81669
1.81248
1.80198
1.7875
1.77135
1.75606
1.74416
1.73779
1.73797
1.74391
1.75301
1.76152
1.76582
1.76341
1.75357
1.73741
1.71773
1.69831
1.68299
1.67428
1.67288
1.67795
1.68775
1.70011
1.71292
1.72492
1.73601
1.74656
1.75632
1.76403
1.76843
1.76943
1.76822
1.76674
1.76694
1.77032
1.77731
1.787
1.79723
1.8052
1.80856
1.80624
1.79886
1.78829
1.77685
1.76638
1.75783
1.75136
1.74647
1.74207
1.73668
1.72921
1.71978
1.70983
1.70096
1.69359
1.68645
1.67777
1.66716
1.65653
1.64936
1.64888
1.6565
1.67113
1.68972
1.70828
1.72328
1.73267
1.73605
1.73415
1.72857
1.72188
1.71731
1.71747
1.72314
1.73269
1.74288
1.75011
1.75164
1.74618
1.73393
1.71632
1.69562
1.67478
1.65718
1.64588
1.64269
1.64746
1.65841
1.67314
1.6895
1.706
1.72179
1.73658
1.75044
1.76337
1.77462
1.78227
1.78387
1.77754
1.76293
1.74156
1.71673
1.69311
1.67545
1.66709
1.66887
1.67914
1.69481
1.71255
1.72953
1.74378
1.75417
1.76004
1.7608
1.75556
1.74383
1.72682
1.70839
1.69372
1.68561
1.68239
1.68018
1.67614
1.66957
1.66139
1.65309
1.6463
1.64264
1.64344
1.64932
1.65975
1.67331
1.68836
1.70343
1.71719
1.72806
1.73425
1.73429
1.72744
1.71395
1.69474
1.67148
1.64678
1.62422
1.60726
1.59747
1.59333
1.591
1.58698
1.58087
1.57567
1.57557
1.58302
1.5979
1.61839
1.64211
1.66647
1.68907
1.70833
1.72382
1.73582
1.74456
1.74975
1.75086
1.74773
1.74104
1.73174
1.72026
1.70679
1.69245
1.68027
1.67396
1.67562
1.68402
1.69532
1.70543
1.71215
1.71573
1.71795
1.72055
1.72452
1.72986
1.73549
1.73947
1.73964
1.73457
1.72403
1.70899
1.69122
1.67304
1.65699
1.64508
1.63813
1.63531
1.63447
1.63319
1.63002
1.62499
1.61955
1.61589
1.61613
1.62128
1.63065
1.64213
1.65348
1.66359
1.67267
1.68168
1.69124
1.7009
1.70922
1.71457
1.71627
1.71469
1.71011
1.70172
1.68844
1.67103
1.6529
1.63919
1.63469
1.64172
1.65905
1.68251
1.70675
1.72713
1.74105
1.74821
1.7503
1.75018
1.75053
1.75271
1.75639
1.76061
1.76491
1.76963
1.77537
1.78226
1.78969
1.79633
1.8005
1.80066
1.79568
1.78513
1.76933
1.74931
1.7266
1.7031
1.68107
1.66307
1.65152
1.64814
1.65333
1.66613
1.68464
1.70668
1.73024
1.75381
1.77658
1.79831
1.81907
1.83869
1.85638
1.8707
1.87979
1.88204
1.87677
1.86451
1.84681
1.82572
1.80348
1.7825
1.76536
1.75391
1.7482
1.74677
1.74792
1.75064
1.75419
1.75771
1.76044
1.76239
1.76432
1.76681
1.76944
1.77076
1.76939
1.7654
1.76072
1.75782
1.75821
1.76201
1.76874
1.77791
1.78908
1.80161
1.81433
1.82547
1.83289
1.83457
1.82913
1.81622
1.79686
1.77339
1.74919
1.72799
1.71278
1.70466
1.70226
1.70256
1.70246
1.70059
1.69824
1.6981
1.70176
1.70827
1.71549
1.72249
1.73022
1.74048
1.75442
1.77166
1.79046
1.80833
1.82275
1.83166
1.8337
1.82847
1.81661
1.80016
1.7827
1.76895
1.76295
1.7658
1.77484
1.78475
1.78973
1.7855
1.77063
1.74731
1.72082
1.69751
1.68181
1.67392
1.67037
1.66668
1.65938
1.64633
1.62641
1.59959
1.56732
1.53289
1.50139
1.47896
1.47157
1.48304
1.51337
1.55835
1.61081
1.66288
1.70806
1.74241
1.76446
1.77463
1.77423
1.76462
1.74683
1.72173
1.69095
1.65779
1.62723
1.60465
1.59415
1.59806
1.61702
1.64967
1.69183
1.7366
1.77606
1.80368
1.81612
1.81369
1.79954
1.77772
1.75106
1.72009
1.68378
1.64158
1.59597
1.55428
1.52663
1.51759
1.52115
1.52788
1.53375
1.54059
1.55209
1.57052
1.59564
1.62501
1.65498
1.68172
1.70198
1.71347
1.71509
1.70706
1.69111
1.67056
1.64992
1.63365
1.62445
1.62221
1.62468
1.62921
1.63434
1.64002
1.64672
1.65438
1.66199
1.66819
1.67235
1.67504
1.67769
1.68177
1.68825
1.6974
1.70912
1.72309
1.73872
1.75456
1.76836
1.77774
1.78105
1.77775
1.76835
1.75416
1.73701
1.71908
1.7026
1.6895
1.68106
1.67748
1.67753
1.67889
1.67911
1.67664
1.67135
1.66465
1.65937
1.65899
1.66577
1.67909
1.69539
1.71033
1.72104
1.72698
1.72945
1.73037
1.7313
1.73324
1.73713
1.74421
1.75543
1.77014
1.78578
1.79892
1.80663
1.80714
1.79971
1.78436
1.7618
1.73362
1.7024
1.67119
1.64241
1.61708
1.59509
1.57634
1.56121
1.55031
1.54422
1.54387
1.55054
1.56505
1.58659
1.61225
1.63772
1.65853
1.6713
1.67464
1.66947
1.65886
1.64747
1.64059
1.64244
1.65429
1.6735
1.69472
1.71241
1.72284
1.72516
1.72116
1.71447
1.70909
1.70788
1.71179
1.71987
1.72991
1.73938
1.74625
1.74949
1.74909
1.74583
1.74127
1.73745
1.73651
1.73997
1.74829
1.76055
1.77491
1.78898
1.80033
1.80678
1.80668
1.79922
1.78463
1.76419
1.73982
1.71362
1.68742
1.66265
1.64023
1.62061
1.60407
1.59114
1.58295
1.58103
1.58629
1.59812
1.61401
1.63023
1.6431
1.65018
1.65113
1.64808
1.64519
1.64685
1.65543
1.66986
1.6866
1.7018
1.71298
1.71949
1.72196
1.72141
1.71839
1.71289
1.70519
1.69639
1.6879
1.68025
1.67278
1.66506
1.65865
1.65637
1.65933
1.6654
1.67107
1.67396
1.67356
1.67062
1.6665
1.66251
1.65942
1.65706
1.6544
1.65014
1.64342
1.63456
1.62531
1.61845
1.61691
1.62239
1.63437
1.65023
1.66647
1.68018
1.69004
1.69627
1.70011
1.70307
1.70638
1.71069
1.71624
1.72304
1.7312
1.74083
1.75209
1.76519
1.78006
1.79591
1.81095
1.82268
1.82881
1.82826
1.82133
1.80903
1.79236
1.77215
1.75
1.72923
1.71426
1.70829
1.71108
1.71925
1.72864
1.73612
1.73979
1.7386
1.73204
1.72032
1.70453
1.68664
1.66901
1.65357
1.64093
1.63027
1.62012
1.60949
1.59865
1.58884
1.58177
1.57899
1.58153
1.58968
1.60299
1.62009
1.63889
1.65671
1.67067
1.67825
1.67805
1.67057
1.65845
1.64596
1.63752
1.63621
1.64299
1.65698
1.67648
1.70006
1.72686
1.75603
1.786
1.81433
1.83847
1.85653
1.86781
1.87287
1.87311
1.87011
1.86488
1.8575
1.8474
1.8343
1.81895
1.80334
1.79043
1.7833
1.78427
1.79399
1.81098
1.83203
1.85334
1.87156
1.8845
1.89116
1.89132
1.88495
1.87182
1.85143
1.82333
1.78767
1.74604
1.70189
1.66025
1.62664
1.60542
1.59863
1.60587
1.62492
1.6525
1.68478
1.71798
1.74877
1.77438
1.79273
1.80267
1.80427
1.79888
1.78888
1.77686
1.76487
1.75408
1.74474
1.73646
1.72861
1.72084
1.71332
1.70701
1.70367
1.70504
1.71137
1.72063
1.72942
1.73475
1.73475
1.72895
1.71813
1.70438
1.69085
1.68109
1.67788
1.68187
1.69121
1.70266
1.71327
1.72162
1.72806
1.7339
1.74028
1.74722
1.75337
1.75622
1.7526
1.73929
1.71394
1.67647
1.63062
1.5843
1.54711
1.52583
1.52167
1.53202
1.55357
1.58352
1.61923
1.65791
1.69696
1.73418
1.76765
1.79549
1.8158
1.82683
1.82744
1.81748
1.79856
1.77461
1.75202
1.73789
1.7369
1.74888
1.7691
1.79078
1.80782
1.81659
1.81635
1.80843
1.79546
1.78085
1.76874
1.76358
1.76885
1.78515
1.80939
1.83619
1.86029
1.87826
1.88873
1.89188
1.88887
1.88157
1.87227
1.86367
1.85845
1.85872
1.86524
1.87684
1.89062
1.9031
1.91131
1.91372
1.9104
1.90289
1.89375
1.88587
1.88152
1.88154
1.88483
1.88867
1.88949
1.88412
1.87058
1.84854
1.8196
1.78722
1.75636
1.73227
1.71844
1.71532
1.72053
1.73038
1.7414
1.75099
1.75748
1.75969
1.75694
1.7491
1.73679
1.7216
1.70586
1.69245
1.68417
1.68294
1.6891
1.70089
1.71461
1.72573
1.73077
1.72865
1.72037
1.70724
1.68995
1.66891
1.6449
1.61919
1.59332
1.56888
1.54745
1.53052
1.51922
1.51414
1.51478
1.51934
1.52543
1.53132
1.5365
1.54124
1.54562
1.54903
1.55038
1.54893
1.54514
1.54186
1.54405
1.55601
1.57788
1.60528
1.63269
1.6563
1.67398
1.68447
1.68719
1.68241
1.67139
1.65568
1.63645
1.61414
1.58869
1.5603
1.53019
1.50076
1.475
1.45566
1.44477
1.44359
1.45277
1.47209
1.50014
1.53432
1.57146
1.60861
1.64356
1.67437
1.69836
1.71201
1.71279
1.70179
1.68446
1.6671
1.65206
1.63771
1.62233
1.60669
1.59375
1.58716
1.58909
1.59864
1.61236
1.62689
1.64108
1.65586
1.67266
1.69176
1.71184
1.73076
1.7467
1.75877
1.76708
1.7724
1.77585
1.77872
1.78211
1.7867
1.79253
1.799
1.80527
1.81067
1.81516
1.81914
1.82301
1.82664
1.82936
1.83022
1.8284
1.82366
1.81653
1.8083
1.80071
1.79534
1.79301
1.79377
1.79696
1.80104
1.80335
1.80077
1.79115
1.77469
1.75412
1.73369
1.71723
1.70666
1.70172
1.70088
1.70233
1.7042
1.70446
1.70093
1.6917
1.67593
1.65448
1.63005
1.60637
1.58669
1.57292
1.56614
1.56755
1.57844
1.5987
1.62531
1.65262
1.67455
1.68688
1.68834
1.68042
1.6669
1.65293
1.64333
1.64079
1.64553
1.65633
1.67149
1.68931
1.70814
1.72611
1.74104
1.75082
1.75396
1.75002
1.73953
1.72367
1.70375
1.68094
1.65612
1.63017
1.60433
1.58057
1.56148
1.54951
1.54585
1.54969
1.5585
1.56902
1.57861
1.58627
1.59305
1.60157
1.61469
1.63378
1.65772
1.68328
1.70647
1.72399
1.73419
1.73757
1.73643
1.73369
1.73166
1.7315
1.73313
1.73541
1.73638
1.73385
1.72638
1.71411
1.69864
1.68233
1.66765
1.65711
1.65322
1.65786
1.67141
1.69235
1.71761
1.7435
1.76653
1.78417
1.79485
1.79754
1.79168
1.77756
1.75666
1.73139
1.7041
1.67635
1.64877
1.62167
1.59597
1.57361
1.55707
1.54796
1.54558
1.54721
1.55009
1.55293
1.55623
1.56186
1.57235
1.58925
1.61137
1.63443
1.65317
1.66421
1.66736
1.66484
1.65964
1.65382
1.64806
1.642
1.63543
1.62918
1.62545
1.62735
1.63769
1.65724
1.6838
1.71324
1.74199
1.76857
1.79325
1.81673
1.83892
1.85889
1.87482
1.88433
1.88528
1.87699
1.8608
1.8394
1.81561
1.79165
1.76892
1.74796
1.72873
1.71094
1.69478
1.68161
1.6736
1.67219
1.6763
1.6825
1.68688
1.68685
1.68155
1.67164
1.65883
1.64538
1.63337
1.62389
1.61665
1.61044
1.60436
1.59902
1.59669
1.60033
1.61222
1.63268
1.65981
1.69028
1.72034
1.74682
1.76787
1.78337
1.79461
1.80351
1.81166
1.81989
1.82829
1.83648
1.84376
1.84934
1.85248
1.85253
1.84883
1.84079
1.8281
1.81102
1.79061
1.76886
1.74911
1.73529
1.72949
1.72979
1.7313
1.72979
1.72438
1.71767
1.71378
1.71586
1.72502
1.74069
1.76159
1.78622
1.81288
1.83971
1.86439
1.88421
1.89644
1.89868
1.88919
1.86726
1.83388
1.79289
1.75149
1.71825
1.69902
1.69437
1.70083
1.71446
1.73288
1.75464
1.77742
1.79734
1.80983
1.81092
1.79819
1.77112
1.73127
1.68222
1.62932
1.57892
1.53764
1.51147
1.50463
1.51831
1.54964
1.59235
1.63905
1.6837
1.72297
1.75572
1.7818
1.80103
1.81318
1.81815
1.81625
1.8083
1.79545
1.77904
1.76042
1.74088
1.72175
1.70452
1.691
1.68318
1.68274
1.69057
1.70643
1.72879
1.75478
1.78056
1.80193
1.81509
1.81732
1.80772
1.78768
1.76092
1.73268
1.70819
1.69098
1.68199
1.67969
1.68115
1.6833
1.68391
1.68214
1.67851
1.67444
1.67145
1.67031
1.67093
1.67287
1.67613
1.68149
1.68994
1.70198
1.71722
1.73431
1.75089
1.76386
1.77014
1.76791
1.75772
1.7423
1.72512
1.70942
1.69788
1.69259
1.694
1.70041
1.70854
1.71509
1.71784
1.71602
1.71021
1.7022
1.69457
1.6901
1.69106
1.69829
1.71045
1.72412
1.73459
1.73734
1.72913
1.7088
1.67729
1.63751
1.59416
1.55336
1.52191
1.50565
1.50777
1.52808
1.5636
1.60997
1.66271
1.71795
1.77255
1.82398
1.87
1.90856
1.93781
1.95619
1.96259
1.9567
1.93943
1.91309
1.88114
1.84741
1.81522
1.78641
1.76074
1.73645
1.71201
1.688
1.66746
1.65431
1.65104
1.65749
1.67135
1.68921
1.70721
1.72182
1.73081
1.73381
1.73224
1.72854
1.72519
1.72377
1.72454
1.72647
1.72767
1.72604
1.72008
1.70935
1.6947
1.67792
1.66108
1.64617
1.63489
1.62873
1.62911
1.63716
1.65264
1.67254
1.69146
1.70391
1.70696
1.70116
1.68967
1.67663
1.66585
1.66004
1.66068
1.66789
1.68052
1.69626
1.71186
1.72376
1.72903
1.72646
1.71745
1.70581
1.69584
1.68995
1.68775
1.68785
1.69005
1.69533
1.70422
1.71599
1.7295
1.74403
1.75888
1.77225
1.78114
1.78247
1.77451
1.75757
1.73376
1.7061
1.67793
1.65217
1.63106
1.61588
1.60687
1.60349
1.6049
1.61044
1.61977
1.63289
1.64967
1.66959
1.6916
1.71414
1.7355
1.75409
1.76857
1.77799
1.78196
1.78062
1.77448
1.76419
1.75016
1.73258
1.71155
1.68758
1.66204
1.63741
1.61683
1.60289
1.5967
1.59758
1.604
1.61495
1.62983
1.64715
1.66393
1.67695
1.68404
1.68415
1.67696
1.66311
1.64468
1.62528
1.60917
1.59948
1.59662
1.59826
1.60116
1.60338
1.60502
1.60723
1.61067
1.61503
1.61971
1.62473
1.63108
1.64033
1.65403
1.67272
1.69527
1.71866
1.73863
1.75107
1.7536
1.74675
1.73405
1.72092
1.71266
1.7123
1.71981
1.73297
1.74915
1.76622
1.78256
1.7966
1.80662
1.81089
1.8081
1.79781
1.78122
1.76188
1.74548
1.73803
1.74281
1.75834
1.77914
1.79882
1.81266
1.81858
1.81683
1.80909
1.7977
1.78511
1.77361
1.76488
1.75963
1.75774
1.75879
1.76253
1.76889
1.77771
1.78826
1.79916
1.80864
1.815
1.81713
1.81476
1.8084
1.79887
1.78695
1.77306
1.75759
1.74135
1.72597
1.71334
1.70468
1.69986
1.69767
1.69686
1.69683
1.69744
1.69798
1.69666
1.69118
1.68
1.66334
1.64311
1.62202
1.60231
1.58527
1.57142
1.56112
1.55489
1.55323
1.55622
1.56352
1.57461
1.58905
1.60605
1.62378
1.63946
1.65026
1.65456
1.65257
1.64601
1.63716
1.62809
1.62043
1.61554
1.61487
1.6201
1.63265
1.65266
1.67828
1.70582
1.731
1.75014
1.76087
1.76224
1.75453
1.73917
1.71852
1.6952
1.67106
1.64655
1.62091
1.59323
1.56374
1.53457
1.50963
1.49357
1.49008
1.50028
1.52259
1.55364
1.58965
1.62711
1.66334
1.69692
1.72778
1.75686
1.78529
1.81343
1.8403
1.8635
1.87991
1.88697
1.88399
1.87321
1.85971
1.84922
1.84427
1.84251
1.83935
1.8315
1.81839
1.80142
1.78239
1.76215
1.74018
1.71557
1.68895
1.66386
1.64606
1.64079
1.64959
1.66921
1.6933
1.7154
1.73114
1.73929
1.74173
1.74243
1.74551
1.75337
1.76599
1.78162
1.79787
1.81248
1.82376
1.83058
1.83257
1.83019
1.82452
1.81676
1.80735
1.79558
1.78032
1.76212
1.74505
1.73538
1.73713
1.74936
1.76749
1.78612
1.8008
1.80876
1.80938
1.80398
1.79505
1.78517
1.77579
1.76668
1.75637
1.74351
1.72848
1.71406
1.70424
1.70127
1.70403
1.70906
1.71329
1.71558
1.71666
1.71818
1.72211
1.72992
1.74154
1.75474
1.76595
1.77178
1.77049
1.76249
1.75011
1.73689
1.72653
1.72171
1.72324
1.72998
1.73959
1.74959
1.75853
1.7665
1.77472
1.7842
1.79426
1.80215
1.80394
1.79624
1.77761
1.7491
1.71399
1.67714
1.64468
1.62324
1.61823
1.63177
1.66164
1.70204
1.74613
1.78825
1.82486
1.85384
1.87353
1.88233
1.87903
1.86359
1.83802
1.8066
1.77545
1.75045
1.73469
1.72773
1.72679
1.7284
1.72935
1.72723
1.72079
1.71054
1.6988
1.68869
1.68203
1.67809
1.67462
1.66915
1.65973
1.64492
1.62415
1.5982
1.56904
1.53939
1.51225
1.49065
1.47727
1.47381
1.48066
1.49675
1.51967
1.54594
1.57167
1.59399
1.61204
1.62671
1.63901
1.64895
1.65599
1.66015
1.66255
1.66505
1.66924
1.67548
1.68286
1.68998
1.69617
1.70193
1.70861
1.71743
1.72851
1.74045
1.75062
1.75611
1.75475
1.74607
1.73151
1.71399
1.69676
1.68245
1.67265
1.66814
1.66911
1.67486
1.6834
1.69177
1.69732
1.69906
1.69817
1.69735
1.69974
1.70782
1.72276
1.74421
1.77035
1.79812
1.82377
1.84374
1.8553
1.85712
1.84926
1.83278
1.80923
1.78058
1.7493
1.71839
1.69084
1.66894
1.65375
1.64483
1.6402
1.63662
1.63085
1.62172
1.61158
1.60479
1.60427
1.61029
1.62227
1.64016
1.66308
1.68796
1.71003
1.72473
1.73013
1.72982
1.73291
1.74688
1.76919
1.79002
1.80159
1.80197
1.79301
1.77781
1.75974
1.74248
1.72984
1.72476
1.728
1.73749
1.74919
1.75884
1.76349
1.76211
1.75512
1.74357
1.72834
1.70999
1.68916
1.66697
1.64513
1.62531
1.60807
1.59245
1.57683
1.55995
1.54159
1.52226
1.50274
1.48374
1.46605
1.4512
1.44161
1.43953
1.44605
1.46093
1.48339
1.51229
1.54596
1.58199
1.61769
1.65042
1.67775
1.69758
1.70841
1.70971
1.70217
1.6879
1.67014
1.65248
1.63758
1.62622
1.61775
1.61182
1.60998
1.6156
1.63193
1.65943
1.69466
1.73161
1.76438
1.78947
1.80627
1.81632
1.82178
1.82454
1.82558
1.82538
1.8242
1.82231
1.82015
1.81847
1.81831
1.82082
1.82667
1.83549
1.84578
1.85536
1.86216
1.86476
1.86279
1.85693
1.84849
1.83882
1.82871
1.81805
1.80593
1.79132
1.77376
1.75366
1.73205
1.71005
1.68868
1.66902
1.65267
1.64183
1.63841
1.6425
1.65194
1.66383
1.67654
1.69061
1.70786
1.72945
1.75452
1.7804
1.80468
1.82702
1.84886
1.87061
1.88955
1.90142
1.90359
1.89643
1.88237
1.86421
1.8441
1.82329
1.80273
1.78345
1.7668
1.75419
1.7468
1.74488
1.74731
1.75188
1.7562
1.75871
1.75894
1.75713
1.75363
1.74853
1.74161
1.73264
1.72167
1.70917
1.696
1.6832
1.67203
1.664
1.66085
1.66404
1.6738
1.68853
1.70533
1.72153
1.7357
1.74774
1.75812
1.76738
1.77586
1.78366
1.79051
1.79558
1.79744
1.79494
1.78851
1.78069
1.77486
1.77303
1.77565
1.78264
1.79411
1.80937
1.82607
1.84109
1.85225
1.85922
1.86296
1.86481
1.86564
1.86604
1.86653
1.86769
1.86961
1.87157
1.87209
1.86924
1.86102
1.84576
1.82246
1.79118
1.75359
1.71323
1.67525
1.64507
1.62681
1.62215
1.6303
1.64895
1.67511
1.7058
1.73816
1.76953
1.79759
1.82053
1.83738
1.84802
1.85289
1.85255
1.84721
1.83696
1.82215
1.80397
1.78435
1.76519
1.74758
1.73139
1.71565
1.69931
1.68178
1.66333
1.64515
1.62922
1.61766
1.61207
1.61324
1.62134
1.63626
1.65732
1.68284
1.70996
1.73515
1.75527
1.76849
1.77464
1.7752
1.77287
1.77075
1.77137
1.77586
1.78381
1.79387
1.80421
1.81278
1.8172
1.81531
1.80594
1.78954
1.76826
1.74556
1.72528
1.71061
1.70291
1.70099
1.70203
1.70332
1.70363
1.70302
1.70196
1.70076
1.70001
1.70119
1.70661
1.71853
1.7376
1.76164
1.78566
1.80324
1.80891
1.79963
1.77543
1.73928
1.6965
1.65377
1.61736
1.59152
1.57767
1.57505
1.58173
1.59512
1.61257
1.63186
1.65165
1.67187
1.69354
1.71772
1.74392
1.7693
1.78994
1.80283
1.80678
1.80176
1.78769
1.76416
1.73184
1.69537
1.66454
1.64875
1.64852
1.65663
1.66673
1.67722
1.68903
1.70304
1.71909
1.73626
1.75327
1.76875
1.78124
1.78911
1.79051
1.78375
1.76779
1.74315
1.71282
1.68291
1.6611
1.65228
1.65574
1.6668
1.68058
1.69341
1.70269
1.70648
1.7036
1.694
1.67881
1.66011
1.64008
1.62047
1.60252
1.58754
1.57709
1.5727
1.57493
1.58292
1.59486
1.60904
1.62435
1.63991
1.65458
1.6671
1.67677
1.68413
1.69134
1.70179
1.71874
1.74306
1.77226
1.80164
1.82655
1.84383
1.85195
1.8507
1.84098
1.82476
1.8051
1.78547
1.76886
1.75692
1.74974
1.74591
1.74279
1.73738
1.7273
1.71149
1.69049
1.66638
1.64206
1.62062
1.60487
1.59723
1.59898
1.60932
1.62504
1.64173
1.65546
1.66414
1.66811
1.67019
1.67441
1.68378
1.69833
1.71522
1.73064
1.74156
1.74638
1.7448
1.73774
1.72735
1.71653
1.70793
1.70313
1.70248
1.70562
1.71195
1.72077
1.73103
1.74107
1.74893
1.75284
1.75181
1.74605
1.73684
1.72623
1.71658
1.70991
1.70754
1.70984
1.71649
1.72674
1.73965
1.75449
1.77096
1.78917
1.80926
1.83053
1.85094
1.86696
1.87413
1.86804
1.84561
1.80643
1.75431
1.69775
1.64793
1.61432
1.60074
1.60508
1.62193
1.64577
1.67243
1.69915
1.72387
1.74475
1.76049
1.77047
1.77474
1.7738
1.76827
1.75892
1.7465
1.73175
1.71532
1.69751
1.67838
1.65828
1.63872
1.62219
1.61074
1.60461
1.60256
1.60319
1.6058
1.61028
1.61678
1.6254
1.63599
1.64802
1.66054
1.67277
1.6844
1.69577
1.70739
1.7193
1.73066
1.73988
1.74529
1.7459
1.74178
1.73401
1.72408
1.71346
1.70324
1.6942
1.6871
1.68268
1.6815
1.6836
1.68816
1.69334
1.69688
1.69729
1.69495
1.69211
1.69128
1.69302
1.69548
1.69585
1.69261
1.68634
1.67873
1.67053
1.66072
1.64765
1.63088
1.61209
1.59484
1.58355
1.58213
1.59274
1.61523
1.64719
1.68471
1.72315
1.75795
1.78542
1.80325
1.81049
1.80715
1.79369
1.77052
1.73798
1.69676
1.64835
1.59557
1.54273
1.49554
1.46
1.44067
1.43874
1.45138
1.4731
1.49802
1.52178
1.54199
1.55794
1.57013
1.57979
1.58847
1.59764
1.60831
1.62078
1.63462
1.64886
1.66233
1.67441
1.6856
1.69751
1.71165
1.72777
1.74338
1.75511
1.7601
1.75677
1.74542
1.7293
1.71547
1.71233
1.72341
1.74343
1.76255
1.77305
1.772
1.76034
1.7414
1.71952
1.69887
1.68258
1.67246
1.66933
1.67319
1.68265
1.69452
1.7042
1.7072
1.7011
1.68668
1.66794
1.65047
1.63936
1.63796
1.64782
1.66883
1.69873
1.73292
1.76585
1.793
1.81211
1.82302
1.82676
1.82479
1.81846
1.80881
1.79671
1.78319
1.7698
1.75846
1.75079
1.74742
1.74797
1.7515
1.75699
1.76368
1.77115
1.77909
1.78672
1.79254
1.79467
1.79165
1.78328
1.77086
1.75677
1.74379
1.73415
1.72908
1.72844
1.73091
1.73425
1.73582
1.73331
1.72556
1.71319
1.69875
1.68621
1.67952
1.68072
1.68832
1.69725
1.70062
1.69274
1.67263
1.64517
1.61717
1.59163
1.56799
1.54708
1.53304
1.53087
1.54373
1.57178
1.61217
1.65969
1.70798
1.75097
1.78402
1.80459
1.81247
1.80942
1.79869
1.78405
1.769
1.75605
1.74644
1.74015
1.73637
1.73402
1.73227
1.73099
1.73045
1.73082
1.73178
1.73272
1.73306
1.73219
1.72905
1.72238
1.71126
1.69574
1.67733
1.65899
1.64461
1.63803
1.64155
1.65481
1.6748
1.69712
1.71748
1.73273
1.7411
1.74229
1.73729
1.72829
1.71809
1.70942
1.70403
1.70239
1.70418
1.709
1.71675
1.72746
1.74085
1.756
1.77107
1.78361
1.79107
1.79145
1.78393
1.76904
1.74844
1.72421
1.69802
1.67088
1.64362
1.61762
1.5951
1.57863
1.57021
1.57024
1.57718
1.58803
1.59935
1.60833
1.61322
1.61329
1.6082
1.59803
1.58362
1.56705
1.55117
1.53833
1.52931
1.5235
1.52006
1.51887
1.52055
1.52586
1.53514
1.54783
1.56244
1.57684
1.5887
1.5961
1.59782
1.59345
1.58359
1.56995
1.55532
1.54286
1.53534
1.53458
1.54121
1.55456
1.57274
1.59304
1.61274
1.63008
1.64465
1.65722
1.66885
1.67999
1.69037
1.69957
1.70783
1.71597
1.72437
1.73199
1.7366
1.73615
1.73035
1.72115
1.71181
1.70518
1.70254
1.70337
1.706
1.70844
1.70902
1.70664
1.70094
1.69244
1.68292
1.67559
1.6745
1.68275
1.70051
1.72453
1.7493
1.76921
1.78113
1.78582
1.78666
1.78607
1.78279
1.77329
1.75554
1.73116
1.70496
1.68307
1.67083
1.67084
1.68196
1.70011
1.71996
1.73676
1.74739
1.75051
1.74639
1.73637
1.7225
1.70723
1.69317
1.68253
1.67622
1.67345
1.67224
1.67066
1.66771
1.66375
1.66032
1.65972
1.6642
1.67527
1.6928
1.71479
1.73794
1.75886
1.77517
1.78598
1.79177
1.79394
1.79422
1.79421
1.79524
1.79804
1.80247
1.80755
1.81171
1.81343
1.81179
1.80659
1.7981
1.78682
1.77329
1.75809
1.74195
1.72591
1.71148
1.7006
1.69532
1.69693
1.70503
1.71748
1.73142
1.7441
1.75324
1.75666
1.75235
1.73914
1.71833
1.695
1.67753
1.67455
1.69049
1.72294
1.76368
1.80262
1.83154
1.84611
1.84609
1.83439
1.81538
1.79307
1.76997
1.74754
1.72723
1.71082
1.69957
1.6932
1.69014
1.6886
1.68735
1.68562
1.68312
1.67992
1.67662
1.67411
1.67293
1.67289
1.67342
1.67425
1.67585
1.67942
1.68677
1.69982
1.71969
1.74578
1.77538
1.80442
1.82871
1.8449
1.85077
1.84527
1.82868
1.80312
1.77339
1.74717
1.73241
1.73198
1.74126
1.75254
1.76093
1.76599
1.7698
1.77404
1.7785
1.78138
1.7807
1.77559
1.76672
1.75611
1.74633
1.73948
1.73641
1.73636
1.73722
1.73616
1.73067
1.71925
1.70172
1.6792
1.65391
1.62872
1.6067
1.59035
1.58095
1.57836
1.58135
1.58869
1.60027
1.61715
1.64028
1.6689
1.7002
1.7305
1.75654
1.776
1.78763
1.79143
1.78922
1.78465
1.78237
1.78629
1.79801
1.81618
1.83716
1.85612
1.8682
1.86951
1.85774
1.83251
1.79544
1.74979
1.69994
1.6509
1.60776
1.57524
1.55717
1.55565
1.57032
1.59807
1.63371
1.67137
1.70573
1.73285
1.75048
1.75831
1.75827
1.75409
1.74933
1.74483
1.73807
1.72553
1.70577
1.68061
1.65462
1.63352
1.62263
1.6252
1.64092
1.66589
1.69499
1.72483
1.75475
1.78515
1.81537
1.84314
1.86558
1.88045
1.88696
1.88606
1.88021
1.8729
1.86754
1.86621
1.86904
1.87438
1.87956
1.88202
1.87998
1.87267
1.8601
1.84273
1.8213
1.79705
1.77205
1.74906
1.73077
1.71858
1.71221
1.71025
1.71113
1.71391
1.71842
1.72483
1.73294
1.74166
1.74915
1.75337
1.7528
1.74687
1.73598
1.72128
1.70433
1.68686
1.67039
1.65608
1.64446
1.63546
1.62848
1.62288
1.61864
1.61686
1.61947
1.62839
1.64449
1.66692
1.69351
1.72146
1.74804
1.77089
1.78808
1.79818
1.80034
1.79425
1.77983
1.75707
1.72614
1.68822
1.6464
1.60621
1.57466
1.55791
1.55877
1.57564
1.60373
1.63725
1.67103
1.70123
1.72543
1.74281
1.75401
1.76076
1.76523
1.76932
1.77417
1.78002
1.78637
1.7923
1.79684
1.79911
1.79832
1.79377
1.7852
1.77337
1.76033
1.74904
1.74221
1.74134
1.74622
1.75522
1.76589
1.77604
1.78477
1.79253
1.80014
1.80786
1.81493
1.82015
1.82258
1.82195
1.81841
1.81222
1.80352
1.79251
1.77977
1.76627
1.75311
1.74105
1.73031
1.7206
1.71129
1.70147
1.69002
1.67615
1.66001
1.64305
1.62772
1.61643
1.61059
1.61006
1.61352
1.61956
1.62732
1.63601
1.64401
1.64874
1.64766
1.63957
1.62553
1.60919
1.59629
1.59264
1.60162
1.62255
1.65126
1.68231
1.71118
1.73542
1.75461
1.76946
1.78066
1.78798
1.7901
1.78521
1.77217
1.7512
1.72415
1.69396
1.66389
1.63689
1.61516
1.60017
1.59275
1.59315
1.6009
1.6144
1.63117
1.6489
1.66703
1.68744
1.7131
1.74572
1.78403
1.82405
1.86057
1.88878
1.90534
1.90882
1.89976
1.88029
1.85333
1.82187
1.78825
1.75416
1.72111
1.69067
1.66422
1.64271
1.62671
1.61657
1.61245
1.6139
1.61948
1.627
1.63437
1.64067
1.64665
1.65444
1.66649
1.68418
1.70689
1.73202
1.75588
1.77482
1.78603
1.78789
1.77988
1.76252
1.73764
1.70876
1.6811
1.66034
1.6502
1.6507
1.65896
1.67115
1.68375
1.69394
1.69962
1.69954
1.6931
1.68036
1.66188
1.6389
1.61337
1.5879
1.56532
1.54786
1.53604
1.52837
1.52265
1.51783
1.51454
1.51446
1.51972
1.53241
1.5537
1.58257
1.6156
1.64821
1.67616
1.69635
1.70688
1.70695
1.6967
1.67773
1.65355
1.62955
1.61181
1.60503
1.61097
1.62826
1.65352
1.68295
1.7129
1.73984
1.76044
1.77198
1.7732
1.76504
1.75089
1.73549
1.72256
1.71318
1.70628
1.70048
1.69514
1.69057
1.6877
1.68776
1.6919
1.70076
1.71433
1.73215
1.75332
1.7765
1.80001
1.82203
1.84086
1.85509
1.86347
1.86505
1.85924
1.84601
1.82594
1.80048
1.7719
1.74344
1.71911
1.70256
1.69525
1.69565
1.70057
1.70748
1.71544
1.72423
1.73297
1.73972
1.74211
1.73883
1.73039
1.71876
1.70639
1.69511
1.68576
1.6785
1.6735
1.6715
1.67398
1.6827
1.69907
1.72337
1.75408
1.78784
1.82038
1.84769
1.86696
1.8767
1.87687
1.86854
1.85366
1.83471
1.81436
1.79502
1.77857
1.76614
1.75842
1.75587
1.75817
1.76346
1.76871
1.7711
1.76941
1.7641
1.7566
1.74822
1.73966
1.73096
1.72192
1.71259
1.70382
1.69782
1.69778
1.70624
1.72326
1.74598
1.76997
1.79098
1.80611
1.81414
1.81547
1.81166
1.80478
1.79678
1.789
1.7821
1.77627
1.77165
1.76842
1.76671
1.76648
1.76768
1.77048
1.77529
1.78216
1.7904
1.79876
1.80619
1.8122
1.81681
1.81976
1.82002
1.81611
1.80708
1.79338
1.77674
1.75909
1.74173
1.72509
1.7091
1.6938
1.6798
1.66833
1.66089
1.65865
1.6618
1.66948
1.68017
1.6924
1.70461
1.7149
1.72098
1.72127
1.71664
1.71144
1.71227
1.72439
1.74849
1.78049
1.81393
1.84268
1.86326
1.87626
1.88551
1.89447
1.90298
1.90844
1.90958
1.90767
1.90446
1.90017
1.89368
1.88389
1.87074
1.85524
1.83902
1.82372
1.81039
1.79898
1.78824
1.77618
1.76077
1.74055
1.71492
1.68442
1.65086
1.61705
1.58624
1.56134
1.54453
1.53742
1.5413
1.55681
1.58281
1.61541
1.64831
1.67464
1.68904
1.68859
1.67273
1.64317
1.60442
1.56482
1.53559
1.52609
1.53797
1.56479
1.59686
1.62604
1.64773
1.66049
1.66487
1.66221
1.65414
1.64258
1.63021
1.62032
1.61586
1.61775
1.62443
1.63346
1.64353
1.65457
1.66691
1.68094
1.69771
1.71897
1.74607
1.77858
1.81381
1.84767
1.87608
1.89612
1.90646
1.90727
1.90006
1.88775
1.87425
1.86271
1.85348
1.844
1.83103
1.81291
1.79035
1.766
1.74397
1.72929
1.72682
1.73919
1.76486
1.7985
1.83362
1.8653
1.89099
1.91004
1.92258
1.92878
1.92869
1.9226
1.91138
1.89664
1.88053
1.86507
1.85137
1.83929
1.82778
1.81569
1.80287
1.79065
1.78144
1.77779
1.78145
1.79282
1.81093
1.83365
1.85834
1.88256
1.9046
1.92349
1.93865
1.94958
1.95553
1.95556
1.94855
1.93339
1.90975
1.87909
1.84508
1.81259
1.78569
1.76643
1.75494
1.75003
1.7494
1.7499
1.7482
1.74185
1.73054
1.71709
1.70718
1.70711
1.72054
1.74649
1.77992
1.81432
1.84422
1.86566
1.87602
1.87407
1.8599
1.83461
1.80007
1.75898
1.71508
1.67338
1.64028
1.62288
1.62634
1.65076
1.69025
1.73547
1.77736
1.80984
1.83046
1.8396
1.83922
1.83156
1.81831
1.80037
1.77807
1.75163
1.72146
1.6884
1.65364
1.6187
1.58528
1.55527
1.53078
1.51424
1.50802
1.51352
1.5301
1.55507
1.58488
1.61635
1.64669
1.67245
1.6896
1.69543
1.6905
1.67874
1.6657
1.65617
1.65278
1.65608
1.66514
1.67798
1.69216
1.70586
1.71842
1.7296
1.73867
1.74474
1.74748
1.74725
1.74465
1.74017
1.73412
1.72694
1.71931
1.7122
1.7067
1.7034
1.70189
1.70063
1.69769
1.69229
1.68586
1.6815
1.68212
1.68869
1.69964
1.7116
1.72099
1.7254
1.72448
1.71968
1.71345
1.70825
1.70599
1.70773
1.71374
1.72364
1.73667
1.75185
1.768
1.78388
1.79839
1.81067
1.82026
1.82716
1.83162
1.83389
1.834
1.83189
1.82776
1.82258
1.81814
1.81616
1.81712
1.81969
1.8214
1.81935
1.81102
1.79475
1.7702
1.73906
1.70562
1.67651
1.65893
1.65766
1.6724
1.69722
1.72317
1.74222
1.7498
1.74504
1.72983
1.70786
1.68388
1.66291
1.64929
1.64555
1.65138
1.66356
1.67735
1.68841
1.69381
1.69195
1.68226
1.66543
1.64367
1.62091
1.60272
1.59486
1.59978
1.61437
1.63176
1.64547
1.65229
1.65238
1.64815
1.64267
1.63852
1.63697
1.63808
1.64121
1.64563
1.65076
1.65614
1.66126
1.6658
1.66976
1.67372
1.67912
1.68826
1.70328
1.72454
1.74986
1.77551
1.79799
1.81515
1.82632
1.83195
1.8332
1.83154
1.82827
1.82428
1.81999
1.81531
1.80981
1.80292
1.79408
1.78305
1.77036
1.75736
1.74586
1.73733
1.73225
1.7299
1.72862
1.72652
1.72203
1.71459
1.70481
1.69417
1.68423
1.67588
1.66925
1.6642
1.66102
1.66044
1.66318
1.66944
1.67878
1.69038
1.70329
1.71669
1.7299
1.74229
1.7531
1.76133
1.76601
1.76649
1.76288
1.75613
1.74799
1.74073
1.73643
1.73639
1.74084
1.74888
1.75839
1.76629
1.76972
1.7671
1.75864
1.74574
1.73016
1.71327
1.69575
1.67793
1.6605
1.64537
1.63551
1.63384
1.64183
1.65873
1.6819
1.70747
1.73125
1.74945
1.75947
1.76025
1.75241
1.73797
1.71983
1.70111
1.68466
1.67244
1.66517
1.6624
1.66311
1.66627
1.6714
1.67845
1.68764
1.69897
1.71208
1.72601
1.73908
1.7489
1.75265
1.74822
1.73496
1.71385
1.68724
1.65884
1.63352
1.61623
1.61021
1.61576
1.63024
1.64929
1.66853
1.68481
1.69665
1.70427
1.70971
1.71625
1.7269
1.74217
1.75905
1.77214
1.77611
1.7678
1.7477
1.7202
1.69187
1.66785
1.64939
1.63538
1.62516
1.61935
1.61885
1.62391
1.63434
1.65003
1.67066
1.69454
1.71828
1.7378
1.75002
1.75402
1.7511
1.74386
1.73473
1.72523
1.71652
1.7101
1.7076
1.71015
1.7179
1.73031
1.74647
1.7651
1.78464
1.80316
1.81852
1.82871
1.8322
1.82813
1.81651
1.79834
1.7757
1.75178
1.73041
1.7152
1.70851
1.7105
1.71871
1.72873
1.7359
1.73716
1.73243
1.72472
1.71867
1.71842
1.72572
1.73943
1.75625
1.77211
1.78334
1.7874
1.78331
1.77172
1.75468
1.735
1.71551
1.69809
1.68335
1.67085
1.65989
1.65011
1.64143
1.63381
1.62691
1.61991
1.6116
1.60088
1.58758
1.57314
1.56026
1.55191
1.54944
1.55142
1.55413
1.55366
1.5478
1.53663
1.52182
1.50601
1.49214
1.48258
1.4779
1.4767
1.47705
1.47822
1.48129
1.48818
1.49982
1.51524
1.53207
1.5478
1.56071
1.57038
1.57744
1.5832
1.58917
1.59674
1.60684
1.61952
1.634
1.64887
1.66268
1.67416
1.68267
1.68817
1.69101
1.69162
1.69026
1.68702
1.68203
1.67569
1.66873
1.66211
1.65663
1.65268
1.65014
1.64854
1.6471
1.64489
1.64122
1.6367
1.63388
1.63625
1.64561
1.65968
1.6726
1.67808
1.67245
1.65607
1.63271
1.60799
1.58759
1.57622
1.57705
1.59116
1.61743
1.65285
1.69345
1.73517
1.77417
1.80716
1.8318
1.84702
1.8532
1.85197
1.84559
1.83635
1.82567
1.81375
1.80014
1.78484
1.76894
1.75454
1.74373
1.73783
1.73688
1.73976
1.74464
1.74955
1.75259
1.75222
1.74798
1.74161
1.73622
1.73342
1.73106
1.72472
1.711
1.68951
1.66314
1.63777
1.62072
1.61715
1.62678
1.64461
1.66472
1.68288
1.69674
1.70537
1.70875
1.70747
1.70224
1.69322
1.68013
1.66319
1.64429
1.62658
1.61259
1.60325
1.59935
1.60277
1.61475
1.63318
1.65301
1.66937
1.67968
1.68372
1.68272
1.67827
1.67183
1.66449
1.65686
1.6493
1.64266
1.63881
1.64045
1.64984
1.66754
1.69168
1.71847
1.74345
1.7629
1.77483
1.77906
1.77649
1.76831
1.75586
1.74074
1.72483
1.70978
1.69635
1.68444
1.67381
1.66467
1.65752
1.65239
1.64837
1.64386
1.63755
1.62934
1.62092
1.61524
1.61474
1.61975
1.6288
1.64053
1.65459
1.67069
1.68731
1.70154
1.7102
1.71129
1.7049
1.69319
1.67963
1.66776
1.65985
1.65624
1.65544
1.65504
1.65286
1.64795
1.64101
1.63407
1.62959
1.62943
1.63397
1.6421
1.65177
1.66091
1.66812
1.67286
1.67524
1.67545
1.67336
1.66895
1.66354
1.66085
1.66552
1.67934
1.69865
1.71628
1.72581
1.72407
1.7114
1.69091
1.66735
1.64571
1.62979
1.62143
1.6208
1.62745
1.64124
1.66241
1.69086
1.72533
1.76335
1.8017
1.83706
1.8664
1.88706
1.89662
1.89306
1.87507
1.84264
1.79768
1.74439
1.68923
1.64009
1.60454
1.58728
1.58809
1.60222
1.62324
1.64629
1.66945
1.69254
1.71544
1.73718
1.7561
1.77059
1.77967
1.78356
1.78388
1.7835
1.7856
1.79232
1.80389
1.81871
1.83421
1.84748
1.85555
1.856
1.84759
1.83059
1.80665
1.77827
1.7483
1.71976
1.69565
1.67865
1.6707
1.67279
1.68482
1.70569
1.73348
1.76559
1.79896
1.83025
1.85614
1.87345
1.87956
1.87322
1.85567
1.83161
1.80888
1.79496
1.79181
1.79461
1.79592
1.79057
1.77698
1.75619
1.73054
1.70284
1.67593
1.65245
1.63463
1.62408
1.62172
1.62765
1.64111
1.66035
1.68272
1.70484
1.72311
1.73439
1.73683
1.73037
1.71679
1.69925
1.6816
1.66752
1.65965
1.65906
1.66501
1.67528
1.68702
1.69757
1.705
1.70832
1.70738
1.70275
1.69566
1.68799
1.68198
1.67962
1.68204
1.68923
1.70006
1.71266
1.7247
1.73374
1.7378
1.73629
1.73052
1.72355
1.71886
1.71899
1.72457
1.7343
1.7457
1.75586
1.76251
1.76447
1.76183
1.75552
1.74692
1.73764
1.72984
1.72596
1.72802
1.73668
1.75065
1.76725
1.78333
1.79621
1.80399
1.80529
1.79894
1.78377
1.759
1.72505
1.68445
1.64219
1.60433
1.57527
1.55606
1.54536
1.5416
1.5441
1.55284
1.56791
1.58883
1.6141
1.64117
1.66697
1.6887
1.70451
1.71382
1.71733
1.7169
1.71496
1.71368
1.71416
1.71608
1.71818
1.71888
1.71673
1.71081
1.70111
1.68875
1.67582
1.66489
1.65843
1.65845
1.66633
1.68246
1.70604
1.73487
1.76555
1.7939
1.81572
1.82774
1.82828
1.81773
1.79873
1.77581
1.75396
1.73647
1.7236
1.71337
1.7035
1.6924
1.67967
1.66608
1.6534
1.64389
1.63982
1.64272
1.65273
1.66815
1.68603
1.70353
1.71912
1.73281
1.74552
1.75833
1.77185
1.78581
1.79886
1.80888
1.81361
1.8117
1.80387
1.79379
1.78666
1.7851
1.78692
1.788
1.78649
1.784
1.78364
1.78772
1.79633
1.80742
1.81785
1.82479
1.82636
1.82187
1.81171
1.79703
1.77938
1.75995
1.73903
1.716
1.69006
1.66063
1.62779
1.59278
1.55781
1.52526
1.49678
1.47357
1.45756
1.45219
1.46168
1.48864
1.53189
1.5862
1.64429
1.69929
1.74627
1.783
1.81024
1.83164
1.85223
1.87557
1.90158
1.92683
1.94648
1.95621
1.95334
1.9375
1.91071
1.87683
1.84052
1.80621
1.77708
1.75483
1.73985
1.73169
1.72928
1.73077
1.73365
1.73524
1.73339
1.727
1.71624
1.70234
1.68721
1.67295
1.66173
1.65554
1.65596
1.66335
1.67624
1.69138
1.70491
1.71361
1.71589
1.71183
1.70269
1.69017
1.67588
1.66099
1.6462
1.63199
1.61875
1.60674
1.59582
1.58545
1.57502
1.56442
1.55457
1.54742
1.54516
1.54896
1.55842
1.57174
1.5865
1.60039
1.61165
1.61956
1.62458
1.62827
1.63265
1.63942
1.64911
1.66089
1.67311
1.68409
1.69283
1.69903
1.70268
1.70373
1.70215
1.69814
1.69231
1.68576
1.67976
1.67565
1.67462
1.67749
1.68414
1.69294
1.70116
1.70641
1.70792
1.70682
1.70536
1.70576
1.70958
1.71788
1.73116
1.74895
1.76949
1.78987
1.8071
1.81915
1.82541
1.82641
1.82312
1.81655
1.80744
1.79612
1.78256
1.76663
1.74892
1.73154
1.71758
1.70977
1.70886
1.71297
1.71839
1.72065
1.71603
1.70269
1.6814
1.65508
1.62764
1.60287
1.58422
1.57485
1.57724
1.59173
1.61547
1.64294
1.66825
1.68729
1.69843
1.70175
1.69801
1.68802
