-4.9339
-4.94
-4.95347
-4.97008
-4.98775
-5.00492
-5.02051
-5.03614
-5.04941
-5.05908
-5.06283
-5.05604
-5.03903
-5.01616
-4.98927
-4.96532
-4.94716
-4.93558
-4.93078
-4.93208
-4.94286
-4.96109
-4.98769
-5.02037
-5.05256
-5.08202
-5.10331
-5.11192
-5.1065
-5.08918
-5.06134
-5.03154
-5.00345
-4.98481
-4.97363
-4.96961
-4.97047
-4.97322
-4.97742
-4.97976
-4.98174
-4.98143
-4.98006
-4.97562
-4.96791
-4.96124
-4.95337
-4.94801
-4.94571
-4.94611
-4.94772
-4.94935
-4.94533
-4.93249
-4.91058
-4.87923
-4.84145
-4.80318
-4.7734
-4.75722
-4.76006
-4.78154
-4.82017
-4.87042
-4.92777
-4.98693
-5.04202
-5.08855
-5.12051
-5.13701
-5.13877
-5.127
-5.10525
-5.08045
-5.05663
-5.04214
-5.04081
-5.05095
-5.06718
-5.08332
-5.09047
-5.08449
-5.06613
-5.03766
-5.00646
-4.97876
-4.9592
-4.95127
-4.95396
-4.96324
-4.97549
-4.98739
-4.99542
-4.9992
-5.00065
-5.00036
-5.00018
-5.00074
-5.00216
-5.00198
-4.9984
-4.98889
-4.97671
-4.96188
-4.95108
-4.94364
-4.94316
-4.94919
-4.95942
-4.97611
-4.99848
-5.02715
-5.05927
-5.08761
-5.10638
-5.11158
-5.10246
-5.08303
-5.05532
-5.02653
-5.00044
-4.98291
-4.97657
-4.98151
-4.99866
-5.02372
-5.05358
-5.08235
-5.10592
-5.12263
-5.12963
-5.12562
-5.11267
-5.0936
-5.06937
-5.04455
-5.01711
-4.99368
-4.97294
-4.95883
-4.95359
-4.95654
-4.96551
-4.97824
-4.99221
-5.0035
-5.01274
-5.02027
-5.02718
-5.0336
-5.0417
-5.05143
-5.06627
-5.08294
-5.10321
-5.12512
-5.14767
-5.17073
-5.19203
-5.21023
-5.2237
-5.23001
-5.22656
-5.21301
-5.19102
-5.16384
-5.1343
-5.10645
-5.08292
-5.06376
-5.04671
-5.03201
-5.01656
-5.00109
-4.98542
-4.96907
-4.95325
-4.94058
-4.93457
-4.93597
-4.94606
-4.96113
-4.97549
-4.98957
-4.9978
-4.99987
-4.99548
-4.98567
-4.96934
-4.95103
-4.935
-4.92549
-4.92349
-4.92683
-4.92856
-4.92643
-4.91944
-4.90966
-4.90254
-4.90093
-4.90428
-4.9118
-4.92127
-4.9283
-4.93138
-4.93205
-4.93271
-4.93254
-4.93553
-4.94025
-4.94949
-4.9613
-4.97622
-4.99092
-5.0061
-5.02067
-5.03503
-5.05077
-5.06438
-5.07534
-5.08228
-5.08329
-5.07744
-5.06701
-5.0521
-5.03627
-5.02053
-5.00591
-4.99331
-4.98166
-4.96946
-4.95699
-4.9479
-4.94312
-4.94323
-4.94894
-4.95859
-4.96868
-4.97483
-4.97512
-4.97077
-4.96373
-4.95653
-4.95402
-4.95687
-4.96497
-4.9783
-4.99335
-5.00978
-5.02377
-5.03481
-5.04039
-5.03826
-5.03147
-5.0176
-5.00158
-4.98833
-4.97994
-4.97735
-4.98076
-4.98745
-4.99676
-5.00471
-5.00906
-5.00846
-4.9999
-4.98318
-4.96142
-4.93617
-4.91092
-4.89372
-4.88651
-4.89554
-4.91917
-4.95336
-4.98982
-5.02402
-5.05215
-5.07081
-5.07915
-5.07934
-5.07185
-5.05714
-5.04107
-5.02468
-5.01065
-5.00091
-4.99232
-4.98726
-4.98479
-4.98485
-4.98557
-4.98708
-4.9873
-4.99034
-4.99323
-4.9956
-4.99923
-5.00242
-5.00445
-5.00522
-5.0063
-5.00769
-5.0117
-5.01623
-5.01887
-5.01851
-5.01749
-5.01603
-5.01692
-5.02171
-5.03009
-5.03992
-5.04447
-5.04161
-5.02926
-5.01013
-4.98497
-4.96266
-4.94529
-4.94033
-4.9478
-4.97092
-5.00502
-5.04287
-5.07298
-5.08919
-5.08959
-5.07595
-5.05582
-5.03541
-5.02119
-5.01382
-5.0137
-5.01509
-5.01198
-5.00422
-4.99817
-4.99479
-4.99745
-5.00182
-5.00237
-4.99853
-4.99347
-4.99101
-4.99394
-5.00396
-5.02238
-5.04021
-5.05328
-5.05762
-5.05231
-5.03679
-5.01562
-4.99277
-4.9757
-4.96756
-4.96861
-4.97736
-4.98977
-5.00241
-5.01212
-5.01924
-5.02492
-5.03206
-5.03844
-5.04059
-5.03475
-5.02132
-5.00235
-4.98083
-4.96089
-4.95088
-4.94912
-4.95724
-4.97162
-4.98699
-5.00173
-5.01001
-5.0127
-5.00842
-4.9985
-4.98494
-4.96678
-4.9489
-4.93375
-4.92292
-4.9171
-4.91176
-4.90459
-4.8961
-4.88884
-4.89087
-4.90233
-4.92522
-4.95541
-4.98519
-5.00809
-5.02497
-5.03225
-5.0308
-5.02268
-5.01075
-4.99442
-4.97931
-4.96677
-4.95911
-4.95896
-4.96569
-4.97697
-4.98731
-4.99717
-5.00123
-5.00062
-4.995
-4.98711
-4.9813
-4.97839
-4.9797
-4.98279
-4.9871
-4.98972
-4.99001
-4.98575
-4.98098
-4.97573
-4.97594
-4.98253
-4.99667
-5.01506
-5.03624
-5.05542
-5.06785
-5.07054
-5.06333
-5.05028
-5.03325
-5.01636
-5.00319
-4.99195
-4.98128
-4.97283
-4.96497
-4.96241
-4.96565
-4.97213
-4.98147
-4.99173
-5.00079
-5.00827
-5.01355
-5.01385
-5.0096
-4.99869
-4.98435
-4.96663
-4.94824
-4.93369
-4.92809
-4.933
-4.94921
-4.97279
-5.00002
-5.02386
-5.03853
-5.0399
-5.0307
-5.01198
-4.99058
-4.97303
-4.96213
-4.96185
-4.97014
-4.98304
-4.99527
-4.99921
-4.99103
-4.96988
-4.93736
-4.9004
-4.86688
-4.84358
-4.83392
-4.83981
-4.8597
-4.89103
-4.929
-4.96813
-5.0047
-5.03633
-5.05903
-5.07471
-5.08531
-5.09541
-5.10627
-5.11981
-5.13624
-5.15523
-5.1726
-5.18771
-5.20092
-5.21173
-5.21747
-5.21678
-5.2072
-5.1907
-5.16817
-5.14481
-5.12196
-5.10412
-5.09325
-5.08711
-5.08476
-5.08409
-5.07595
-5.06341
-5.04404
-5.01894
-4.99174
-4.96483
-4.94111
-4.92274
-4.90972
-4.9031
-4.90442
-4.91502
-4.93498
-4.96308
-4.99688
-5.03031
-5.05924
-5.07876
-5.08756
-5.08701
-5.07999
-5.06916
-5.05636
-5.04297
-5.03124
-5.02397
-5.02063
-5.02046
-5.02134
-5.02686
-5.03508
-5.04753
-5.06255
-5.0804
-5.09499
-5.10316
-5.10129
-5.0844
-5.05394
-5.01003
-4.9585
-4.90876
-4.87656
-4.86786
-4.88256
-4.90986
-4.93672
-4.95892
-4.97476
-4.98588
-4.99659
-5.00782
-5.01964
-5.0334
-5.04787
-5.06012
-5.0685
-5.07439
-5.07566
-5.07081
-5.06279
-5.04832
-5.02694
-4.99992
-4.97284
-4.95065
-4.93681
-4.93354
-4.94005
-4.95365
-4.97469
-4.9972
-5.02264
-5.04732
-5.06902
-5.08553
-5.09565
-5.0995
-5.09918
-5.09752
-5.09543
-5.09428
-5.09304
-5.09302
-5.08977
-5.08381
-5.07401
-5.06295
-5.04823
-5.03229
-5.01905
-5.01015
-5.00522
-5.0058
-5.01297
-5.02511
-5.0433
-5.06813
-5.09538
-5.12197
-5.144
-5.15894
-5.16441
-5.16375
-5.15713
-5.14584
-5.13037
-5.10775
-5.07864
-5.045
-5.01056
-4.98018
-4.96001
-4.95329
-4.95521
-4.96387
-4.97575
-4.98432
-4.98777
-4.98724
-4.9825
-4.97381
-4.96249
-4.94802
-4.93202
-4.91614
-4.90073
-4.88582
-4.87495
-4.87088
-4.87703
-4.89472
-4.92238
-4.95357
-4.9837
-5.01073
-5.03158
-5.04885
-5.06392
-5.0778
-5.09219
-5.10683
-5.11989
-5.12872
-5.13214
-5.12953
-5.1224
-5.10941
-5.09544
-5.07877
-5.06256
-5.04802
-5.03688
-5.03024
-5.027
-5.03013
-5.03674
-5.04584
-5.05726
-5.071
-5.08804
-5.10423
-5.11805
-5.12408
-5.12001
-5.10627
-5.08583
-5.06202
-5.04212
-5.02812
-5.02546
-5.03081
-5.0458
-5.06491
-5.08389
-5.09717
-5.10685
-5.10992
-5.10543
-5.0937
-5.07519
-5.05126
-5.0223
-4.99069
-4.9652
-4.94852
-4.94744
-4.95951
-4.98466
-5.01697
-5.0505
-5.08151
-5.10545
-5.12017
-5.1274
-5.12479
-5.11411
-5.09392
-5.0671
-5.03461
-5.00091
-4.97129
-4.94708
-4.93412
-4.93478
-4.94294
-4.95638
-4.97104
-4.98258
-4.99371
-5.00107
-5.00447
-5.00344
-4.9989
-4.99039
-4.98165
-4.97318
-4.96719
-4.96251
-4.95853
-4.95515
-4.95394
-4.95473
-4.95555
-4.95622
-4.95742
-4.95843
-4.95743
-4.95223
-4.93941
-4.92185
-4.90215
-4.88662
-4.87951
-4.88138
-4.89001
-4.90359
-4.9191
-4.93614
-4.95319
-4.97199
-4.99304
-5.01579
-5.03792
-5.05929
-5.07568
-5.08415
-5.08614
-5.08072
-5.0685
-5.05141
-5.03079
-5.01132
-4.99335
-4.98344
-4.97912
-4.98189
-4.99051
-4.99941
-5.00468
-5.00594
-5.00276
-4.99689
-4.99238
-4.98938
-4.98734
-4.98663
-4.98594
-4.98239
-4.9783
-4.97022
-4.95909
-4.94651
-4.93269
-4.91696
-4.9013
-4.88474
-4.86696
-4.84893
-4.83036
-4.81522
-4.80793
-4.80826
-4.81514
-4.82881
-4.84758
-4.86766
-4.88564
-4.89766
-4.90294
-4.90157
-4.89505
-4.88602
-4.88098
-4.88225
-4.88866
-4.89686
-4.9026
-4.90658
-4.9115
-4.91851
-4.93079
-4.94865
-4.97271
-4.99931
-5.02723
-5.0571
-5.08545
-5.1102
-5.1316
-5.14429
-5.14749
-5.14392
-5.13295
-5.11894
-5.10249
-5.08548
-5.06906
-5.05137
-5.03596
-5.02238
-5.01088
-5.00456
-5.00696
-5.01779
-5.03768
-5.0667
-5.09829
-5.12881
-5.15367
-5.16837
-5.17107
-5.15953
-5.13362
-5.09453
-5.04411
-4.99063
-4.9406
-4.90464
-4.89016
-4.89378
-4.91021
-4.92885
-4.94564
-4.95956
-4.96918
-4.97836
-4.98805
-4.99851
-5.01038
-5.02026
-5.02468
-5.02115
-5.01152
-4.99518
-4.9748
-4.95737
-4.9472
-4.94764
-4.96357
-4.99004
-5.02303
-5.05858
-5.09219
-5.11828
-5.13665
-5.14543
-5.14437
-5.1345
-5.11988
-5.10278
-5.08634
-5.06807
-5.04773
-5.02309
-4.99784
-4.9726
-4.94875
-4.93164
-4.92227
-4.91844
-4.9218
-4.93046
-4.94519
-4.96614
-4.99318
-5.02635
-5.06036
-5.08835
-5.10651
-5.1121
-5.10416
-5.08305
-5.04779
-5.00423
-4.96067
-4.93018
-4.92193
-4.94158
-4.97988
-5.02315
-5.0608
-5.08193
-5.08384
-5.0658
-5.03392
-4.99772
-4.9665
-4.94542
-4.93819
-4.94365
-4.96041
-4.98438
-5.01169
-5.04144
-5.06823
-5.08912
-5.09992
-5.09962
-5.09029
-5.07413
-5.05515
-5.03733
-5.02039
-5.00628
-4.99668
-4.98913
-4.98324
-4.97691
-4.96952
-4.96138
-4.95186
-4.94133
-4.93014
-4.9214
-4.9237
-4.93674
-4.95919
-4.98327
-5.00523
-5.02239
-5.03639
-5.04713
-5.05678
-5.0633
-5.06558
-5.06506
-5.05955
-5.0546
-5.04864
-5.04657
-5.04868
-5.05766
-5.0701
-5.08548
-5.10098
-5.11392
-5.12246
-5.12426
-5.12055
-5.11185
-5.09949
-5.0885
-5.08027
-5.07685
-5.07553
-5.07407
-5.07205
-5.06539
-5.05707
-5.04641
-5.03618
-5.02871
-5.02535
-5.02239
-5.01894
-5.01358
-5.00401
-4.99087
-4.97491
-4.95801
-4.94601
-4.94042
-4.94278
-4.954
-4.96916
-4.98358
-4.99093
-4.98615
-4.96578
-4.92974
-4.88395
-4.83737
-4.80371
-4.79185
-4.80169
-4.82906
-4.86603
-4.90824
-4.94932
-4.98585
-5.01394
-5.03146
-5.03365
-5.02059
-4.99312
-4.95471
-4.91482
-4.88151
-4.86499
-4.8646
-4.87785
-4.89778
-4.91878
-4.9361
-4.94624
-4.95155
-4.95452
-4.95609
-4.96137
-4.97095
-4.98342
-4.99703
-5.00719
-5.01099
-5.00354
-4.98495
-4.95675
-4.9237
-4.8902
-4.8632
-4.84772
-4.84501
-4.85848
-4.88619
-4.92412
-4.96828
-5.00952
-5.04024
-5.05897
-5.06535
-5.05977
-5.04291
-5.01784
-4.98473
-4.94526
-4.90423
-4.86375
-4.8246
-4.79375
-4.77428
-4.77103
-4.78544
-4.81297
-4.84661
-4.88255
-4.9142
-4.93918
-4.95581
-4.96557
-4.96967
-4.97205
-4.97438
-4.97901
-4.98332
-4.98812
-4.99408
-5.00123
-5.01162
-5.02601
-5.04476
-5.06548
-5.08422
-5.09784
-5.10361
-5.10604
-5.10576
-5.11149
-5.1225
-5.14022
-5.15637
-5.16912
-5.17753
-5.17702
-5.16753
-5.14889
-5.11913
-5.0788
-5.03163
-4.98599
-4.9545
-4.94245
-4.94937
-4.96857
-4.99088
-5.00806
-5.02058
-5.02965
-5.03498
-5.03721
-5.0373
-5.03484
-5.03097
-5.02609
-5.02245
-5.0187
-5.01399
-5.00854
-4.99981
-4.98865
-4.97436
-4.95742
-4.94019
-4.92581
-4.91534
-4.90754
-4.90353
-4.89962
-4.89753
-4.89307
-4.8915
-4.89469
-4.90283
-4.91862
-4.9391
-4.96166
-4.98325
-5.0025
-5.01714
-5.02873
-5.03654
-5.03968
-5.03756
-5.0335
-5.02773
-5.02284
-5.02046
-5.01871
-5.01301
-4.9994
-4.97862
-4.95197
-4.92234
-4.89519
-4.87818
-4.87059
-4.87363
-4.88369
-4.89569
-4.90497
-4.90739
-4.89802
-4.88132
-4.8616
-4.84091
-4.82651
-4.81733
-4.81504
-4.81964
-4.82756
-4.83544
-4.84483
-4.85364
-4.86141
-4.87039
-4.88035
-4.89333
-4.90979
-4.93039
-4.95407
-4.97756
-4.99948
-5.01727
-5.02634
-5.02485
-5.01212
-4.99261
-4.96533
-4.93763
-4.91338
-4.89872
-4.89912
-4.91069
-4.93301
-4.95846
-4.9868
-5.01303
-5.03608
-5.05718
-5.07438
-5.08806
-5.09455
-5.09554
-5.08919
-5.07837
-5.06605
-5.05159
-5.03528
-5.0202
-5.00523
-4.99164
-4.98131
-4.9765
-4.97768
-4.98568
-4.99674
-5.00748
-5.01569
-5.01873
-5.01388
-5.00143
-4.98249
-4.96002
-4.93873
-4.92356
-4.91681
-4.92014
-4.93327
-4.95371
-4.9782
-5.00528
-5.02836
-5.04414
-5.05023
-5.04493
-5.03028
-5.00921
-4.98708
-4.96625
-4.95224
-4.946
-4.94803
-4.96298
-4.98674
-5.01566
-5.04317
-5.06406
-5.07872
-5.08726
-5.08944
-5.08897
-5.0857
-5.08199
-5.07961
-5.07902
-5.08059
-5.0832
-5.08684
-5.09006
-5.0937
-5.09734
-5.10096
-5.10329
-5.10614
-5.1073
-5.10626
-5.10268
-5.0955
-5.08316
-5.06341
-5.03806
-5.00898
-4.97661
-4.94324
-4.90959
-4.87619
-4.84636
-4.81848
-4.79488
-4.77635
-4.76415
-4.76007
-4.76008
-4.76519
-4.77386
-4.78969
-4.81027
-4.83599
-4.86422
-4.89365
-4.92245
-4.95211
-4.98279
-5.01266
-5.04341
-5.07242
-5.09684
-5.11436
-5.12172
-5.11651
-5.10155
-5.07762
-5.04649
-5.01265
-4.9815
-4.9553
-4.93817
-4.93261
-4.93355
-4.94118
-4.95131
-4.96329
-4.97297
-4.97976
-4.97955
-4.97338
-4.96365
-4.953
-4.94332
-4.93652
-4.93047
-4.92184
-4.90974
-4.89474
-4.88324
-4.87603
-4.87965
-4.89156
-4.91366
-4.94013
-4.96773
-4.99583
-5.02076
-5.03799
-5.04828
-5.05108
-5.04744
-5.04165
-5.03284
-5.02536
-5.01551
-5.00413
-4.99311
-4.98243
-4.97305
-4.96703
-4.96544
-4.96666
-4.96736
-4.96422
-4.95946
-4.95387
-4.94961
-4.95103
-4.95508
-4.96202
-4.97098
-4.97827
-4.98092
-4.98168
-4.98075
-4.98127
-4.98244
-4.98156
-4.97926
-4.97743
-4.97718
-4.97788
-4.98034
-4.9819
-4.98013
-4.97416
-4.96484
-4.95468
-4.94537
-4.93852
-4.93597
-4.93672
-4.93754
-4.94017
-4.94533
-4.95063
-4.95908
-4.96997
-4.98236
-4.99509
-5.00869
-5.02157
-5.0305
-5.03589
-5.03751
-5.03251
-5.02004
-4.99962
-4.97232
-4.94205
-4.91517
-4.89605
-4.88716
-4.89011
-4.9034
-4.92221
-4.94158
-4.95761
-4.96738
-4.97284
-4.97386
-4.97296
-4.97307
-4.97777
-4.98899
-5.00798
-5.03036
-5.05153
-5.07161
-5.08369
-5.08682
-5.08084
-5.06924
-5.05429
-5.03968
-5.02524
-5.01154
-4.99663
-4.97834
-4.95886
-4.93571
-4.91405
-4.89509
-4.8828
-4.88115
-4.88893
-4.90508
-4.92584
-4.95115
-4.97756
-5.00179
-5.02325
-5.03997
-5.05303
-5.0639
-5.07053
-5.07612
-5.08295
-5.08729
-5.08706
-5.08035
-5.06803
-5.05042
-5.02872
-5.00494
-4.98206
-4.96172
-4.94649
-4.93799
-4.93736
-4.94632
-4.96578
-4.99485
-5.02995
-5.06778
-5.10252
-5.1301
-5.14581
-5.14786
-5.13479
-5.10841
-5.07457
-5.03365
-4.9939
-4.95996
-4.93445
-4.91612
-4.90201
-4.88697
-4.86849
-4.84773
-4.83156
-4.82177
-4.82835
-4.85227
-4.88989
-4.93629
-4.98456
-5.02929
-5.06607
-5.09372
-5.11185
-5.12204
-5.12426
-5.12099
-5.11435
-5.10728
-5.10114
-5.09594
-5.08947
-5.08099
-5.06669
-5.04824
-5.02538
-5.0006
-4.97738
-4.95844
-4.94754
-4.94565
-4.95152
-4.96379
-4.97917
-4.99414
-5.00561
-5.0116
-5.01208
-5.00747
-5.00049
-4.99521
-4.99516
-5.00252
-5.02096
-5.04977
-5.08541
-5.12302
-5.15846
-5.18846
-5.21039
-5.22235
-5.22457
-5.21731
-5.20283
-5.18442
-5.16182
-5.13631
-5.11136
-5.08779
-5.06239
-5.03919
-5.01816
-5.00173
-4.99013
-4.98321
-4.97457
-4.96195
-4.94426
-4.9186
-4.88749
-4.85463
-4.82441
-4.8041
-4.80235
-4.8285
-4.87914
-4.94554
-5.00767
-5.05482
-5.08139
-5.08648
-5.07251
-5.04623
-5.0131
-4.98218
-4.95981
-4.94555
-4.93901
-4.93517
-4.92629
-4.91235
-4.89458
-4.87427
-4.85625
-4.84457
-4.84193
-4.84528
-4.85657
-4.87213
-4.8902
-4.91139
-4.93848
-4.97304
-5.01327
-5.05781
-5.10046
-5.13856
-5.16952
-5.19098
-5.20371
-5.20896
-5.20692
-5.19722
-5.18236
-5.16392
-5.14129
-5.11673
-5.09009
-5.06493
-5.04291
-5.02449
-5.01112
-5.00379
-5.0021
-5.00768
-5.017
-5.02725
-5.0363
-5.04368
-5.04813
-5.05375
-5.05997
-5.06696
-5.07491
-5.0822
-5.08849
-5.09368
-5.09318
-5.08623
-5.07475
-5.05822
-5.04071
-5.02382
-5.01085
-5.00225
-4.99707
-4.98959
-4.9785
-4.96312
-4.94384
-4.92335
-4.90303
-4.89054
-4.89202
-4.90499
-4.92698
-4.95543
-4.98453
-5.01033
-5.03065
-5.04444
-5.05161
-5.05312
-5.04935
-5.04205
-5.03552
-5.03055
-5.02972
-5.03332
-5.04102
-5.05077
-5.05906
-5.06335
-5.06055
-5.04949
-5.03149
-5.00755
-4.9835
-4.96153
-4.94409
-4.93358
-4.92975
-4.93159
-4.93876
-4.9505
-4.9638
-4.97466
-4.98135
-4.98297
-4.98212
-4.98173
-4.98333
-4.98868
-4.99518
-5.001
-5.00432
-5.00794
-5.01164
-5.0175
-5.02646
-5.0339
-5.0379
-5.0341
-5.02393
-5.00911
-4.98919
-4.96825
-4.9462
-4.92736
-4.9146
-4.90879
-4.91099
-4.92012
-4.93635
-4.95418
-4.96897
-4.97996
-4.98543
-4.9895
-4.99285
-4.99733
-5.00154
-5.00541
-5.00757
-5.0092
-5.0105
-5.00896
-5.00532
-4.99948
-4.98984
-4.98196
-4.97392
-4.96803
-4.96477
-4.96064
-4.95301
-4.94142
-4.92584
-4.90863
-4.89068
-4.87455
-4.86171
-4.85416
-4.85394
-4.86047
-4.87556
-4.89707
-4.92465
-4.95698
-4.99093
-5.02666
-5.0591
-5.08773
-5.10912
-5.12246
-5.12665
-5.11997
-5.10379
-5.07688
-5.04409
-5.00947
-4.9789
-4.95435
-4.93529
-4.92256
-4.91345
-4.90803
-4.90392
-4.9038
-4.90985
-4.92094
-4.93615
-4.95601
-4.97574
-4.99305
-5.00715
-5.01647
-5.02019
-5.01708
-5.00634
-4.98879
-4.96619
-4.94108
-4.91987
-4.90356
-4.8941
-4.88848
-4.88453
-4.88223
-4.88132
-4.88677
-4.90128
-4.92656
-4.95626
-4.9858
-5.00797
-5.02453
-5.03233
-5.03102
-5.0231
-5.01036
-4.99316
-4.97429
-4.95592
-4.93664
-4.91782
-4.90233
-4.89083
-4.88279
-4.87851
-4.87797
-4.8808
-4.88766
-4.89766
-4.9118
-4.93069
-4.95456
-4.98005
-5.00089
-5.01393
-5.01701
-5.01119
-5.00008
-4.98963
-4.98034
-4.97458
-4.97028
-4.96513
-4.96175
-4.96136
-4.96347
-4.96843
-4.97338
-4.97981
-4.98433
-4.98835
-4.99121
-4.99195
-4.99246
-4.99218
-4.9926
-4.99577
-4.99742
-4.99866
-4.99912
-4.99642
-4.99178
-4.98349
-4.97208
-4.96047
-4.94978
-4.94048
-4.9332
-4.92788
-4.92209
-4.91158
-4.8994
-4.88518
-4.8764
-4.87522
-4.88349
-4.89929
-4.9167
-4.93487
-4.9498
-4.96075
-4.96526
-4.96507
-4.96305
-4.96069
-4.9575
-4.95391
-4.9498
-4.94347
-4.93393
-4.92316
-4.91468
-4.91151
-4.91259
-4.91595
-4.91857
-4.91923
-4.91683
-4.91479
-4.91295
-4.91118
-4.90668
-4.89769
-4.88549
-4.87153
-4.85989
-4.85026
-4.84462
-4.84258
-4.8441
-4.8504
-4.85999
-4.8742
-4.8917
-4.91125
-4.9314
-4.95102
-4.96813
-4.98112
-4.99013
-4.99498
-4.99447
-4.99139
-4.98813
-4.99078
-4.99862
-5.01058
-5.02115
-5.02917
-5.03636
-5.04463
-5.05238
-5.05682
-5.05843
-5.05608
-5.05277
-5.04925
-5.04688
-5.04101
-5.03003
-5.01225
-4.98961
-4.96108
-4.92758
-4.89004
-4.85024
-4.80822
-4.76576
-4.72844
-4.70285
-4.69859
-4.7157
-4.75089
-4.79417
-4.83888
-4.87899
-4.91684
-4.94992
-4.97953
-5.00427
-5.01994
-5.02832
-5.0258
-5.01182
-4.98969
-4.96188
-4.93388
-4.91013
-4.89686
-4.89344
-4.90041
-4.91096
-4.92329
-4.9321
-4.93563
-4.934
-4.9278
-4.91873
-4.91043
-4.90307
-4.89874
-4.89593
-4.89739
-4.90356
-4.916
-4.93348
-4.9529
-4.97376
-4.98974
-5.00093
-5.00719
-5.00801
-5.00563
-4.99959
-4.98992
-4.97859
-4.96405
-4.95013
-4.93859
-4.93046
-4.92575
-4.92359
-4.9223
-4.92369
-4.92551
-4.92748
-4.92798
-4.92781
-4.92507
-4.9219
-4.92228
-4.9276
-4.93926
-4.95798
-4.98132
-5.00718
-5.03464
-5.06137
-5.08593
-5.10891
-5.12929
-5.14495
-5.15716
-5.16185
-5.1587
-5.14625
-5.12076
-5.08458
-5.03977
-4.99534
-4.95553
-4.92802
-4.91448
-4.91309
-4.9174
-4.92156
-4.9208
-4.912
-4.89643
-4.88083
-4.87238
-4.8746
-4.88872
-4.90717
-4.9249
-4.93728
-4.94797
-4.9605
-4.97641
-4.9961
-5.01674
-5.03824
-5.05949
-5.0796
-5.09745
-5.11221
-5.12012
-5.12228
-5.11989
-5.11219
-5.10089
-5.084
-5.06259
-5.03834
-5.01301
-4.98894
-4.96798
-4.94949
-4.93574
-4.92433
-4.91868
-4.91715
-4.91757
-4.91749
-4.91822
-4.91881
-4.92195
-4.92896
-4.94128
-4.95839
-4.97999
-5.00023
-5.02094
-5.03752
-5.05053
-5.0577
-5.05969
-5.05849
-5.05744
-5.06009
-5.06906
-5.08291
-5.09897
-5.10963
-5.11321
-5.10766
-5.09418
-5.07535
-5.05633
-5.03744
-5.02077
-5.00502
-4.99092
-4.98102
-4.97767
-4.98144
-4.99183
-5.00413
-5.01253
-5.0154
-5.00802
-4.99182
-4.96993
-4.94711
-4.92621
-4.91261
-4.90713
-4.91162
-4.92137
-4.93654
-4.95309
-4.97153
-4.98942
-5.00742
-5.02541
-5.04115
-5.05439
-5.06396
-5.06604
-5.0585
-5.04406
-5.02113
-4.99624
-4.97226
-4.95219
-4.94513
-4.95266
-4.97391
-5.00238
-5.03089
-5.05301
-5.06576
-5.06924
-5.06411
-5.0507
-5.03208
-5.0135
-4.99767
-4.98862
-4.98756
-4.99117
-4.99375
-4.98989
-4.97496
-4.95204
-4.92786
-4.90669
-4.89633
-4.89884
-4.91049
-4.9263
-4.94367
-4.95721
-4.96521
-4.96868
-4.96897
-4.96588
-4.9616
-4.95871
-4.95717
-4.95793
-4.96109
-4.96738
-4.97529
-4.98471
-4.99572
-5.0046
-5.0098
-5.00754
-4.999
-4.98469
-4.97029
-4.96041
-4.95531
-4.95993
-4.97311
-4.992
-5.01507
-5.03643
-5.05625
-5.07397
-5.09163
-5.11014
-5.12816
-5.14316
-5.15126
-5.15032
-5.14029
-5.12626
-5.11152
-5.09896
-5.08853
-5.07938
-5.06844
-5.05197
-5.02529
-4.98952
-4.95095
-4.91562
-4.89191
-4.8851
-4.89654
-4.91969
-4.94813
-4.97383
-4.99223
-5.00076
-4.99964
-4.9868
-4.96554
-4.94412
-4.92557
-4.91183
-4.90549
-4.90272
-4.90157
-4.901
-4.90055
-4.90146
-4.90833
-4.92079
-4.94143
-4.96471
-4.98582
-4.99858
-5.0031
-4.99865
-4.98727
-4.97208
-4.95603
-4.94225
-4.93212
-4.92282
-4.91221
-4.89448
-4.8702
-4.84062
-4.81039
-4.7851
-4.76975
-4.76484
-4.77091
-4.78753
-4.81182
-4.84136
-4.87163
-4.90091
-4.9273
-4.95226
-4.97669
-4.99674
-5.01104
-5.01572
-5.00902
-4.99194
-4.96799
-4.94009
-4.91494
-4.89549
-4.88393
-4.88264
-4.89094
-4.90529
-4.92302
-4.94017
-4.95622
-4.97157
-4.98623
-5.00385
-5.0205
-5.03249
-5.0354
-5.03134
-5.02094
-5.00555
-4.98564
-4.96369
-4.94306
-4.92699
-4.9206
-4.92584
-4.9428
-4.96851
-4.99756
-5.02475
-5.04642
-5.05966
-5.06457
-5.06444
-5.06337
-5.06459
-5.06852
-5.07397
-5.07332
-5.06516
-5.04923
-5.03036
-5.01473
-5.0095
-5.01866
-5.04266
-5.07543
-5.10851
-5.13495
-5.14939
-5.1514
-5.13833
-5.1168
-5.08666
-5.05315
-5.02288
-4.99743
-4.97945
-4.97015
-4.96557
-4.96518
-4.96783
-4.97404
-4.98439
-4.99867
-5.01597
-5.03636
-5.05779
-5.07545
-5.09073
-5.09788
-5.09585
-5.08274
-5.06066
-5.03089
-5.0007
-4.97629
-4.9656
-4.96912
-4.9835
-5.0054
-5.02713
-5.04392
-5.05185
-5.05054
-5.0411
-5.02756
-5.01231
-4.99579
-4.98228
-4.9749
-4.97157
-4.97288
-4.97284
-4.97206
-4.96968
-4.9669
-4.96393
-4.96615
-4.96884
-4.97104
-4.97345
-4.97338
-4.97429
-4.97645
-4.98092
-4.98935
-5.00144
-5.01614
-5.02982
-5.04126
-5.0477
-5.04833
-5.04094
-5.02497
-5.0045
-4.98131
-4.95667
-4.93187
-4.90964
-4.88823
-4.8694
-4.85265
-4.83809
-4.82795
-4.82246
-4.82156
-4.82633
-4.83906
-4.86054
-4.888
-4.9181
-4.94792
-4.97188
-4.98813
-4.99328
-4.9887
-4.97556
-4.95604
-4.93926
-4.92943
-4.9273
-4.93279
-4.94124
-4.94976
-4.95377
-4.95542
-4.95331
-4.95242
-4.95358
-4.95629
-4.96144
-4.96727
-4.97095
-4.97413
-4.97803
-4.98244
-4.98933
-4.99892
-5.00942
-5.01701
-5.01756
-5.0124
-5.00912
-5.01935
-5.04403
-5.07206
-5.08872
-5.08853
-5.07059
-5.04054
-5.00504
-4.9735
-4.94964
-4.93393
-4.92393
-4.91945
-4.9176
-4.91843
-4.92257
-4.93099
-4.94248
-4.95751
-4.97524
-4.99475
-5.01248
-5.02642
-5.03294
-5.03171
-5.02416
-5.01211
-4.99493
-4.97902
-4.96529
-4.95646
-4.95381
-4.95719
-4.96499
-4.97554
-4.98338
-4.9866
-4.98417
-4.97219
-4.95103
-4.92497
-4.89979
-4.8801
-4.86897
-4.86669
-4.87376
-4.88722
-4.90591
-4.92461
-4.94357
-4.96135
-4.97387
-4.98345
-4.98824
-4.9863
-4.97866
-4.96705
-4.95358
-4.93776
-4.92335
-4.91087
-4.89859
-4.88628
-4.87324
-4.86012
-4.84589
-4.83361
-4.82585
-4.82524
-4.8354
-4.85531
-4.88174
-4.90886
-4.93479
-4.95573
-4.96814
-4.97281
-4.96969
-4.9595
-4.94766
-4.93729
-4.93219
-4.9352
-4.9436
-4.95623
-4.96741
-4.97458
-4.97507
-4.97002
-4.95754
-4.94298
-4.92833
-4.9166
-4.90946
-4.90629
-4.90841
-4.91467
-4.92413
-4.93482
-4.9469
-4.95983
-4.97125
-4.98066
-4.99028
-4.99777
-5.00291
-5.00599
-5.00571
-4.99889
-4.98734
-4.97187
-4.95469
-4.93977
-4.93006
-4.92796
-4.93526
-4.95056
-4.97117
-4.99196
-5.0133
-5.02931
-5.03807
-5.03823
-5.02851
-5.01296
-4.99578
-4.98334
-4.98011
-4.98814
-5.00459
-5.02463
-5.04543
-5.06336
-5.07858
-5.08891
-5.09267
-5.08752
-5.0688
-5.03805
-4.99843
-4.95151
-4.90371
-4.86222
-4.82707
-4.80551
-4.79262
-4.78852
-4.78853
-4.79108
-4.79355
-4.79659
-4.79769
-4.80079
-4.80717
-4.81778
-4.83555
-4.85953
-4.88942
-4.92219
-4.95691
-4.99305
-5.02785
-5.05932
-5.08617
-5.10599
-5.11597
-5.1186
-5.11507
-5.10586
-5.09601
-5.08433
-5.07011
-5.05389
-5.03656
-5.0191
-5.00356
-4.98946
-4.97707
-4.96503
-4.95506
-4.94458
-4.93558
-4.92678
-4.91971
-4.91291
-4.9107
-4.91539
-4.92311
-4.93247
-4.94042
-4.94711
-4.95561
-4.96743
-4.9841
-5.00165
-5.01956
-5.03083
-5.03514
-5.03184
-5.01976
-5.00607
-4.99671
-4.99464
-4.99946
-5.00659
-5.0131
-5.01659
-5.01452
-5.00748
-4.99625
-4.98027
-4.95988
-4.93467
-4.90691
-4.87959
-4.85705
-4.84096
-4.83212
-4.83006
-4.83306
-4.83983
-4.84767
-4.85862
-4.86979
-4.88109
-4.89164
-4.90042
-4.90527
-4.90621
-4.90472
-4.90261
-4.90077
-4.90149
-4.90905
-4.92087
-4.93857
-4.95853
-4.97724
-4.99282
-5.0064
-5.01891
-5.0318
-5.04467
-5.05832
-5.07096
-5.08055
-5.08635
-5.08959
-5.08884
-5.08702
-5.08151
-5.07214
-5.0574
-5.03918
-5.01546
-4.99052
-4.9704
-4.96368
-4.97352
-4.99649
-5.02485
-5.05447
-5.0768
-5.09217
-5.10022
-5.10409
-5.10695
-5.10674
-5.10259
-5.0935
-5.0737
-5.04437
-5.0091
-4.9733
-4.94091
-4.91625
-4.90548
-4.90991
-4.92752
-4.95386
-4.98516
-5.01894
-5.05481
-5.09035
-5.12105
-5.14295
-5.15338
-5.15049
-5.13626
-5.11409
-5.09016
-5.06839
-5.04868
-5.02974
-5.00979
-4.98942
-4.97296
-4.96242
-4.95878
-4.96196
-4.96787
-4.97119
-4.96983
-4.95783
-4.93572
-4.90551
-4.87501
-4.85547
-4.85527
-4.87306
-4.90488
-4.94164
-4.97835
-5.01146
-5.0374
-5.05449
-5.06502
-5.07016
-5.07073
-5.06609
-5.05776
-5.04752
-5.03807
-5.03116
-5.02988
-5.03515
-5.04389
-5.05684
-5.06917
-5.08034
-5.08593
-5.08878
-5.09199
-5.09906
-5.10607
-5.11299
-5.11678
-5.11627
-5.11195
-5.10535
-5.09784
-5.09036
-5.08403
-5.07904
-5.07213
-5.06471
-5.05612
-5.04385
-5.0293
-5.01216
-4.99397
-4.97465
-4.95478
-4.93387
-4.90944
-4.88347
-4.8556
-4.82755
-4.80296
-4.78466
-4.77253
-4.77089
-4.78224
-4.80622
-4.84001
-4.88259
-4.93039
-4.97873
-5.02516
-5.06507
-5.09914
-5.12217
-5.13239
-5.12866
-5.11085
-5.08333
-5.05285
-5.02507
-5.00544
-4.99699
-4.99723
-5.00323
-5.01261
-5.02108
-5.02958
-5.03843
-5.0505
-5.06649
-5.08576
-5.10724
-5.12898
-5.14642
-5.15702
-5.15842
-5.15094
-5.13484
-5.11119
-5.08255
-5.05258
-5.02354
-4.9961
-4.97282
-4.954
-4.94117
-4.93824
-4.94573
-4.96272
-4.98307
-5.00377
-5.02428
-5.04457
-5.06695
-5.08768
-5.10358
-5.1115
-5.10786
-5.09012
-5.06046
-5.01692
-4.96805
-4.91895
-4.88066
-4.85729
-4.84833
-4.85438
-4.86623
-4.88155
-4.89484
-4.90407
-4.90966
-4.91092
-4.90978
-4.90775
-4.90745
-4.91056
-4.91636
-4.92778
-4.94354
-4.96319
-4.98529
-5.00785
-5.02924
-5.0478
-5.06321
-5.07494
-5.08041
-5.08234
-5.08077
-5.07735
-5.0735
-5.06895
-5.06052
-5.04413
-5.01962
-4.99153
-4.96154
-4.93807
-4.92233
-4.91735
-4.91944
-4.92643
-4.93547
-4.94495
-4.95263
-4.96002
-4.96718
-4.976
-4.98858
-5.0048
-5.02532
-5.04796
-5.06926
-5.08711
-5.09506
-5.09404
-5.08428
-5.07051
-5.05308
-5.03475
-5.01365
-4.99259
-4.9694
-4.94873
-4.92967
-4.91456
-4.90637
-4.90396
-4.91224
-4.93147
-4.95841
-4.98821
-5.01765
-5.04179
-5.06105
-5.0706
-5.07261
-5.06763
-5.05906
-5.04846
-5.04103
-5.03884
-5.04139
-5.04837
-5.05774
-5.06775
-5.0747
-5.07686
-5.07016
-5.05685
-5.03468
-5.00591
-4.97384
-4.94017
-4.90819
-4.8788
-4.85569
-4.84166
-4.83949
-4.85076
-4.87515
-4.90909
-4.94908
-4.98908
-5.02492
-5.05255
-5.07195
-5.08158
-5.08454
-5.0827
-5.07665
-5.06485
-5.05142
-5.03166
-5.00681
-4.97724
-4.94448
-4.9117
-4.88489
-4.86629
-4.85778
-4.86274
-4.87693
-4.89765
-4.92001
-4.94058
-4.95835
-4.97007
-4.97682
-4.97816
-4.97188
-4.95921
-4.9412
-4.91679
-4.89008
-4.8614
-4.8326
-4.80902
-4.78961
-4.77812
-4.77788
-4.78876
-4.81227
-4.84767
-4.89083
-4.93536
-4.97713
-5.01252
-5.03828
-5.0503
-5.0485
-5.03358
-5.00883
-4.97761
-4.94738
-4.91904
-4.89795
-4.88369
-4.87743
-4.87462
-4.87382
-4.8758
-4.87826
-4.88286
-4.88749
-4.89324
-4.90139
-4.91255
-4.92558
-4.93895
-4.9515
-4.95762
-4.95515
-4.94642
-4.93697
-4.9311
-4.93547
-4.94889
-4.96644
-4.98206
-4.99436
-5.00261
-5.00821
-5.01331
-5.01756
-5.01945
-5.0193
-5.01369
-5.00407
-4.99272
-4.98021
-4.96879
-4.95944
-4.95474
-4.95374
-4.95356
-4.95423
-4.95422
-4.95467
-4.95359
-4.95647
-4.96409
-4.97935
-5.00125
-5.02835
-5.05818
-5.08732
-5.11202
-5.13132
-5.14113
-5.14208
-5.13468
-5.12064
-5.10182
-5.08028
-5.05584
-5.03051
-5.00311
-4.97594
-4.94992
-4.92838
-4.91474
-4.91226
-4.92297
-4.94754
-4.98138
-5.01685
-5.04653
-5.06939
-5.0818
-5.08535
-5.08412
-5.08024
-5.07338
-5.06403
-5.04987
-5.03651
-5.02409
-5.01795
-5.01627
-5.01931
-5.02358
-5.02753
-5.03264
-5.04003
-5.05188
-5.06764
-5.08511
-5.10084
-5.11275
-5.12122
-5.12455
-5.12457
-5.12031
-5.11343
-5.10148
-5.08538
-5.06531
-5.04048
-5.00962
-4.97631
-4.94217
-4.91091
-4.88412
-4.86829
-4.86006
-4.86222
-4.87092
-4.88274
-4.89405
-4.9039
-4.91008
-4.91537
-4.92376
-4.93687
-4.95724
-4.98295
-5.01281
-5.04233
-5.06785
-5.08977
-5.10606
-5.119
-5.12919
-5.13527
-5.13501
-5.12265
-5.10153
-5.0737
-5.04478
-5.01973
-5.00576
-4.99989
-5.00116
-5.0057
-5.01074
-5.01446
-5.01716
-5.01781
-5.01542
-5.00897
-5.00026
-4.98934
-4.97897
-4.96855
-4.95741
-4.94765
-4.93686
-4.92702
-4.92113
-4.92021
-4.92678
-4.93891
-4.95604
-4.97492
-4.99385
-5.01265
-5.03118
-5.04426
-5.04916
-5.04316
-5.02754
-5.00577
-4.98129
-4.96355
-4.95607
-4.96016
-4.97528
-4.99573
-5.02028
-5.04327
-5.06385
-5.07967
-5.08887
-5.08985
-5.08114
-5.06307
-5.03942
-5.01216
-4.98851
-4.97181
-4.96457
-4.96444
-4.97165
-4.98548
-5.00401
-5.02665
-5.05188
-5.0793
-5.10551
-5.12514
-5.1331
-5.12676
-5.10768
-5.07959
-5.04841
-5.02256
-5.00578
-4.99771
-4.99681
-5.00233
-5.00852
-5.0147
-5.01764
-5.01873
-5.01706
-5.01371
-5.01047
-5.00904
-5.00975
-5.01038
-5.01172
-5.01267
-5.01194
-5.00648
-4.99524
-4.98076
-4.96222
-4.9473
-4.93899
-4.94016
-4.94889
-4.96225
-4.97826
-4.99405
-5.00969
-5.02265
-5.03503
-5.04795
-5.05992
-5.072
-5.0805
-5.08684
-5.09053
-5.0921
-5.09445
-5.0968
-5.09974
-5.09948
-5.09342
-5.0825
-5.06773
-5.05495
-5.04192
-5.02888
-5.0167
-5.00657
-4.99808
-4.99369
-4.99293
-4.99734
-5.00419
-5.00669
-5.0021
-4.99028
-4.97311
-4.95783
-4.95014
-4.95569
-4.96788
-4.9834
-4.99754
-5.00558
-5.00956
-5.01258
-5.01304
-5.01153
-5.00737
-4.99855
-4.98445
-4.96745
-4.94698
-4.92817
-4.91604
-4.91532
-4.92778
-4.9473
-4.96765
-4.98325
-4.99521
-5.00505
-5.01243
-5.01748
-5.01941
-5.01966
-5.01506
-5.00498
-4.99396
-4.97894
-4.96099
-4.94276
-4.92563
-4.91179
-4.90191
-4.895
-4.89181
-4.89267
-4.89707
-4.90644
-4.92107
-4.93945
-4.96123
-4.98411
-5.00532
-5.0215
-5.03012
-5.03444
-5.03426
-5.03104
-5.02719
-5.02352
-5.02064
-5.01757
-5.01243
-5.00233
-4.98869
-4.97617
-4.96837
-4.96686
-4.97146
-4.97849
-4.98246
-4.98057
-4.97182
-4.95957
-4.94761
-4.93951
-4.93928
-4.94916
-4.9711
-5.00225
-5.04212
-5.08548
-5.12432
-5.15543
-5.17753
-5.18888
-5.19025
-5.18052
-5.16012
-5.13177
-5.09845
-5.06486
-5.03775
-5.02523
-5.02571
-5.03688
-5.05186
-5.06289
-5.06779
-5.06581
-5.06105
-5.05587
-5.05232
-5.05789
-5.06963
-5.08519
-5.10088
-5.11212
-5.11731
-5.11485
-5.10638
-5.09491
-5.08281
-5.07258
-5.06719
-5.06665
-5.06628
-5.06456
-5.05838
-5.04388
-5.02128
-4.99114
-4.95613
-4.91876
-4.88422
-4.85637
-4.83976
-4.83486
-4.84326
-4.86228
-4.88823
-4.92179
-4.95697
-4.99108
-5.02116
-5.04773
-5.06943
-5.08653
-5.10128
-5.11119
-5.11842
-5.12147
-5.11979
-5.11172
-5.09798
-5.08115
-5.06228
-5.04359
-5.02435
-5.00591
-4.98844
-4.97102
-4.95465
-4.94068
-4.92634
-4.91465
-4.90487
-4.89601
-4.886
-4.87341
-4.85747
-4.83683
-4.81491
-4.79317
-4.7774
-4.77004
-4.77192
-4.78307
-4.80282
-4.83061
-4.86247
-4.89465
-4.92531
-4.94941
-4.97006
-4.98933
-5.00686
-5.02431
-5.04104
-5.05693
-5.06825
-5.07327
-5.07304
-5.06497
-5.0518
-5.0332
-5.0127
-4.98959
-4.96674
-4.94331
-4.92145
-4.90096
-4.88143
-4.86563
-4.85126
-4.84089
-4.83613
-4.83917
-4.84989
-4.86818
-4.89272
-4.92091
-4.94822
-4.97264
-4.99046
-5.00011
-5.00289
-4.99862
-4.98933
-4.97887
-4.97167
-4.967
-4.97167
-4.9815
-4.99421
-5.00688
-5.01826
-5.0278
-5.0345
-5.03649
-5.03443
-5.02787
-5.01451
-4.99676
-4.97562
-4.95223
-4.92806
-4.90947
-4.90118
-4.9044
-4.92025
-4.94601
-4.97402
-4.99739
-5.01407
-5.01841
-5.01442
-5.00103
-4.98491
-4.96625
-4.9463
-4.92433
-4.89937
-4.86765
-4.8272
-4.77885
-4.72976
-4.69134
-4.67623
-4.68822
-4.72054
-4.7589
-4.79474
-4.82356
-4.84212
-4.85201
-4.85769
-4.85957
-4.86189
-4.86794
-4.87902
-4.89714
-4.92087
-4.95071
-4.98366
-5.01661
-5.04854
-5.07474
-5.0922
-5.1026
-5.10325
-5.09266
-5.0735
-5.0458
-5.01299
-4.97702
-4.94045
-4.90675
-4.88032
-4.85916
-4.84732
-4.84202
-4.84295
-4.84922
-4.85791
-4.87061
-4.8871
-4.90683
-4.92975
-4.95442
-4.97945
-5.00192
-5.01978
-5.03454
-5.04534
-5.05074
-5.05309
-5.05396
-5.05224
-5.04824
-5.03998
-5.02585
-5.00738
-4.98256
-4.95558
-4.92699
-4.90011
-4.88109
-4.87317
-4.87734
-4.89495
-4.91939
-4.94727
-4.97504
-4.99936
-5.02214
-5.04271
-5.06219
-5.08086
-5.0991
-5.113
-5.12288
-5.12457
-5.11901
-5.10608
-5.08794
-5.06593
-5.04315
-5.02108
-5.00245
-4.98622
-4.9734
-4.95999
-4.94893
-4.9407
-4.93416
-4.92962
-4.92443
-4.91893
-4.90913
-4.89537
-4.87774
-4.85828
-4.84195
-4.83155
-4.82624
-4.82732
-4.83289
-4.84166
-4.85276
-4.86685
-4.88648
-4.91245
-4.94384
-4.97669
-5.00311
-5.02033
-5.0268
-5.02481
-5.01399
-4.99585
-4.9683
-4.93356
-4.89676
-4.8633
-4.83998
-4.83089
-4.83923
-4.86321
-4.89785
-4.93587
-4.97276
-5.00586
-5.03248
-5.05143
-5.0625
-5.06553
-5.06162
-5.04742
-5.02635
-4.997
-4.96112
-4.92728
-4.90286
-4.89203
-4.89295
-4.90126
-4.911
-4.92111
-4.93311
-4.94672
-4.96013
-4.97178
-4.98295
-4.99165
-5.00002
-5.00807
-5.0196
-5.03461
-5.05053
-5.06396
-5.07091
-5.06679
-5.05304
-5.03
-5.00221
-4.97357
-4.94799
-4.92816
-4.91257
-4.90123
-4.89225
-4.88371
-4.87621
-4.86839
-4.86328
-4.85994
-4.86258
-4.87089
-4.88709
-4.91285
-4.94732
-4.98701
-5.02834
-5.06454
-5.09406
-5.10967
-5.11027
-5.09376
-5.066
-5.03227
-5.00175
-4.98037
-4.96803
-4.96704
-4.97673
-4.99464
-5.01822
-5.04292
-5.06492
-5.07956
-5.08618
-5.08781
-5.0863
-5.08575
-5.08774
-5.09288
-5.10235
-5.11679
-5.13409
-5.15339
-5.1692
-5.18129
-5.18605
-5.18266
-5.17114
-5.14878
-5.11698
-5.07954
-5.03947
-5.00167
-4.97022
-4.94547
-4.92529
-4.90965
-4.89872
-4.8947
-4.89969
-4.91359
-4.93495
-4.96188
-4.99064
-5.0168
-5.03617
-5.04503
-5.0409
-5.02983
-5.01399
-5.00246
-4.99541
-4.99108
-4.98656
-4.98212
-4.97872
-4.97828
-4.98624
-5.00514
-5.02964
-5.05893
-5.08814
-5.11576
-5.13991
-5.16056
-5.17504
-5.18349
-5.18453
-5.17775
-5.16441
-5.1458
-5.1278
-5.11132
-5.1028
-5.10216
-5.10817
-5.11771
-5.1249
-5.1269
-5.12366
-5.11494
-5.1011
-5.08463
-5.0654
-5.04402
-5.02036
-4.99535
-4.9693
-4.94272
-4.92023
-4.90426
-4.89718
-4.89979
-4.90948
-4.92193
-4.93408
-4.94362
-4.95108
-4.95828
-4.96746
-4.97697
-4.98789
-4.99805
-5.00721
-5.01395
-5.01943
-5.0223
-5.02631
-5.02882
-5.03081
-5.03034
-5.02795
-5.02135
-5.01042
-4.99576
-4.98114
-4.96796
-4.96234
-4.96289
-4.97237
-4.99025
-5.01476
-5.0413
-5.06715
-5.0877
-5.09992
-5.10436
-5.09911
-5.08418
-5.06377
-5.03925
-5.01351
-4.98926
-4.97084
-4.96195
-4.96432
-4.97741
-4.99937
-5.02643
-5.05232
-5.07161
-5.08392
-5.0867
-5.08155
-5.07206
-5.06182
-5.05575
-5.05425
-5.05903
-5.06588
-5.07423
-5.07939
-5.08217
-5.08273
-5.07993
-5.07463
-5.0691
-5.06529
-5.06117
-5.05452
-5.04454
-5.03294
-5.02636
-5.02554
-5.0313
-5.04346
-5.05707
-5.07482
-5.09495
-5.11496
-5.13174
-5.14358
-5.1525
-5.15761
-5.15885
-5.15826
-5.1553
-5.14875
-5.13841
-5.12365
-5.10674
-5.08559
-5.06394
-5.04071
-5.01526
-4.99054
-4.96671
-4.94487
-4.92887
-4.92102
-4.92721
-4.94341
-4.96509
-4.98715
-5.00286
-5.01127
-5.00866
-5.00041
-4.98911
-4.97961
-4.97471
-4.97632
-4.98583
-5.00115
-5.01874
-5.03321
-5.04511
-5.05184
-5.05321
-5.04983
-5.04601
-5.04584
-5.05291
-5.07134
-5.10058
-5.13447
-5.1639
-5.18491
-5.19231
-5.18805
-5.17149
-5.14805
-5.12075
-5.09256
-5.06675
-5.04275
-5.02015
-5.00248
-4.99275
-4.99582
-5.01192
-5.03458
-5.05305
-5.06157
-5.05867
-5.04321
-5.0159
-4.97979
-4.94048
-4.90734
-4.88873
-4.88524
-4.89534
-4.90988
-4.92288
-4.93075
-4.93237
-4.9291
-4.92431
-4.92259
-4.926
-4.93486
-4.94758
-4.96163
-4.97387
-4.98094
-4.98177
-4.97507
-4.96236
-4.94409
-4.92622
-4.91201
-4.90304
-4.9017
-4.90938
-4.92318
-4.94314
-4.96565
-4.9898
-5.01238
-5.03211
-5.04797
-5.05868
-5.06377
-5.06257
-5.05709
-5.04713
-5.03419
-5.01763
-5.00097
-4.98221
-4.96214
-4.94379
-4.93042
-4.92329
-4.92501
-4.93678
-4.95585
-4.97968
-5.00211
-5.01982
-5.02977
-5.03176
-5.02666
-5.01541
-5.00174
-4.98455
-4.96683
-4.9495
-4.93237
-4.91678
-4.90781
-4.90605
-4.91179
-4.92889
-4.95442
-4.98798
-5.02365
-5.05499
-5.07745
-5.08993
-5.09437
-5.09247
-5.08863
-5.08533
-5.08437
-5.083
-5.08313
-5.08112
-5.07455
-5.06272
-5.04686
-5.026
-5.00256
-4.97686
-4.95151
-4.93061
-4.9146
-4.90461
-4.9034
-4.90542
-4.91022
-4.91408
-4.91824
-4.92311
-4.92875
-4.93852
-4.95162
-4.96713
-4.98535
-5.00357
-5.02472
-5.04635
-5.06896
-5.09309
-5.11546
-5.13302
-5.14303
-5.14664
-5.14148
-5.12888
-5.11204
-5.09158
-5.0706
-5.05099
-5.03581
-5.02795
-5.02379
-5.02135
-5.01745
-5.01112
-5.00022
-4.98491
-4.96677
-4.94268
-4.91693
-4.89
-4.86377
-4.84325
-4.82857
-4.82082
-4.82283
-4.83364
-4.8499
-4.86901
-4.88721
-4.90309
-4.91534
-4.92467
-4.92904
-4.92913
-4.92652
-4.92136
-4.91484
-4.90824
-4.90297
-4.90015
-4.89913
-4.90101
-4.90266
-4.90323
-4.9028
-4.89992
-4.89443
-4.89134
-4.89406
-4.90493
-4.92422
-4.94848
-4.97187
-4.99379
-5.01138
-5.02186
-5.02689
-5.0231
-5.00936
-4.98713
-4.9552
-4.92108
-4.88587
-4.85651
-4.83801
-4.83181
-4.84095
-4.86059
-4.88611
-4.91295
-4.93743
-4.95619
-4.96806
-4.97075
-4.96371
-4.95048
-4.93178
-4.91215
-4.89536
-4.88678
-4.88713
-4.89799
-4.91554
-4.93657
-4.95715
-4.9757
-4.99187
-5.00318
-5.00893
-5.0093
-5.00406
-4.99461
-4.98597
-4.98035
-4.97827
-4.98015
-4.98119
-4.97771
-4.97146
-4.96427
-4.96096
-4.96349
-4.9732
-4.98978
-5.01128
-5.0328
-5.05173
-5.06918
-5.08341
-5.09422
-5.10088
-5.10312
-5.09988
-5.0902
-5.07645
-5.06054
-5.04475
-5.02966
-5.01288
-4.99548
-4.97347
-4.94818
-4.9227
-4.89929
-4.88368
-4.87464
-4.87443
-4.88213
-4.89513
-4.9151
-4.94153
-4.97345
-5.0085
-5.04459
-5.07887
-5.10724
-5.12631
-5.13665
-5.13703
-5.12907
-5.11531
-5.09875
-5.08193
-5.06495
-5.04761
-5.03197
-5.01452
-4.9989
-4.9867
-4.97881
-4.97466
-4.97852
-4.9845
-4.99193
-5.00105
-5.01024
-5.01907
-5.02309
-5.0195
-5.0054
-4.98359
-4.95695
-4.93611
-4.92489
-4.92508
-4.93663
-4.95661
-4.98015
-5.0055
-5.02822
-5.04635
-5.05905
-5.0696
-5.07696
-5.08103
-5.08028
-5.07389
-5.06196
-5.04693
-5.0306
-5.01609
-5.00677
-5.00394
-5.00895
-5.02025
-5.03679
-5.05682
-5.07838
-5.10196
-5.12206
-5.13517
-5.13934
-5.1338
-5.12187
-5.10538
-5.08809
-5.07273
-5.06112
-5.05557
-5.05186
-5.04738
-5.03989
-5.02715
-5.00802
-4.98178
-4.94954
-4.91277
-4.87672
-4.85095
-4.84246
-4.85535
-4.88859
-4.93418
-4.98403
-5.02975
-5.06472
-5.08429
-5.09281
-5.08998
-5.07914
-5.06332
-5.04847
-5.03232
-5.01708
-5.00495
-4.99943
-5.00185
-5.0138
-5.02593
-5.03796
-5.04364
-5.04109
-5.0323
-5.02153
-5.0119
-5.00491
-5
-4.99647
-4.99131
-4.9836
-4.97572
-4.9694
-4.96698
-4.97103
-4.98098
-4.99256
-5.00719
-5.02223
-5.03827
-5.05339
-5.06525
-5.0722
-5.07312
-5.06842
-5.06004
-5.04786
-5.03379
-5.01513
-4.9944
-4.97065
-4.94107
-4.90671
-4.86967
-4.83281
-4.80122
-4.77957
-4.77284
-4.78333
-4.80669
-4.84039
-4.87691
-4.91123
-4.93858
-4.95662
-4.96382
-4.96361
-4.95554
-4.94416
-4.93478
-4.93177
-4.93481
-4.94671
-4.96398
-4.98632
-5.01022
-5.03285
-5.05015
-5.05947
-5.05865
-5.04953
-5.03418
-5.01632
-5.0013
-4.99084
-4.98801
-4.99156
-5.00093
-5.01601
-5.03772
-5.06579
-5.09675
-5.12579
-5.1529
-5.17445
-5.18734
-5.19275
-5.18956
-5.18277
-5.17073
-5.15359
-5.13149
-5.10545
-5.08135
-5.06234
-5.05475
-5.05902
-5.07219
-5.09184
-5.11055
-5.12391
-5.13034
-5.13115
-5.12265
-5.10893
-5.09051
-5.07039
-5.05042
-5.0358
-5.02616
-5.02166
-5.01675
-5.01137
-5.00281
-4.99529
-4.99014
-4.98871
-4.99142
-4.99518
-4.9994
-5.00282
-5.00335
-5.00021
-4.99385
-4.98759
-4.98163
-4.97934
-4.98211
-4.99082
-5.00296
-5.01833
-5.0342
-5.05039
-5.0637
-5.0685
-5.06503
-5.05327
-5.03237
-5.00801
-4.98281
-4.96163
-4.94868
-4.94589
-4.95122
-4.96222
-4.97689
-4.99204
-5.00384
-5.01312
-5.02012
-5.02299
-5.0245
-5.0227
-5.02068
-5.02007
-5.01823
-5.01552
-5.01265
-5.0068
-4.9982
-4.98614
-4.9692
-4.9489
-4.92723
-4.90489
-4.88806
-4.8762
-4.87123
-4.87153
-4.87579
-4.88141
-4.88717
-4.89144
-4.89569
-4.89918
-4.90296
-4.90967
-4.91849
-4.93033
-4.94389
-4.95949
-4.97695
-4.99449
-5.0094
-5.02189
-5.02813
-5.03085
-5.0304
-5.02903
-5.03005
-5.03435
-5.04222
-5.05243
-5.06332
-5.07324
-5.08355
-5.09421
-5.10361
-5.10986
-5.1103
-5.10431
-5.08939
-5.06875
-5.04583
-5.02169
-5.00298
-4.99154
-4.98726
-4.98997
-4.99613
-4.9993
-4.99675
-4.98755
-4.96935
-4.94772
-4.92686
-4.91355
-4.90773
-4.91107
-4.91503
-4.91629
-4.91479
-4.91398
-4.91335
-4.91388
-4.9139
-4.9116
-4.90509
-4.89801
-4.88796
-4.87992
-4.87426
-4.87056
-4.86864
-4.86788
-4.87113
-4.87913
-4.89209
-4.90547
-4.91668
-4.92458
-4.92569
-4.92346
-4.92042
-4.91963
-4.92307
-4.93289
-4.94716
-4.9617
-4.9751
-4.98446
-4.98765
-4.98421
-4.97517
-4.96228
-4.94778
-4.93461
-4.92164
-4.90885
-4.89882
-4.89245
-4.88884
-4.89105
-4.89713
-4.90759
-4.91676
-4.92446
-4.92887
-4.93304
-4.93866
-4.94964
-4.96688
-4.98966
-5.01091
-5.02714
-5.03607
-5.03603
-5.02688
-5.01118
-4.99196
-4.96925
-4.94222
-4.90885
-4.86903
-4.82199
-4.77118
-4.72351
-4.68688
-4.66368
-4.65737
-4.66568
-4.68367
-4.70473
-4.72688
-4.74877
-4.76912
-4.79087
-4.81687
-4.84699
-4.87818
-4.90683
-4.93014
-4.94506
-4.94858
-4.93831
-4.91823
-4.88865
-4.86258
-4.85094
-4.86256
-4.89738
-4.94478
-4.99217
-5.03321
-5.06436
-5.08483
-5.09509
-5.09875
-5.09925
-5.10081
-5.10638
-5.11439
-5.12448
-5.1341
-5.13854
-5.13528
-5.12437
-5.10597
-5.08254
-5.05841
-5.0371
-5.02101
-5.01072
-5.00306
-4.99732
-4.99074
-4.98086
-4.97169
-4.96273
-4.95725
-4.95493
-4.95599
-4.96058
-4.96865
-4.97979
-4.99247
-5.00418
-5.01299
-5.02126
-5.02467
-5.02714
-5.02729
-5.02709
-5.02763
-5.02754
-5.02979
-5.03244
-5.03481
-5.03637
-5.03318
-5.02894
-5.02119
-5.01461
-5.01037
-5.0091
-5.01231
-5.01896
-5.02641
-5.03333
-5.03677
-5.03617
-5.02944
-5.01966
-5.00448
-4.98733
-4.96756
-4.94891
-4.935
-4.92511
-4.92087
-4.92079
-4.92495
-4.92856
-4.92879
-4.91973
-4.90475
-4.88557
-4.86618
-4.85286
-4.85277
-4.86212
-4.87952
-4.90109
-4.92647
-4.95493
-4.98329
-5.01022
-5.03104
-5.047
-5.05685
-5.06218
-5.05975
-5.05014
-5.03291
-5.00879
-4.97479
-4.93421
-4.8923
-4.85323
-4.82509
-4.81441
-4.81847
-4.83334
-4.85202
-4.87122
-4.88886
-4.90481
-4.91885
-4.92951
-4.93569
-4.9346
-4.92562
-4.91005
-4.89058
-4.86884
-4.84825
-4.83127
-4.8198
-4.81952
-4.82832
-4.84748
-4.87666
-4.91276
-4.95275
-4.99338
-5.03023
-5.05937
-5.07676
-5.08083
-5.07296
-5.05702
-5.0372
-5.02116
-5.01091
-5.01026
-5.01689
-5.0288
-5.04374
-5.05771
-5.0671
-5.07107
-5.06877
-5.05952
-5.0482
-5.03423
-5.0219
-5.0131
-5.00746
-5.00467
-5.00623
-5.0124
-5.02209
-5.03452
-5.04898
-5.06208
-5.07199
-5.07688
-5.0761
-5.07154
-5.06762
-5.065
-5.06277
-5.0561
-5.04178
-5.01983
-4.99221
-4.96581
-4.9486
-4.94365
-4.94971
-4.9637
-4.9795
-4.9943
-5.00467
-5.00921
-5.01003
-5.0099
-5.00967
-5.00649
-5.00014
-4.99062
-4.97487
-4.9538
-4.92653
-4.89608
-4.86353
-4.83286
-4.80646
-4.79001
-4.78448
-4.79107
-4.80828
-4.8321
-4.85579
-4.87707
-4.89393
-4.90682
-4.91601
-4.9243
-4.93509
-4.95205
-4.97327
-5.00059
-5.0312
-5.06409
-5.0958
-5.12602
-5.15317
-5.17448
-5.1882
-5.19606
-5.19748
-5.19125
-5.17924
-5.15847
-5.1315
-5.09856
-5.06664
-5.04162
-5.02478
-5.01799
-5.01712
-5.01779
-5.01619
-5.0136
-5.01055
-5.00796
-5.00923
-5.0122
-5.01449
-5.01492
-5.01265
-5.00553
-4.99062
-4.96978
-4.9454
-4.92244
-4.90574
-4.89941
-4.90466
-4.92019
-4.93882
-4.95892
-4.98032
-5.00383
-5.02874
-5.05363
-5.07772
-5.09816
-5.11461
-5.12558
-5.12992
-5.128
-5.11724
-5.1008
-5.07652
-5.04845
-5.02036
-4.99364
-4.97256
-4.95736
-4.94642
-4.93951
-4.93568
-4.93364
-4.92985
-4.92309
-4.90897
-4.88795
-4.86132
-4.83439
-4.81442
-4.80929
-4.8208
-4.84309
-4.86654
-4.88712
-4.90478
-4.92051
-4.93307
-4.94027
-4.94197
-4.93763
-4.92799
-4.91579
-4.90383
-4.89259
-4.88237
-4.87687
-4.87542
-4.87776
-4.88628
-4.9006
-4.92191
-4.95058
-4.98053
-5.00925
-5.03361
-5.05167
-5.06379
-5.07067
-5.0743
-5.07597
-5.07823
-5.0824
-5.08866
-5.09713
-5.10648
-5.11192
-5.11263
-5.10693
-5.09206
-5.06991
-5.04179
-5.00975
-4.97728
-4.94583
-4.91933
-4.90095
-4.89079
-4.88872
-4.89226
-4.89909
-4.90581
-4.90932
-4.91046
-4.90721
-4.9025
-4.89956
-4.90159
-4.91175
-4.92826
-4.94634
-4.96248
-4.97083
-4.9728
-4.97249
-4.97226
-4.97227
-4.97321
-4.96887
-4.96132
-4.94791
-4.92826
-4.90689
-4.8845
-4.86767
-4.86168
-4.86463
-4.87763
-4.8968
-4.91529
-4.92999
-4.93974
-4.94819
-4.95373
-4.95934
-4.9647
-4.96873
-4.96903
-4.9655
-4.95692
-4.94669
-4.93383
-4.92289
-4.90871
-4.88857
-4.86245
-4.83262
-4.80255
-4.77663
-4.76069
-4.75962
-4.77309
-4.7992
-4.83299
-4.86958
-4.90111
-4.92594
-4.94122
-4.94695
-4.94379
-4.93611
-4.92584
-4.9173
-4.91007
-4.90338
-4.89864
-4.89375
-4.89025
-4.88709
-4.88437
-4.88201
-4.87709
-4.87165
-4.86926
-4.87114
-4.88165
-4.89963
-4.92146
-4.94357
-4.96202
-4.97603
-4.98565
-4.99342
-5.00132
-5.01215
-5.02445
-5.03578
-5.0451
-5.05023
-5.05092
-5.04602
-5.03845
-5.02846
-5.01444
-4.9987
-4.97954
-4.96021
-4.94006
-4.91809
-4.89515
-4.87666
-4.86309
-4.85991
-4.86732
-4.88575
-4.91123
-4.93745
-4.96198
-4.98208
-4.99719
-5.00654
-5.01174
-5.01581
-5.02116
-5.02517
-5.02586
-5.02531
-5.02258
-5.0161
-5.00938
-5.00039
-4.9918
-4.98513
-4.98219
-4.98297
-4.9894
-4.99937
-5.01005
-5.01778
-5.02096
-5.0189
-5.01058
-4.99718
-4.98069
-4.96268
-4.94449
-4.92662
-4.9081
-4.88944
-4.87113
-4.85782
-4.85373
-4.85862
-4.8726
-4.8964
-4.92331
-4.95103
-4.97296
-4.98967
-4.9994
-5.00184
-5.00113
-4.99767
-4.99498
-4.9943
-4.99751
-5.00837
-5.02511
-5.04546
-5.06488
-5.0791
-5.08562
-5.08872
-5.08555
-5.08024
-5.07324
-5.06319
-5.04897
-5.03499
-5.02269
-5.01699
-5.01746
-5.02045
-5.02445
-5.02656
-5.02601
-5.02462
-5.02382
-5.02402
-5.02498
-5.02789
-5.0336
-5.03856
-5.04071
-5.03865
-5.02911
-5.01287
-4.99208
-4.96729
-4.93854
-4.90371
-4.86406
-4.81865
-4.77366
-4.73502
-4.71166
-4.70866
-4.72213
-4.74758
-4.77881
-4.8136
-4.84994
-4.88589
-4.92308
-4.95916
-4.99361
-5.02486
-5.05233
-5.07522
-5.09116
-5.09973
-5.10359
-5.10223
-5.09561
-5.08749
-5.08114
-5.08087
-5.08906
-5.10346
-5.11881
-5.1303
-5.13189
-5.12202
-5.09791
-5.0676
-5.03312
-5.00297
-4.98241
-4.97247
-4.9717
-4.97984
-4.99157
-5.00544
-5.01604
-5.02342
-5.0255
-5.02375
-5.02057
-5.01598
-5.01181
-5.00964
-5.007
-5.00433
-5.00136
-4.99948
-4.99906
-5.00323
-5.0115
-5.02333
-5.03589
-5.04683
-5.05584
-5.05802
-5.0528
-5.04066
-5.02493
-5.01065
-4.99779
-4.98847
-4.98159
-4.97374
-4.96161
-4.94664
-4.92945
-4.91375
-4.90185
-4.89699
-4.89779
-4.90384
-4.91391
-4.92846
-4.94332
-4.95698
-4.96982
-4.97931
-4.98637
-4.99242
-4.99349
-4.98645
-4.97387
-4.95714
-4.94133
-4.93202
-4.92938
-4.93595
-4.94657
-4.95658
-4.95997
-4.95398
-4.93896
-4.91707
-4.89209
-4.86605
-4.84246
-4.82058
-4.80017
-4.78258
-4.76911
-4.76494
-4.77028
-4.78744
-4.81282
-4.84171
-4.86566
-4.88291
-4.89243
-4.89815
-4.90183
-4.90858
-4.91898
-4.9334
-4.94914
-4.96369
-4.97534
-4.98285
-4.98355
-4.97691
-4.96434
-4.94861
-4.93482
-4.92689
-4.92782
-4.93625
-4.94851
-4.95775
-4.96231
-4.96035
-4.95207
-4.9433
-4.94112
-4.94801
-4.9659
-4.98642
-5.00397
-5.01684
-5.02303
-5.02784
-5.03449
-5.04594
-5.06445
-5.08605
-5.10471
-5.11683
-5.11877
-5.11279
-5.09862
-5.0824
-5.0638
-5.046
-5.02928
-5.01353
-5.00086
-4.99044
-4.98093
-4.97702
-4.97893
-4.9882
-5.00431
-5.02546
-5.04786
-5.06869
-5.08721
-5.09928
-5.10517
-5.10138
-5.08917
-5.06725
-5.03609
-4.9975
-4.95447
-4.91164
-4.87249
-4.84367
-4.82888
-4.82872
-4.84197
-4.86697
-4.89715
-4.93268
-4.96678
-4.99918
-5.02812
-5.05169
-5.06751
-5.0797
-5.08649
-5.09091
-5.08924
-5.08357
-5.06828
-5.04536
-5.01425
-4.97751
-4.94008
-4.90894
-4.89052
-4.89091
-4.91127
-4.94551
-4.98859
-5.03232
-5.07289
-5.1037
-5.12292
-5.12703
-5.11659
-5.09311
-5.06148
-5.02522
-4.98687
-4.95464
-4.92982
-4.91285
-4.90211
-4.89707
-4.89608
-4.89825
-4.90364
-4.90914
-4.91339
-4.91687
-4.92088
-4.92499
-4.92805
-4.93213
-4.93823
-4.94906
-4.96275
-4.98017
-4.99785
-5.01563
-5.02741
-5.03427
-5.03611
-5.03109
-5.02319
-5.00988
-4.99401
-4.97653
-4.95973
-4.94598
-4.93713
-4.93267
-4.9305
-4.92614
-4.92077
-4.91232
-4.90257
-4.89077
-4.87748
-4.8647
-4.85081
-4.83861
-4.82905
-4.82489
-4.8271
-4.83522
-4.84804
-4.85946
-4.86777
-4.87021
-4.86627
-4.85818
-4.84673
-4.83371
-4.82148
-4.81457
-4.81623
-4.83316
-4.86441
-4.90671
-4.94792
-4.98027
-5.00093
-5.00697
-5.00385
-4.99155
-4.97295
-4.95007
-4.92575
-4.90318
-4.88712
-4.88014
-4.88403
-4.89729
-4.91838
-4.94252
-4.96627
-4.98573
-4.9994
-5.00593
-5.00255
-4.98915
-4.96665
-4.93752
-4.90735
-4.88351
-4.87098
-4.86681
-4.86944
-4.87636
-4.8889
-4.90751
-4.93127
-4.95604
-4.97687
-4.99002
-4.99483
-4.99294
-4.9857
-4.97586
-4.9623
-4.94424
-4.92052
-4.89034
-4.8553
-4.82157
-4.79401
-4.78164
-4.7859
-4.80383
-4.832
-4.86318
-4.8972
-4.93066
-4.96281
-4.99394
-5.02061
-5.04237
-5.0583
-5.06615
-5.06675
-5.05751
-5.04166
-5.01665
-4.98162
-4.94061
-4.89653
-4.85511
-4.81979
-4.79471
-4.78114
-4.7735
-4.7748
-4.78114
-4.79389
-4.8106
-4.82878
-4.84424
-4.85797
-4.87129
-4.88261
-4.89206
-4.89704
-4.89707
-4.89125
-4.88249
-4.87336
-4.86935
-4.87507
-4.89785
-4.93384
-4.97372
-5.00892
-5.03506
-5.05239
-5.06072
-5.06204
-5.05531
-5.04341
-5.03272
-5.02656
-5.02807
-5.03428
-5.04191
-5.04468
-5.04166
-5.03082
-5.01351
-4.98858
-4.96036
-4.93027
-4.89865
-4.86915
-4.84697
-4.83615
-4.83706
-4.84829
-4.86605
-4.88931
-4.91537
-4.94671
-4.98127
-5.01417
-5.03912
-5.05317
-5.05382
-5.04483
-5.02692
-5.00811
-4.99201
-4.98338
-4.9828
-4.99017
-5.00245
-5.01634
-5.02891
-5.03677
-5.04081
-5.04036
-5.03659
-5.02868
-5.02236
-5.01565
-5.00805
-4.99877
-4.98721
-4.97874
-4.97375
-4.97944
-4.994
-5.01522
-5.03833
-5.05603
-5.0696
-5.0735
-5.07258
-5.06474
-5.05004
-5.03331
-5.01275
-4.99108
-4.96933
-4.94983
-4.93049
-4.91172
-4.89512
-4.88184
-4.87166
-4.8662
-4.86338
-4.86423
-4.86627
-4.86939
-4.87337
-4.87687
-4.87981
-4.88308
-4.88997
-4.90535
-4.92866
-4.95565
-4.98031
-4.99968
-5.01092
-5.0181
-5.01803
-5.01279
-5.00454
-4.9922
-4.98087
-4.96962
-4.96149
-4.95663
-4.95798
-4.96306
-4.96758
-4.97036
-4.97012
-4.96648
-4.9612
-4.9551
-4.95046
-4.94787
-4.94618
-4.94192
-4.93289
-4.92
-4.90302
-4.88281
-4.86451
-4.8478
-4.83579
-4.83095
-4.83283
-4.84487
-4.86611
-4.89583
-4.93367
-4.97294
-5.00934
-5.04144
-5.0661
-5.08144
-5.08537
-5.07946
-5.06651
-5.04639
-5.02599
-5.00654
-4.99363
-4.98632
-4.9845
-4.98583
-4.99007
-4.99201
-4.99215
-4.98867
-4.98805
-4.99009
-4.99732
-5.00816
-5.01897
-5.02643
-5.0287
-5.0269
-5.02166
-5.01748
-5.01127
-5.00734
-5.00595
-5.00559
-5.00434
-5.00305
-5.00015
-4.99779
-4.99192
-4.98047
-4.96558
-4.94711
-4.92568
-4.90198
-4.87601
-4.85084
-4.82926
-4.81648
-4.81517
-4.82678
-4.85192
-4.88559
-4.92018
-4.94801
-4.96556
-4.96928
-4.95929
-4.93786
-4.90763
-4.87539
-4.84712
-4.8262
-4.81612
-4.81875
-4.83356
-4.8579
-4.88843
-4.92164
-4.95297
-4.97896
-5.00006
-5.01201
-5.01501
-5.0104
-4.9993
-4.98527
-4.97163
-4.9573
-4.94568
-4.9364
-4.93086
-4.92969
-4.93882
-4.96096
-4.99581
-5.03988
-5.08307
-5.12177
-5.15131
-5.16773
-5.17201
-5.16457
-5.14811
-5.12483
-5.09826
-5.07168
-5.04541
-5.02442
-5.00956
-5.00219
-5.00436
-5.01546
-5.03291
-5.05295
-5.06982
-5.08266
-5.08919
-5.08984
-5.08668
-5.08374
-5.08017
-5.07431
-5.06695
-5.05563
-5.04177
-5.02991
-5.02131
-5.01841
-5.02077
-5.0263
-5.03237
-5.03796
-5.04059
-5.04381
-5.04583
-5.04673
-5.04607
-5.0419
-5.03141
-5.01366
-4.98999
-4.96364
-4.93901
-4.91918
-4.90671
-4.90084
-4.89593
-4.89092
-4.88168
-4.86951
-4.85686
-4.8449
-4.83954
-4.84126
-4.84841
-4.86274
-4.87945
-4.89771
-4.91449
-4.93131
-4.94673
-4.96016
-4.97018
-4.97707
-4.98193
-4.98317
-4.98348
-4.98495
-4.98744
-4.99097
-4.99491
-5.00221
-5.01178
-5.02322
-5.03148
-5.03584
-5.03346
-5.02276
-5.00311
-4.97704
-4.94485
-4.91506
-4.88592
-4.86473
-4.85272
-4.84872
-4.84997
-4.85676
-4.86543
-4.87549
-4.88558
-4.89199
-4.89623
-4.89728
-4.89548
-4.8943
-4.89318
-4.8926
-4.89405
-4.89895
-4.90809
-4.92156
-4.93353
-4.94274
-4.94527
-4.9404
-4.93007
-4.91478
-4.89845
-4.88513
-4.87306
-4.86683
-4.86634
-4.87217
-4.88289
-4.90106
-4.92353
-4.95047
-4.97362
-4.99378
-5.00671
-5.01242
-5.00966
-4.99801
-4.97746
-4.95377
-4.9304
-4.91499
-4.90964
-4.91443
-4.92692
-4.94377
-4.96139
-4.97789
-4.99149
-5.00416
-5.01544
-5.02316
-5.02468
-5.01649
-4.99805
-4.96718
-4.92979
-4.8905
-4.85588
-4.83662
-4.84025
-4.86656
-4.90865
-4.95789
-5.00225
-5.03945
-5.0646
-5.07838
-5.08184
-5.07793
-5.06834
-5.05476
-5.03831
-5.02361
-5.01247
-5.0052
-5.00507
-5.01116
-5.02133
-5.0303
-5.03489
-5.03173
-5.02265
-5.00543
-4.98438
-4.96512
-4.94919
-4.94123
-4.93923
-4.9443
-4.95455
-4.96707
-4.98003
-4.99233
-5.00448
-5.01488
-5.02449
-5.03114
-5.03524
-5.03699
-5.03488
-5.03384
-5.03465
-5.03742
-5.04321
-5.05275
-5.06388
-5.07186
-5.07552
-5.07366
-5.06491
-5.0548
-5.04471
-5.03318
-5.02539
-5.01922
-5.01524
-5.01144
-5.00575
-4.99783
-4.98765
-4.97678
-4.9667
-4.96115
-4.95401
-4.94564
-4.93488
-4.92575
-4.91827
-4.91674
-4.92481
-4.94004
-4.95864
-4.97735
-4.9922
-5.00114
-5.00422
-5.00217
-4.99689
-4.99125
-4.98667
-4.98744
-4.99311
-5.00296
-5.01346
-5.02009
-5.02056
-5.01434
-5.00194
-4.98478
-4.96393
-4.94324
-4.92503
-4.91313
-4.91009
-4.91334
-4.92476
-4.93903
-4.95524
-4.97204
-4.98859
-5.00413
-5.01905
-5.03335
-5.0458
-5.05376
-5.0549
-5.04872
-5.03336
-5.01123
-4.98716
-4.96292
-4.94677
-4.93751
-4.93883
-4.94926
-4.96463
-4.98146
-4.99753
-5.01179
-5.02097
-5.02715
-5.02775
-5.02282
-5.01214
-4.99422
-4.97579
-4.96112
-4.95301
-4.94995
-4.94623
-4.94234
-4.93547
-4.92804
-4.91959
-4.91356
-4.90914
-4.91069
-4.91627
-4.92595
-4.93875
-4.95335
-4.96933
-4.98294
-4.99471
-5.00151
-5.00155
-4.99516
-4.98242
-4.96261
-4.9401
-4.9157
-4.89268
-4.87526
-4.86608
-4.86135
-4.85871
-4.85544
-4.84948
-4.84414
-4.84418
-4.85058
-4.86515
-4.8861
-4.90982
-4.93357
-4.95723
-4.97755
-4.9935
-5.00565
-5.01393
-5.02109
-5.02174
-5.01831
-5.01238
-5.00307
-4.99159
-4.97857
-4.96514
-4.9519
-4.94514
-4.94589
-4.95429
-4.96529
-4.97525
-4.98242
-4.98556
-4.98822
-4.99097
-4.99464
-5.00073
-5.00697
-5.0102
-5.00961
-5.00363
-4.9928
-4.97927
-4.96164
-4.94362
-4.92726
-4.9149
-4.9078
-4.90438
-4.9052
-4.9018
-4.89908
-4.89542
-4.88952
-4.88495
-4.88383
-4.88959
-4.89896
-4.91013
-4.92164
-4.9322
-4.94022
-4.94909
-4.95804
-4.9671
-4.97572
-4.98122
-4.98155
-4.97967
-4.97495
-4.96655
-4.95417
-4.93662
-4.91788
-4.90311
-4.89951
-4.90669
-4.92554
-4.94825
-4.97324
-4.99483
-5.00966
-5.01577
-5.01815
-5.01818
-5.01823
-5.02147
-5.02529
-5.02997
-5.03487
-5.03959
-5.04548
-5.05087
-5.05905
-5.06569
-5.07001
-5.06897
-5.06413
-5.05252
-5.03688
-5.01625
-4.99369
-4.9708
-4.94831
-4.93061
-4.91876
-4.91553
-4.92102
-4.93382
-4.95248
-4.97422
-4.99824
-5.02196
-5.04442
-5.06616
-5.08586
-5.10593
-5.12392
-5.13824
-5.14764
-5.14868
-5.14402
-5.13191
-5.11314
-5.09175
-5.07147
-5.05125
-5.03396
-5.02296
-5.01741
-5.01643
-5.01758
-5.0209
-5.02385
-5.02676
-5.02843
-5.02948
-5.03095
-5.03405
-5.03623
-5.03725
-5.03633
-5.03265
-5.02887
-5.02552
-5.02545
-5.0288
-5.03598
-5.04454
-5.05632
-5.06961
-5.08218
-5.09317
-5.09998
-5.10182
-5.09562
-5.08256
-5.06289
-5.03957
-5.01552
-4.99357
-4.97851
-4.97039
-4.96769
-4.96769
-4.96834
-4.96617
-4.96367
-4.96398
-4.96825
-4.9746
-4.98228
-4.98942
-4.99716
-5.00787
-5.02241
-5.04011
-5.05891
-5.07723
-5.09241
-5.10193
-5.10397
-5.09904
-5.08748
-5.07178
-5.05463
-5.03966
-5.03442
-5.03697
-5.04525
-5.05426
-5.0597
-5.05305
-5.03803
-5.01395
-4.98745
-4.96384
-4.94875
-4.94131
-4.93761
-4.93407
-4.92617
-4.91282
-4.89366
-4.86668
-4.83426
-4.80044
-4.76817
-4.74574
-4.73865
-4.75042
-4.78076
-4.82408
-4.8776
-4.92982
-4.97501
-5.00815
-5.03035
-5.04037
-5.03875
-5.029
-5.01211
-4.98732
-4.95683
-4.92352
-4.8925
-4.86977
-4.86018
-4.86393
-4.88395
-4.916
-4.95892
-5.00324
-5.043
-5.07003
-5.08246
-5.08034
-5.06603
-5.04406
-5.01725
-4.98552
-4.95027
-4.90822
-4.862
-4.82091
-4.79341
-4.78423
-4.78703
-4.79316
-4.79948
-4.80662
-4.81782
-4.83625
-4.86167
-4.8912
-4.92162
-4.94942
-4.97044
-4.98148
-4.98325
-4.97431
-4.95821
-4.93675
-4.91581
-4.89969
-4.89033
-4.8887
-4.88981
-4.8951
-4.89947
-4.9053
-4.91185
-4.91906
-4.92667
-4.93332
-4.93748
-4.94123
-4.94403
-4.94932
-4.95655
-4.96525
-4.97711
-4.99139
-5.00717
-5.02301
-5.03742
-5.0468
-5.05131
-5.04862
-5.03937
-5.02518
-5.00788
-4.98965
-4.97241
-4.95901
-4.94996
-4.94577
-4.94659
-4.94734
-4.94742
-4.94494
-4.93874
-4.93249
-4.92691
-4.92668
-4.93437
-4.94815
-4.96414
-4.97984
-4.99101
-4.99785
-5.00077
-5.00139
-5.00262
-5.0032
-5.00739
-5.01326
-5.02433
-5.03814
-5.05424
-5.06738
-5.07418
-5.07408
-5.0662
-5.05161
-5.02905
-5.00072
-4.96934
-4.93874
-4.90859
-4.88402
-4.86234
-4.84237
-4.8274
-4.81619
-4.81071
-4.80914
-4.81597
-4.83063
-4.85141
-4.87617
-4.9024
-4.92487
-4.93779
-4.94204
-4.93657
-4.92686
-4.91546
-4.90873
-4.91089
-4.92213
-4.94195
-4.96378
-4.98026
-4.99054
-4.99226
-4.98871
-4.98172
-4.97618
-4.97543
-4.97918
-4.98742
-4.997
-5.00677
-5.0138
-5.01658
-5.01527
-5.01277
-5.00776
-5.00484
-5.00586
-5.00857
-5.01719
-5.02975
-5.04441
-5.05743
-5.06848
-5.07448
-5.07483
-5.06752
-5.05324
-5.03325
-5.00933
-4.98343
-4.95723
-4.93412
-4.91125
-4.89178
-4.87599
-4.86306
-4.85442
-4.85264
-4.85775
-4.86989
-4.88548
-4.90185
-4.91412
-4.9215
-4.92154
-4.91804
-4.91515
-4.91515
-4.92297
-4.93756
-4.9537
-4.96919
-4.98128
-4.98749
-4.99057
-4.99092
-4.98714
-4.9818
-4.97274
-4.96423
-4.95424
-4.94705
-4.93912
-4.93215
-4.92634
-4.92527
-4.92763
-4.93385
-4.94088
-4.94408
-4.94383
-4.94074
-4.93691
-4.93368
-4.93074
-4.92838
-4.92542
-4.92161
-4.91549
-4.90725
-4.89859
-4.89143
-4.88868
-4.89356
-4.90523
-4.9208
-4.93689
-4.95014
-4.9597
-4.96563
-4.96962
-4.97227
-4.97589
-4.98111
-4.9871
-4.9927
-4.9995
-5.00928
-5.02115
-5.03364
-5.0473
-5.06285
-5.0776
-5.08841
-5.09455
-5.09461
-5.08767
-5.07657
-5.05991
-5.03894
-5.01634
-4.99586
-4.98119
-4.97462
-4.97741
-4.98574
-4.99482
-5.00185
-5.00462
-5.00267
-4.99671
-4.98469
-4.9686
-4.95041
-4.93368
-4.91869
-4.90711
-4.89706
-4.8866
-4.87583
-4.86498
-4.85547
-4.8484
-4.84607
-4.84831
-4.85647
-4.86932
-4.88628
-4.90508
-4.92275
-4.93685
-4.94429
-4.94364
-4.93645
-4.92373
-4.91184
-4.90324
-4.90224
-4.90886
-4.92316
-4.94251
-4.96685
-4.99304
-5.02131
-5.05234
-5.08082
-5.1042
-5.12181
-5.13324
-5.13694
-5.13748
-5.13478
-5.12911
-5.12233
-5.11208
-5.09973
-5.08422
-5.06771
-5.05525
-5.04796
-5.05
-5.05972
-5.07792
-5.09837
-5.12043
-5.1379
-5.15114
-5.15931
-5.15932
-5.15386
-5.14027
-5.11929
-5.08922
-5.05386
-5.01193
-4.96823
-4.92598
-4.89252
-4.87099
-4.86391
-4.8716
-4.89065
-4.91853
-4.95112
-4.98433
-5.01602
-5.04193
-5.06013
-5.06977
-5.07092
-5.06643
-5.05749
-5.04501
-5.03363
-5.02253
-5.01304
-5.00461
-4.99676
-4.98869
-4.98178
-4.97516
-4.97152
-4.97258
-4.97831
-4.98727
-4.99743
-5.00185
-5.00185
-4.99635
-4.98568
-4.97072
-4.95704
-4.94713
-4.94361
-4.9482
-4.95785
-4.97006
-4.97976
-4.98872
-4.99621
-5.00206
-5.00934
-5.01553
-5.02243
-5.02453
-5.02075
-5.0079
-4.9821
-4.94462
-4.89907
-4.85245
-4.81601
-4.79503
-4.79118
-4.80108
-4.82277
-4.85258
-4.88798
-4.92636
-4.96511
-5.00219
-5.03595
-5.06335
-5.08335
-5.09454
-5.09454
-5.08398
-5.06476
-5.04065
-5.01866
-5.00468
-5.00308
-5.01477
-5.03514
-5.05712
-5.07311
-5.08188
-5.08209
-5.07492
-5.06194
-5.04749
-5.03582
-5.03097
-5.037
-5.0545
-5.08102
-5.10827
-5.13207
-5.15095
-5.16051
-5.16487
-5.16171
-5.15546
-5.14586
-5.13711
-5.13249
-5.13216
-5.13823
-5.14982
-5.16452
-5.17714
-5.18551
-5.18747
-5.18535
-5.17678
-5.16658
-5.15734
-5.15269
-5.15271
-5.15616
-5.15984
-5.16006
-5.155
-5.14176
-5.11957
-5.09198
-5.05899
-5.02753
-5.00313
-4.989
-4.98694
-4.99155
-5.00155
-5.01151
-5.02081
-5.02789
-5.03011
-5.02796
-5.01952
-5.00601
-4.99096
-4.97431
-4.96075
-4.95141
-4.95003
-4.95574
-4.96784
-4.98276
-4.99298
-4.99832
-4.99605
-4.98867
-4.97539
-4.95765
-4.93721
-4.91365
-4.88825
-4.86208
-4.83778
-4.8153
-4.79821
-4.78736
-4.78228
-4.78263
-4.78628
-4.79177
-4.79705
-4.80238
-4.80606
-4.80984
-4.81325
-4.81611
-4.81345
-4.80982
-4.80653
-4.81023
-4.82295
-4.84588
-4.87267
-4.90069
-4.924
-4.94138
-4.95232
-4.95564
-4.95192
-4.9415
-4.92609
-4.90581
-4.88486
-4.85881
-4.83071
-4.79955
-4.77041
-4.74511
-4.72516
-4.71442
-4.71204
-4.72015
-4.74023
-4.76949
-4.80337
-4.84097
-4.87948
-4.91353
-4.94479
-4.96832
-4.98168
-4.98321
-4.97251
-4.95609
-4.93766
-4.92293
-4.90813
-4.89154
-4.8762
-4.86341
-4.85652
-4.8583
-4.868
-4.88142
-4.89489
-4.90878
-4.92281
-4.94005
-4.9584
-4.97863
-4.99695
-5.01349
-5.02602
-5.03403
-5.04009
-5.04416
-5.04793
-5.05116
-5.05545
-5.06083
-5.06791
-5.07357
-5.08003
-5.08391
-5.08835
-5.09222
-5.0966
-5.09842
-5.09988
-5.09791
-5.09499
-5.08755
-5.08038
-5.07279
-5.06682
-5.06358
-5.06449
-5.06708
-5.07146
-5.07422
-5.07165
-5.06188
-5.04678
-5.02575
-5.00531
-4.98915
-4.97693
-4.97198
-4.9707
-4.9729
-4.97477
-4.97443
-4.97135
-4.96243
-4.94726
-4.92596
-4.90213
-4.87784
-4.8574
-4.84319
-4.83761
-4.83932
-4.85036
-4.87018
-4.89679
-4.92456
-4.94543
-4.95792
-4.96042
-4.95371
-4.93974
-4.92456
-4.91586
-4.91362
-4.91851
-4.92902
-4.94297
-4.96109
-4.98023
-4.99729
-5.01207
-5.02245
-5.02544
-5.02165
-5.01101
-4.9956
-4.97493
-4.95136
-4.92548
-4.89983
-4.87384
-4.85129
-4.8325
-4.82007
-4.81505
-4.81905
-4.82741
-4.83838
-4.84767
-4.85533
-4.86211
-4.87108
-4.88481
-4.9039
-4.92769
-4.9534
-4.9769
-4.99457
-5.00522
-5.00769
-5.00656
-5.00381
-5.00238
-5.00177
-5.00219
-5.00402
-5.0059
-5.00246
-4.99439
-4.98151
-4.96499
-4.94958
-4.93414
-4.92209
-4.91865
-4.92375
-4.93775
-4.95823
-4.98532
-5.01015
-5.03333
-5.05022
-5.0612
-5.06404
-5.05818
-5.04497
-5.02377
-4.99879
-4.97151
-4.94285
-4.91617
-4.88756
-4.86232
-4.84086
-4.82417
-4.81566
-4.81329
-4.81568
-4.8187
-4.82199
-4.82514
-4.82972
-4.8408
-4.85907
-4.88165
-4.90486
-4.92391
-4.93525
-4.93869
-4.93663
-4.93112
-4.92501
-4.91984
-4.91273
-4.90722
-4.90142
-4.89753
-4.89884
-4.90841
-4.92917
-4.95634
-4.98533
-5.01514
-5.04157
-5.06655
-5.09048
-5.11313
-5.13219
-5.14812
-5.15778
-5.15934
-5.1515
-5.13546
-5.11315
-5.08921
-5.06494
-5.04086
-5.01914
-4.99946
-4.98211
-4.96596
-4.95339
-4.94478
-4.94397
-4.94748
-4.95398
-4.95836
-4.95803
-4.95334
-4.94357
-4.93152
-4.91837
-4.90636
-4.89673
-4.88903
-4.88313
-4.8766
-4.86945
-4.86832
-4.87181
-4.8843
-4.90536
-4.9331
-4.96433
-4.9947
-5.02133
-5.04253
-5.05818
-5.07017
-5.07846
-5.0854
-5.09364
-5.10188
-5.11022
-5.11781
-5.12218
-5.12442
-5.12386
-5.12062
-5.11288
-5.10064
-5.08371
-5.0633
-5.04065
-5.01968
-5.00601
-5.00022
-5.00127
-5.00324
-5.00218
-4.99677
-4.99036
-4.98601
-4.98809
-4.99831
-5.01489
-5.03443
-5.05876
-5.08527
-5.113
-5.13738
-5.15781
-5.17019
-5.17122
-5.16174
-5.14041
-5.10657
-5.06604
-5.02403
-4.99199
-4.97291
-4.96902
-4.97473
-4.9876
-5.00632
-5.02748
-5.04997
-5.06958
-5.08162
-5.08242
-5.06983
-5.0411
-5.00186
-4.95235
-4.89823
-4.84753
-4.80685
-4.77977
-4.77188
-4.78571
-4.81719
-4.85991
-4.90601
-4.95096
-4.98977
-5.02222
-5.04785
-5.06633
-5.07938
-5.08329
-5.08154
-5.07329
-5.06135
-5.04509
-5.02617
-5.00633
-4.98734
-4.96951
-4.95539
-4.94786
-4.94682
-4.9548
-4.97126
-4.99347
-5.02008
-5.04631
-5.06828
-5.08129
-5.08171
-5.07257
-5.05222
-5.02516
-4.99827
-4.97453
-4.95853
-4.94712
-4.94468
-4.94629
-4.94783
-4.9483
-4.94637
-4.94274
-4.93776
-4.93371
-4.93258
-4.93335
-4.93513
-4.93946
-4.94602
-4.95507
-4.96772
-4.98296
-5.00065
-5.01754
-5.03036
-5.03769
-5.03456
-5.02332
-5.00774
-4.99056
-4.97485
-4.96362
-4.95863
-4.95974
-4.96661
-4.97474
-4.98098
-4.98449
-4.98282
-4.97701
-4.9693
-4.96182
-4.95795
-4.95936
-4.9675
-4.98027
-4.99303
-5.00351
-5.00535
-4.99639
-4.97545
-4.94319
-4.90371
-4.86004
-4.81985
-4.7887
-4.77304
-4.77486
-4.79366
-4.82888
-4.87525
-4.9283
-4.98384
-5.03859
-5.08881
-5.13453
-5.17355
-5.20249
-5.21876
-5.2247
-5.21852
-5.20109
-5.17566
-5.14386
-5.11073
-5.07853
-5.05033
-5.02481
-5.00022
-4.97563
-4.95237
-4.93213
-4.91822
-4.91631
-4.92322
-4.93724
-4.95509
-4.9737
-4.98922
-4.99836
-5.00166
-4.99978
-4.99623
-4.99228
-4.99056
-4.99102
-4.9922
-4.9931
-4.99178
-4.98793
-4.97674
-4.96119
-4.94456
-4.92757
-4.91265
-4.90092
-4.89431
-4.89529
-4.90274
-4.91897
-4.93857
-4.95675
-4.96935
-4.9727
-4.96644
-4.95616
-4.94297
-4.93248
-4.92713
-4.92686
-4.93407
-4.94715
-4.96229
-4.97729
-4.99009
-4.99597
-4.9925
-4.9841
-4.97184
-4.96248
-4.95628
-4.95439
-4.95494
-4.95759
-4.96318
-4.97207
-4.98339
-4.99704
-5.01067
-5.02657
-5.03889
-5.04718
-5.04835
-5.04069
-5.02452
-5.00055
-4.97214
-4.94426
-4.9188
-4.89633
-4.88115
-4.87184
-4.86937
-4.87169
-4.87632
-4.88565
-4.89982
-4.91676
-4.93668
-4.95778
-4.98032
-5.00154
-5.01983
-5.03461
-5.04433
-5.04875
-5.04726
-5.04021
-5.03083
-5.01726
-4.99983
-4.97971
-4.95528
-4.92974
-4.90586
-4.88634
-4.87209
-4.86561
-4.86558
-4.8711
-4.88325
-4.89798
-4.9153
-4.93163
-4.94375
-4.95069
-4.95155
-4.94391
-4.93066
-4.91284
-4.89419
-4.87838
-4.86824
-4.86568
-4.86702
-4.86917
-4.87184
-4.87379
-4.87629
-4.88004
-4.88516
-4.89089
-4.89606
-4.90195
-4.91151
-4.92551
-4.94314
-4.96449
-4.98817
-5.00891
-5.02075
-5.02373
-5.01717
-5.00447
-4.9918
-4.98247
-4.9806
-4.98811
-5.00188
-5.01852
-5.0365
-5.05284
-5.06687
-5.07689
-5.08117
-5.07762
-5.06718
-5.05029
-5.03004
-5.01364
-5.00648
-5.01111
-5.02619
-5.047
-5.06743
-5.08203
-5.08765
-5.08559
-5.07831
-5.06616
-5.05342
-5.04192
-5.03394
-5.0299
-5.02937
-5.02982
-5.03295
-5.04022
-5.04799
-5.05899
-5.07019
-5.08028
-5.08664
-5.08801
-5.08519
-5.07837
-5.0696
-5.05874
-5.04409
-5.02695
-5.01147
-4.99443
-4.98195
-4.97449
-4.96922
-4.96779
-4.96758
-4.96756
-4.96741
-4.96705
-4.96497
-4.95889
-4.94847
-4.93241
-4.91233
-4.89032
-4.87108
-4.85434
-4.84154
-4.83139
-4.82607
-4.82381
-4.82589
-4.83319
-4.84367
-4.85887
-4.87466
-4.8933
-4.9108
-4.9228
-4.92665
-4.92421
-4.91735
-4.90895
-4.90003
-4.89313
-4.88793
-4.88635
-4.89233
-4.90413
-4.92399
-4.94901
-4.9767
-5.00052
-5.01921
-5.03025
-5.03101
-5.02315
-5.00748
-4.98593
-4.96305
-4.93831
-4.91532
-4.89043
-4.8626
-4.83326
-4.80484
-4.77915
-4.76248
-4.75883
-4.76843
-4.79104
-4.8218
-4.85826
-4.89542
-4.93196
-4.96539
-4.99654
-5.02517
-5.0536
-5.08219
-5.11042
-5.13453
-5.15079
-5.15664
-5.15442
-5.14378
-5.12923
-5.11919
-5.11439
-5.11248
-5.10902
-5.10071
-5.08776
-5.07109
-5.05161
-5.03106
-5.00879
-4.98419
-4.95681
-4.93232
-4.91482
-4.91061
-4.9194
-4.93857
-4.96131
-4.98553
-5.00097
-5.00927
-5.012
-5.01301
-5.01684
-5.02485
-5.03793
-5.05386
-5.06995
-5.08533
-5.09584
-5.10161
-5.10512
-5.10167
-5.09646
-5.08764
-5.07808
-5.06767
-5.05226
-5.0333
-5.01683
-5.00656
-5.00891
-5.02069
-5.03807
-5.05821
-5.0732
-5.08085
-5.08086
-5.07486
-5.06548
-5.0565
-5.04622
-5.03666
-5.02635
-5.01243
-4.99724
-4.98282
-4.973
-4.96943
-4.9737
-4.97949
-4.98447
-4.98616
-4.98784
-4.98816
-4.99163
-5.0014
-5.01332
-5.02713
-5.03789
-5.04341
-5.04213
-5.03367
-5.02189
-5.00867
-4.99877
-4.99485
-4.99577
-5.00237
-5.01303
-5.02304
-5.03183
-5.03979
-5.04771
-5.05583
-5.06529
-5.07288
-5.07467
-5.06743
-5.04834
-5.02134
-4.98653
-4.94907
-4.91737
-4.89592
-4.89151
-4.90551
-4.93447
-4.97563
-5.01972
-5.06094
-5.09785
-5.12638
-5.14547
-5.15412
-5.15172
-5.13628
-5.10995
-5.07853
-5.04647
-5.02177
-5.00556
-4.99891
-4.99797
-4.99837
-4.99932
-4.99811
-4.99212
-4.98186
-4.97088
-4.95926
-4.95245
-4.94882
-4.94444
-4.94017
-4.92985
-4.91519
-4.89503
-4.86983
-4.84037
-4.81011
-4.78207
-4.76092
-4.74738
-4.74423
-4.75123
-4.76762
-4.79054
-4.81682
-4.84255
-4.86532
-4.88367
-4.89819
-4.91109
-4.92089
-4.92838
-4.93208
-4.93554
-4.93804
-4.94283
-4.94908
-4.95585
-4.96176
-4.96765
-4.97251
-4.97857
-4.98694
-4.99757
-5.00996
-5.01878
-5.02381
-5.02231
-5.01438
-4.99891
-4.98123
-4.96506
-4.94984
-4.93944
-4.93478
-4.93545
-4.9415
-4.9508
-4.95901
-4.96441
-4.96601
-4.96586
-4.9658
-4.96864
-4.97687
-4.99105
-5.01311
-5.03971
-5.06733
-5.09313
-5.11204
-5.12376
-5.12543
-5.11802
-5.10108
-5.07769
-5.04918
-5.01775
-4.98744
-4.95914
-4.93754
-4.92144
-4.91238
-4.90835
-4.90357
-4.89765
-4.88822
-4.87762
-4.87188
-4.87167
-4.87844
-4.89042
-4.90816
-4.93093
-4.95536
-4.97713
-4.99047
-4.99633
-4.99737
-5.00197
-5.01654
-5.03901
-5.06014
-5.07141
-5.07179
-5.06283
-5.04793
-5.02956
-5.01245
-5.00055
-4.99487
-4.99705
-5.0073
-5.01901
-5.0279
-5.0327
-5.03147
-5.02388
-5.01278
-4.99755
-4.9786
-4.95716
-4.93467
-4.91449
-4.89513
-4.87895
-4.86257
-4.84679
-4.82871
-4.81095
-4.79238
-4.77331
-4.75341
-4.73541
-4.72056
-4.71157
-4.70965
-4.71601
-4.73256
-4.75517
-4.78483
-4.81758
-4.85407
-4.88977
-4.92235
-4.94984
-4.96967
-4.9808
-4.98255
-4.97365
-4.95923
-4.94132
-4.9241
-4.9092
-4.89816
-4.88908
-4.8833
-4.88101
-4.88677
-4.90355
-4.93151
-4.96765
-5.0046
-5.03602
-5.06126
-5.07821
-5.0884
-5.09372
-5.09647
-5.09707
-5.09671
-5.09583
-5.09333
-5.09118
-5.08844
-5.08737
-5.09064
-5.09649
-5.10561
-5.11454
-5.12457
-5.13123
-5.13443
-5.13292
-5.12615
-5.1177
-5.10848
-5.09808
-5.08666
-5.07393
-5.05902
-5.04131
-5.02137
-5.00081
-4.97821
-4.95578
-4.93581
-4.91977
-4.90953
-4.90671
-4.91187
-4.92116
-4.93456
-4.94742
-4.96134
-4.97828
-4.99973
-5.02464
-5.05022
-5.07435
-5.09654
-5.11763
-5.13877
-5.15711
-5.1705
-5.17221
-5.16368
-5.14902
-5.13071
-5.1112
-5.091
-5.06983
-5.0507
-5.03465
-5.02325
-5.0148
-5.01273
-5.01487
-5.01853
-5.023
-5.02505
-5.02604
-5.02377
-5.02134
-5.01503
-5.00841
-4.9996
-4.98787
-4.97567
-4.96204
-4.94879
-4.93792
-4.92974
-4.9278
-4.93114
-4.94135
-4.95714
-4.97379
-4.99059
-5.00552
-5.01756
-5.02809
-5.03689
-5.04583
-5.05363
-5.06184
-5.06692
-5.06953
-5.06733
-5.06059
-5.05308
-5.04679
-5.04496
-5.04818
-5.05532
-5.0668
-5.08175
-5.0977
-5.11197
-5.12449
-5.13145
-5.1355
-5.1375
-5.13817
-5.13766
-5.13801
-5.14037
-5.14199
-5.14395
-5.14478
-5.14238
-5.13462
-5.1195
-5.095
-5.06357
-5.02507
-4.98455
-4.94672
-4.91579
-4.89647
-4.89226
-4.89845
-4.9168
-4.94236
-4.97229
-5.00435
-5.03497
-5.06332
-5.08778
-5.10417
-5.11481
-5.11923
-5.1201
-5.11491
-5.10451
-5.09045
-5.07197
-5.05235
-5.03334
-5.01558
-5.0006
-4.98532
-4.96882
-4.95069
-4.93208
-4.91436
-4.89737
-4.88581
-4.87976
-4.88108
-4.88979
-4.90471
-4.92728
-4.95311
-4.97902
-5.0042
-5.02388
-5.0371
-5.04324
-5.04365
-5.04147
-5.0395
-5.04041
-5.04551
-5.05317
-5.06277
-5.07312
-5.08214
-5.08656
-5.08497
-5.07621
-5.06025
-5.03883
-5.01537
-4.99539
-4.98087
-4.97302
-4.97125
-4.97305
-4.9757
-4.9757
-4.97555
-4.97449
-4.97314
-4.97224
-4.97341
-4.97959
-4.99302
-5.01148
-5.03447
-5.05789
-5.07562
-5.08159
-5.07292
-5.04887
-5.01347
-4.97009
-4.92735
-4.89049
-4.86404
-4.85065
-4.84697
-4.85395
-4.86629
-4.88434
-4.90424
-4.92342
-4.94319
-4.96516
-4.98995
-5.01721
-5.04289
-5.06247
-5.07446
-5.07751
-5.07264
-5.05902
-5.03534
-5.00347
-4.9667
-4.93586
-4.92052
-4.91893
-4.9275
-4.93685
-4.94673
-4.95839
-4.9721
-4.98829
-5.00608
-5.02339
-5.03962
-5.05151
-5.05953
-5.06169
-5.05462
-5.03791
-5.01433
-4.98414
-4.95453
-4.93302
-4.92405
-4.92796
-4.93813
-4.95085
-4.96368
-4.97326
-4.97599
-4.97191
-4.96275
-4.94757
-4.92841
-4.90838
-4.88922
-4.87097
-4.85705
-4.8466
-4.84175
-4.84338
-4.85107
-4.86301
-4.87674
-4.8916
-4.90656
-4.92137
-4.93284
-4.94311
-4.94881
-4.95616
-4.96677
-4.98341
-5.00849
-5.03784
-5.06813
-5.09259
-5.11032
-5.11829
-5.11704
-5.10838
-5.09306
-5.07264
-5.05361
-5.0364
-5.02355
-5.01714
-5.0127
-5.00958
-5.00387
-4.9941
-4.97828
-4.95804
-4.93286
-4.90975
-4.88967
-4.87377
-4.86703
-4.86864
-4.87898
-4.89516
-4.91275
-4.92482
-4.93289
-4.93611
-4.93788
-4.94225
-4.95283
-4.96723
-4.98367
-4.99879
-5.00941
-5.01514
-5.014
-5.00649
-4.9961
-4.98513
-4.97653
-4.97158
-4.97123
-4.97407
-4.98025
-4.98922
-4.99948
-5.00891
-5.01693
-5.02175
-5.02057
-5.01511
-5.00574
-4.99453
-4.98533
-4.97942
-4.97704
-4.97889
-4.986
-4.99625
-5.00915
-5.02445
-5.04122
-5.05989
-5.07907
-5.09943
-5.12045
-5.13663
-5.1441
-5.13801
-5.11619
-5.07715
-5.02473
-4.97013
-4.92076
-4.88578
-4.87206
-4.87579
-4.8925
-4.91574
-4.9424
-4.96821
-4.99263
-5.01396
-5.02864
-5.03832
-5.04335
-5.0424
-5.03687
-5.02813
-5.0157
-5.00035
-4.98452
-4.96642
-4.94608
-4.92506
-4.90551
-4.88973
-4.87889
-4.87382
-4.87162
-4.87164
-4.8744
-4.87903
-4.88598
-4.89505
-4.9064
-4.91858
-4.9311
-4.94318
-4.95541
-4.96679
-4.9781
-4.98851
-4.99926
-5.00878
-5.0151
-5.01571
-5.01129
-5.00412
-4.9948
-4.98403
-4.9735
-4.96446
-4.95691
-4.95218
-4.95024
-4.9519
-4.95737
-4.96285
-4.96624
-4.96498
-4.96249
-4.95965
-4.95807
-4.95935
-4.96181
-4.96204
-4.96016
-4.95403
-4.94597
-4.93792
-4.92827
-4.9152
-4.89827
-4.87826
-4.86071
-4.84851
-4.84633
-4.85725
-4.88049
-4.91261
-4.94999
-4.98903
-5.02398
-5.05131
-5.06884
-5.07698
-5.07394
-5.06079
-5.03686
-5.00477
-4.96294
-4.91514
-4.8625
-4.81012
-4.76338
-4.72798
-4.70866
-4.70673
-4.71983
-4.7423
-4.76723
-4.79008
-4.81014
-4.82624
-4.83812
-4.84839
-4.85616
-4.86518
-4.87645
-4.88862
-4.90171
-4.91791
-4.93018
-4.94241
-4.95436
-4.96595
-4.97919
-4.99531
-5.01062
-5.02281
-5.02765
-5.02387
-5.01146
-4.99593
-4.9824
-4.97971
-4.99019
-5.01037
-5.0301
-5.03939
-5.03894
-5.02698
-5.00789
-4.98631
-4.96566
-4.94952
-4.93894
-4.93415
-4.93891
-4.94777
-4.95904
-4.96917
-4.97113
-4.96623
-4.95136
-4.93412
-4.91665
-4.90539
-4.90398
-4.91279
-4.93546
-4.96597
-5.00137
-5.03415
-5.06131
-5.08086
-5.09132
-5.09567
-5.094
-5.08766
-5.07832
-5.06576
-5.05179
-5.03824
-5.02766
-5.02059
-5.01707
-5.01777
-5.0213
-5.02694
-5.03364
-5.04171
-5.04919
-5.05638
-5.06159
-5.06297
-5.05995
-5.05112
-5.03824
-5.02416
-5.01148
-5.00124
-4.99661
-4.99688
-4.99875
-5.00134
-5.00079
-4.99647
-4.98721
-4.97423
-4.96085
-4.94891
-4.94283
-4.94463
-4.95223
-4.96057
-4.96455
-4.95696
-4.93746
-4.9103
-4.88185
-4.856
-4.83282
-4.81085
-4.7962
-4.79492
-4.80733
-4.83478
-4.87577
-4.923
-4.97054
-5.01368
-5.04612
-5.06761
-5.07564
-5.07319
-5.06275
-5.04917
-5.03412
-5.02193
-5.01125
-5.00497
-5.00164
-4.99869
-4.99633
-4.99611
-4.99587
-4.99625
-4.99706
-4.99724
-4.99834
-4.99671
-4.99236
-4.98524
-4.97472
-4.9586
-4.94049
-4.92411
-4.91033
-4.90224
-4.90757
-4.92144
-4.94128
-4.96375
-4.98352
-5.00057
-5.00729
-5.00938
-5.00544
-4.99673
-4.98729
-4.97772
-4.97262
-4.97129
-4.97262
-4.9779
-4.98565
-4.99696
-5.0102
-5.0255
-5.04058
-5.05312
-5.06072
-5.06065
-5.05314
-5.03854
-5.0184
-4.99386
-4.96768
-4.94023
-4.91116
-4.8847
-4.86127
-4.84511
-4.83593
-4.83702
-4.84427
-4.85693
-4.8678
-4.87753
-4.88137
-4.88128
-4.87604
-4.86572
-4.85162
-4.83399
-4.81871
-4.80542
-4.7964
-4.79013
-4.78685
-4.7852
-4.78627
-4.79203
-4.80086
-4.81355
-4.82771
-4.84166
-4.85261
-4.8591
-4.86158
-4.85842
-4.84931
-4.83658
-4.82179
-4.81009
-4.80287
-4.80151
-4.80859
-4.82224
-4.83982
-4.86057
-4.87952
-4.89671
-4.91068
-4.92431
-4.93608
-4.94738
-4.95791
-4.9662
-4.97583
-4.98472
-4.99448
-5.00149
-5.00731
-5.00762
-5.00197
-4.99247
-4.98297
-4.97679
-4.9731
-4.97333
-4.9761
-4.97991
-4.98034
-4.97766
-4.97196
-4.96391
-4.95409
-4.94645
-4.94536
-4.9527
-4.97107
-4.99389
-5.01881
-5.03842
-5.04989
-5.05503
-5.05526
-5.05422
-5.052
-5.04205
-5.02581
-5.00082
-4.97401
-4.95242
-4.93988
-4.93943
-4.9501
-4.9681
-4.98689
-5.00325
-5.01403
-5.01775
-5.01393
-5.00316
-4.98989
-4.97553
-4.96192
-4.95143
-4.94543
-4.94296
-4.94205
-4.94078
-4.93721
-4.93325
-4.92953
-4.92847
-4.93416
-4.94598
-4.96367
-4.98505
-5.00835
-5.03003
-5.04604
-5.05549
-5.06113
-5.06254
-5.06342
-5.06357
-5.0652
-5.068
-5.07273
-5.07766
-5.08121
-5.08263
-5.08039
-5.07579
-5.06822
-5.05662
-5.0428
-5.0273
-5.01161
-4.99466
-4.98008
-4.96814
-4.96135
-4.96296
-4.9706
-4.98306
-4.99715
-5.00984
-5.01867
-5.02255
-5.01809
-5.00427
-4.98376
-4.96209
-4.94537
-4.94283
-4.96014
-4.99381
-5.035
-5.07379
-5.10241
-5.11683
-5.1159
-5.1039
-5.08338
-5.06136
-5.03812
-5.01523
-4.99507
-4.97866
-4.96726
-4.96104
-4.95844
-4.95735
-4.9561
-4.95468
-4.95217
-4.94897
-4.94597
-4.94468
-4.94365
-4.9436
-4.94368
-4.94391
-4.94626
-4.94968
-4.95703
-4.96992
-4.9898
-5.01589
-5.04534
-5.07393
-5.09747
-5.11456
-5.12074
-5.11539
-5.09805
-5.07202
-5.04214
-5.01652
-5.00145
-5.00058
-5.01138
-5.01979
-5.02757
-5.03429
-5.03794
-5.04325
-5.04726
-5.05104
-5.05006
-5.0457
-5.03668
-5.02622
-5.01659
-5.00929
-5.00576
-5.00617
-5.00552
-5.00461
-4.99928
-4.98725
-4.96897
-4.9466
-4.92146
-4.89551
-4.87349
-4.85728
-4.84789
-4.84621
-4.84935
-4.85578
-4.86842
-4.88529
-4.90873
-4.93751
-4.96866
-4.99911
-5.0256
-5.04537
-5.05669
-5.06095
-5.05873
-5.05385
-5.05142
-5.05549
-5.06675
-5.08463
-5.10516
-5.12412
-5.13635
-5.13616
-5.12453
-5.0993
-5.06208
-5.01688
-4.96718
-4.9189
-4.87575
-4.84353
-4.82667
-4.82454
-4.83922
-4.86607
-4.9014
-4.93937
-4.97388
-5.00116
-5.01894
-5.02647
-5.02642
-5.02178
-5.01778
-5.01344
-5.00637
-4.99414
-4.97498
-4.95148
-4.92564
-4.90408
-4.89334
-4.89561
-4.91148
-4.93586
-4.96451
-4.99373
-5.02245
-5.05225
-5.08231
-5.11009
-5.13253
-5.14679
-5.15285
-5.15195
-5.14594
-5.13833
-5.13236
-5.13013
-5.13311
-5.13815
-5.14363
-5.1464
-5.14345
-5.13584
-5.12327
-5.10635
-5.08522
-5.06096
-5.03642
-5.01419
-4.99605
-4.98401
-4.97718
-4.97568
-4.97746
-4.97994
-4.9834
-4.98966
-4.9961
-5.00557
-5.01337
-5.01805
-5.01959
-5.01472
-5.00443
-4.99078
-4.97429
-4.95728
-4.94066
-4.92573
-4.91487
-4.90421
-4.89708
-4.89133
-4.88528
-4.8835
-4.88504
-4.89518
-4.91188
-4.93491
-4.9609
-4.98841
-5.01498
-5.03814
-5.05608
-5.06648
-5.06819
-5.06105
-5.04647
-5.02401
-4.99324
-4.95622
-4.9138
-4.873
-4.84159
-4.82409
-4.82495
-4.84227
-4.87052
-4.90389
-4.93722
-4.96712
-4.99071
-5.00764
-5.0193
-5.02635
-5.03021
-5.0352
-5.03975
-5.04712
-5.05421
-5.06015
-5.06468
-5.06726
-5.06617
-5.06117
-5.05305
-5.04152
-5.02833
-5.01582
-5.00779
-5.00722
-5.01225
-5.0208
-5.03102
-5.04132
-5.0496
-5.05766
-5.06497
-5.07254
-5.07931
-5.08513
-5.08681
-5.08753
-5.08399
-5.07856
-5.07031
-5.06021
-5.04822
-5.03533
-5.02367
-5.01222
-5.00208
-4.99313
-4.98352
-4.97325
-4.96179
-4.94807
-4.93224
-4.91468
-4.89919
-4.88775
-4.88176
-4.88184
-4.88499
-4.89058
-4.89895
-4.90779
-4.91564
-4.92098
-4.91974
-4.91075
-4.89655
-4.88052
-4.86685
-4.86305
-4.87112
-4.89251
-4.92062
-4.95122
-4.97903
-5.00343
-5.02291
-5.03701
-5.04806
-5.05523
-5.05871
-5.05382
-5.04138
-5.02087
-4.99427
-4.96468
-4.9343
-4.90669
-4.88452
-4.86983
-4.86271
-4.86372
-4.87237
-4.88587
-4.9034
-4.92098
-4.93896
-4.95891
-4.98442
-5.01719
-5.05565
-5.09567
-5.13084
-5.15769
-5.1738
-5.17758
-5.16898
-5.1495
-5.12163
-5.09123
-5.05671
-5.02185
-4.98987
-4.95836
-4.93252
-4.91101
-4.89395
-4.88275
-4.87908
-4.88053
-4.88672
-4.89394
-4.90177
-4.90776
-4.91404
-4.92138
-4.93357
-4.95142
-4.97458
-5.00032
-5.02388
-5.04312
-5.05539
-5.05831
-5.0503
-5.03294
-5.00911
-4.97977
-4.95256
-4.93181
-4.92091
-4.92322
-4.93239
-4.94459
-4.95613
-4.96692
-4.97231
-4.97222
-4.96563
-4.95244
-4.9332
-4.90916
-4.88484
-4.85771
-4.83603
-4.81812
-4.80645
-4.79954
-4.79276
-4.78764
-4.78359
-4.78351
-4.78892
-4.80191
-4.8232
-4.85267
-4.88571
-4.91787
-4.94613
-4.96646
-4.97564
-4.976
-4.96561
-4.94619
-4.92261
-4.89755
-4.87889
-4.87317
-4.87836
-4.89595
-4.92076
-4.95019
-4.97984
-5.00588
-5.02693
-5.03832
-5.04044
-5.03244
-5.01889
-5.00363
-4.99116
-4.98148
-4.97382
-4.96878
-4.96299
-4.95826
-4.95569
-4.95515
-4.95884
-4.96784
-4.98171
-4.99953
-5.0198
-5.04268
-5.06649
-5.0876
-5.10689
-5.12097
-5.12965
-5.13139
-5.12709
-5.1134
-5.09273
-5.06727
-5.03838
-5.00962
-4.98453
-4.96813
-4.96053
-4.96184
-4.9666
-4.97336
-4.98208
-4.99087
-4.99946
-5.00591
-5.0083
-5.00487
-4.99643
-4.98465
-4.97318
-4.9622
-4.953
-4.94513
-4.94074
-4.9392
-4.94182
-4.95054
-4.9657
-4.99076
-5.02087
-5.05403
-5.08626
-5.11434
-5.13481
-5.14395
-5.14426
-5.13548
-5.12135
-5.10195
-5.08205
-5.06286
-5.04672
-5.03488
-5.02792
-5.02447
-5.02631
-5.03236
-5.03731
-5.04046
-5.03861
-5.03376
-5.02535
-5.01531
-5.0075
-4.9985
-4.98916
-4.97983
-4.97046
-4.96491
-4.96487
-4.97377
-4.98989
-5.01307
-5.03645
-5.05792
-5.07305
-5.08168
-5.08287
-5.07965
-5.07232
-5.06477
-5.05669
-5.04949
-5.04457
-5.03964
-5.03792
-5.03606
-5.03552
-5.03748
-5.04074
-5.04509
-5.05181
-5.06111
-5.06887
-5.07585
-5.08246
-5.08571
-5.08805
-5.08816
-5.08425
-5.07568
-5.06228
-5.04595
-5.02799
-5.00972
-4.99445
-4.97831
-4.9633
-4.94946
-4.93844
-4.931
-4.92815
-4.93175
-4.93868
-4.94802
-4.9613
-4.97442
-4.98441
-4.98928
-4.98897
-4.98509
-4.98003
-4.98176
-4.99419
-5.01874
-5.0518
-5.08495
-5.1134
-5.13474
-5.14788
-5.15728
-5.16669
-5.1752
-5.18037
-5.18241
-5.17944
-5.17562
-5.17133
-5.16424
-5.1549
-5.14161
-5.12565
-5.10883
-5.09382
-5.08065
-5.06893
-5.0582
-5.04644
-5.03058
-5.01051
-4.98503
-4.95544
-4.92353
-4.88942
-4.85846
-4.8328
-4.81433
-4.80707
-4.8117
-4.82766
-4.85336
-4.88642
-4.91947
-4.94581
-4.96112
-4.96097
-4.94466
-4.9151
-4.87589
-4.83553
-4.80599
-4.79679
-4.80853
-4.83565
-4.86803
-4.89767
-4.91935
-4.93212
-4.93543
-4.93232
-4.92379
-4.91284
-4.90031
-4.88937
-4.8852
-4.88694
-4.89287
-4.90145
-4.91228
-4.92241
-4.93491
-4.94924
-4.96631
-4.98741
-5.01466
-5.04642
-5.08165
-5.11657
-5.14513
-5.16578
-5.17658
-5.17798
-5.17092
-5.15876
-5.14481
-5.13357
-5.12465
-5.11501
-5.1025
-5.08483
-5.06242
-5.03883
-5.01634
-5.0015
-4.99888
-5.0108
-5.03557
-5.06891
-5.10449
-5.13662
-5.16246
-5.18121
-5.19345
-5.19919
-5.19941
-5.19195
-5.18164
-5.1666
-5.15004
-5.13397
-5.11951
-5.10803
-5.09607
-5.08444
-5.07147
-5.05879
-5.04853
-5.04412
-5.04793
-5.0599
-5.07816
-5.10073
-5.12649
-5.1498
-5.17199
-5.19027
-5.20589
-5.21636
-5.22201
-5.22235
-5.21533
-5.20033
-5.17715
-5.14497
-5.11126
-5.07861
-5.05277
-5.03351
-5.02127
-5.01605
-5.01724
-5.01744
-5.01589
-5.00955
-4.99778
-4.98417
-4.97501
-4.97509
-4.98897
-5.01493
-5.04821
-5.08307
-5.11358
-5.13532
-5.14598
-5.14403
-5.12971
-5.10396
-5.06972
-5.02878
-4.98533
-4.94454
-4.91129
-4.89343
-4.89598
-4.9204
-4.95975
-5.00452
-5.04596
-5.07783
-5.09906
-5.1085
-5.10828
-5.10061
-5.08691
-5.06852
-5.04592
-5.02023
-4.98976
-4.9573
-4.92209
-4.88669
-4.85327
-4.82296
-4.79847
-4.78208
-4.77525
-4.78015
-4.79673
-4.82156
-4.85076
-4.88163
-4.91243
-4.93804
-4.95503
-4.96117
-4.95593
-4.94356
-4.93097
-4.92174
-4.9182
-4.92211
-4.93087
-4.94341
-4.95834
-4.97174
-4.984
-4.99503
-5.00441
-5.01032
-5.01276
-5.01268
-5.00963
-5.00544
-4.99894
-4.99297
-4.9864
-4.97989
-4.97424
-4.97003
-4.97004
-4.96863
-4.96479
-4.95999
-4.95416
-4.9495
-4.95056
-4.95728
-4.96854
-4.9796
-4.99005
-4.99461
-4.99338
-4.98783
-4.98144
-4.97564
-4.97262
-4.97452
-4.98007
-4.98921
-5.00165
-5.01667
-5.03237
-5.04916
-5.06457
-5.07791
-5.08826
-5.09637
-5.10158
-5.10475
-5.10442
-5.102
-5.09878
-5.09299
-5.08931
-5.08854
-5.08904
-5.09071
-5.09227
-5.08871
-5.08069
-5.06502
-5.04002
-5.00887
-4.97407
-4.9436
-4.92556
-4.92474
-4.93843
-4.96265
-4.98861
-5.00856
-5.01645
-5.01002
-4.9936
-4.97224
-4.94916
-4.92804
-4.91471
-4.91068
-4.91696
-4.92975
-4.94339
-4.954
-4.9597
-4.95904
-4.94845
-4.93162
-4.90926
-4.88679
-4.86951
-4.8627
-4.86822
-4.88267
-4.89976
-4.91378
-4.92044
-4.92008
-4.91539
-4.90961
-4.9053
-4.90345
-4.90502
-4.90815
-4.91303
-4.91936
-4.92474
-4.92896
-4.9329
-4.93685
-4.9396
-4.94516
-4.95399
-4.96961
-4.99208
-5.01786
-5.0429
-5.06494
-5.0821
-5.09372
-5.09904
-5.1015
-5.09908
-5.0952
-5.09183
-5.08784
-5.08376
-5.07811
-5.07077
-5.06207
-5.05059
-5.03745
-5.02506
-5.01385
-5.00653
-5.001
-4.99865
-4.99647
-4.99588
-4.99079
-4.98305
-4.97281
-4.96187
-4.95283
-4.94554
-4.9383
-4.93371
-4.93053
-4.9301
-4.93329
-4.93985
-4.94935
-4.9617
-4.97476
-4.98876
-5.00243
-5.01588
-5.02457
-5.03296
-5.03763
-5.03842
-5.03527
-5.03018
-5.02219
-5.01372
-5.01003
-5.01029
-5.01413
-5.02233
-5.03169
-5.03974
-5.04302
-5.0404
-5.03284
-5.02039
-5.00436
-4.98822
-4.9707
-4.95213
-4.93485
-4.91927
-4.90986
-4.90713
-4.91481
-4.93112
-4.95624
-4.98061
-5.00409
-5.02109
-5.03081
-5.03219
-5.02464
-5.01111
-4.99206
-4.97349
-4.95629
-4.94498
-4.93786
-4.93524
-4.93625
-4.93881
-4.94378
-4.95098
-4.96017
-4.9718
-4.98371
-4.99779
-5.01026
-5.01978
-5.02353
-5.0194
-5.00569
-4.98397
-4.95721
-4.92971
-4.90424
-4.88725
-4.88108
-4.88573
-4.90111
-4.92031
-4.94001
-4.95569
-4.96843
-4.97666
-4.98239
-4.98863
-5.00019
-5.01546
-5.03189
-5.04438
-5.0482
-5.04034
-5.01979
-4.99228
-4.9641
-4.93796
-4.91875
-4.9052
-4.89513
-4.88811
-4.88821
-4.89402
-4.90446
-4.92045
-4.94063
-4.96511
-4.989
-5.00717
-5.02
-5.02339
-5.02122
-5.01338
-5.00516
-4.99505
-4.98588
-4.97916
-4.97576
-4.9783
-4.9856
-4.99846
-5.01508
-5.03311
-5.05113
-5.06965
-5.08531
-5.09657
-5.09915
-5.09312
-5.08195
-5.06483
-5.04189
-5.01752
-4.99524
-4.97957
-4.97379
-4.97563
-4.98353
-4.99326
-5.00028
-5.00078
-4.9962
-4.98849
-4.9841
-4.9837
-4.9913
-5.00501
-5.02243
-5.03875
-5.05043
-5.05525
-5.05192
-5.03987
-5.02374
-5.00436
-4.98653
-4.96866
-4.95301
-4.9393
-4.92955
-4.91947
-4.91034
-4.9015
-4.89476
-4.88746
-4.87945
-4.86858
-4.85604
-4.84098
-4.82886
-4.81961
-4.81668
-4.81896
-4.82198
-4.82151
-4.81656
-4.80509
-4.79073
-4.77461
-4.76014
-4.75058
-4.74544
-4.7441
-4.7446
-4.74501
-4.74793
-4.75512
-4.76661
-4.78112
-4.79811
-4.81323
-4.8266
-4.83596
-4.84287
-4.84758
-4.8543
-4.86142
-4.87227
-4.88465
-4.89988
-4.91385
-4.92721
-4.93914
-4.9487
-4.9542
-4.9581
-4.95841
-4.95674
-4.95185
-4.94731
-4.94051
-4.93355
-4.92754
-4.92266
-4.91902
-4.91617
-4.91426
-4.91359
-4.91107
-4.9071
-4.90304
-4.90097
-4.90379
-4.91315
-4.92722
-4.93894
-4.94382
-4.93773
-4.92165
-4.8983
-4.87342
-4.85332
-4.84346
-4.84489
-4.85658
-4.88391
-4.91903
-4.95979
-5.00136
-5.0402
-5.07289
-5.09678
-5.11245
-5.11924
-5.11861
-5.11283
-5.1036
-5.09276
-5.08144
-5.06845
-5.05194
-5.03664
-5.02178
-5.01037
-5.00431
-5.00322
-5.00579
-5.01128
-5.01604
-5.01833
-5.01826
-5.01508
-5.0084
-5.00361
-5.00097
-4.99982
-4.99423
-4.98036
-4.95811
-4.93189
-4.90622
-4.88901
-4.88681
-4.89583
-4.91457
-4.93378
-4.95255
-4.96581
-4.97443
-4.97691
-4.97457
-4.96828
-4.95956
-4.94678
-4.93029
-4.91139
-4.89398
-4.87984
-4.87095
-4.8675
-4.87138
-4.88366
-4.90178
-4.92147
-4.93813
-4.94783
-4.95173
-4.95057
-4.94582
-4.93983
-4.93037
-4.92305
-4.91639
-4.91005
-4.90681
-4.90739
-4.91603
-4.93418
-4.95832
-4.98526
-5.01085
-5.0303
-5.04253
-5.04691
-5.0451
-5.03677
-5.02446
-5.00874
-4.99268
-4.97702
-4.96374
-4.95169
-4.9415
-4.93161
-4.92582
-4.92085
-4.91758
-4.91398
-4.90736
-4.899
-4.88998
-4.88415
-4.8835
-4.88835
-4.89816
-4.90883
-4.92213
-4.93869
-4.95652
-4.97015
-4.97851
-4.97899
-4.9726
-4.96119
-4.94778
-4.93681
-4.9283
-4.92499
-4.9239
-4.92259
-4.92056
-4.91595
-4.90886
-4.90207
-4.89774
-4.89894
-4.90318
-4.91085
-4.92068
-4.92998
-4.93733
-4.94298
-4.94521
-4.94542
-4.94378
-4.93876
-4.93427
-4.93203
-4.93654
-4.94991
-4.96892
-4.98731
-4.99669
-4.99586
-4.98288
-4.96209
-4.93928
-4.91748
-4.90126
-4.89229
-4.89167
-4.89756
-4.91241
-4.93328
-4.96233
-4.99665
-5.03528
-5.07423
-5.10853
-5.13939
-5.16066
-5.17022
-5.16726
-5.14897
-5.11594
-5.07067
-5.01692
-4.96146
-4.91322
-4.87677
-4.85996
-4.86047
-4.87491
-4.89502
-4.91807
-4.94139
-4.96463
-4.98798
-5.00912
-5.02834
-5.04312
-5.05297
-5.05625
-5.05642
-5.05377
-5.05481
-5.06259
-5.07507
-5.08928
-5.10433
-5.11851
-5.12643
-5.12672
-5.11831
-5.10237
-5.07798
-5.0496
-5.01947
-4.99079
-4.96652
-4.94877
-4.93991
-4.94199
-4.95342
-4.97444
-5.00284
-5.0342
-5.06712
-5.09781
-5.12294
-5.1401
-5.14606
-5.14138
-5.12428
-5.10128
-5.07884
-5.06462
-5.06148
-5.06428
-5.0659
-5.0613
-5.0465
-5.0245
-4.99961
-4.9716
-4.94468
-4.92182
-4.90294
-4.89163
-4.88836
-4.89444
-4.9076
-4.92714
-4.94876
-4.97104
-4.98901
-5.00044
-5.00318
-4.99627
-4.98268
-4.96605
-4.9487
-4.93371
-4.9263
-4.92631
-4.93256
-4.94283
-4.95351
-4.96376
-4.9718
-4.97452
-4.97403
-4.9688
-4.96246
-4.95479
-4.94878
-4.94611
-4.94898
-4.95572
-4.9664
-4.9787
-4.9909
-5.00024
-5.0046
-5.00263
-4.99641
-4.99125
-4.98761
-4.9885
-4.99363
-5.00503
-5.01597
-5.02598
-5.03142
-5.03339
-5.03014
-5.02262
-5.01341
-5.00474
-4.99663
-4.9932
-4.99482
-5.00256
-5.01699
-5.0342
-5.05088
-5.06361
-5.07078
-5.07254
-5.06726
-5.05238
-5.02807
-4.99366
-4.95276
-4.91141
-4.87324
-4.84373
-4.82527
-4.81351
-4.81021
-4.81241
-4.8216
-4.83788
-4.8591
-4.88423
-4.91145
-4.93709
-4.95822
-4.97373
-4.98228
-4.9858
-4.98446
-4.98252
-4.98214
-4.98217
-4.98454
-4.9874
-4.9884
-4.98595
-4.98033
-4.96957
-4.95706
-4.94428
-4.93274
-4.92628
-4.92601
-4.93494
-4.95016
-4.97404
-5.00303
-5.03281
-5.06161
-5.08328
-5.09636
-5.09629
-5.08725
-5.06825
-5.04593
-5.02394
-5.00674
-4.99448
-4.98441
-4.97318
-4.96102
-4.94708
-4.93198
-4.91975
-4.9116
-4.90813
-4.91133
-4.92134
-4.93677
-4.95571
-4.97245
-4.98774
-5.00143
-5.01429
-5.02634
-5.04031
-5.05457
-5.06808
-5.0784
-5.08208
-5.07986
-5.07203
-5.06181
-5.05512
-5.05387
-5.05539
-5.05692
-5.05556
-5.05261
-5.0524
-5.05709
-5.0657
-5.0783
-5.08934
-5.09734
-5.09846
-5.09412
-5.08305
-5.06837
-5.04981
-5.03054
-5.00962
-4.98719
-4.9611
-4.93167
-4.89914
-4.86276
-4.82809
-4.79509
-4.766
-4.74385
-4.72814
-4.72247
-4.73195
-4.75906
-4.80277
-4.85739
-4.91458
-4.97003
-5.01702
-5.0539
-5.08068
-5.10178
-5.12236
-5.1451
-5.17141
-5.19696
-5.21601
-5.22589
-5.22423
-5.20718
-5.18084
-5.1462
-5.1105
-5.07663
-5.04886
-5.02556
-5.01133
-5.00333
-5.00061
-5.0015
-5.00438
-5.00673
-5.00412
-4.99713
-4.98743
-4.97413
-4.95869
-4.94474
-4.93397
-4.92733
-4.92699
-4.93423
-4.94742
-4.96257
-4.97564
-4.98586
-4.98799
-4.98392
-4.97373
-4.9618
-4.94601
-4.93142
-4.91587
-4.90181
-4.88873
-4.87747
-4.86655
-4.85633
-4.84711
-4.83621
-4.82576
-4.81876
-4.81664
-4.8206
-4.83021
-4.84414
-4.85754
-4.87188
-4.88314
-4.89059
-4.89532
-4.8987
-4.90263
-4.9103
-4.91954
-4.93116
-4.94278
-4.95437
-4.96266
-4.96855
-4.9716
-4.97295
-4.97197
-4.96826
-4.96289
-4.95709
-4.95064
-4.94441
-4.94353
-4.94671
-4.95245
-4.9614
-4.96811
-4.97246
-4.97457
-4.97256
-4.97095
-4.9715
-4.97487
-4.98332
-4.9966
-5.01379
-5.03418
-5.05546
-5.07254
-5.08504
-5.0919
-5.09366
-5.09083
-5.08441
-5.07529
-5.06443
-5.05011
-5.03478
-5.01633
-4.99848
-4.98468
-4.97521
-4.97369
-4.97811
-4.98368
-4.987
-4.98238
-4.96904
-4.9476
-4.92143
-4.89414
-4.86997
-4.85086
-4.84225
-4.84463
-4.85928
-4.88272
-4.90974
-4.93505
-4.95439
-4.96538
-4.9681
-4.96451
-4.95528
