1 1.45389 1.45389 0
2 1.39925 1.42657 0.0273208
3 1.39037 1.4145 0.0198594
4 1.39413 1.40941 0.0149375
5 1.43035 1.4136 0.0123053
6 1.41435 1.41372 0.0100481
7 1.40244 1.41211 0.00864369
8 1.39191 1.40959 0.00790018
9 1.41977 1.41072 0.00705861
10 1.41769 1.41142 0.00635179
11 1.33192 1.40419 0.00923214
12 1.36392 1.40083 0.00907125
13 1.36949 1.39842 0.00868561
14 1.41636 1.3997 0.0081428
15 1.34529 1.39608 0.00840388
16 1.32192 1.39144 0.00912555
17 1.3695 1.39015 0.00866857
18 1.37632 1.38938 0.00820884
19 1.40629 1.39027 0.00781561
20 1.34922 1.38822 0.00769346
21 1.39272 1.38843 0.00732108
22 1.40161 1.38903 0.007006
23 1.48595 1.39325 0.00791017
24 1.36072 1.39189 0.00769371
25 1.39433 1.39199 0.00738019
26 1.42684 1.39333 0.00721628
27 1.49525 1.3971 0.00790362
28 1.4546 1.39916 0.00788811
29 1.31717 1.39633 0.0081193
30 1.40579 1.39665 0.00785033
31 1.35398 1.39527 0.00771659
32 1.41928 1.39602 0.00750914
33 1.37144 1.39528 0.00731606
34 1.41236 1.39578 0.00711538
35 1.33007 1.3939 0.00715958
36 1.49148 1.39661 0.00746717
37 1.36576 1.39578 0.00731025
38 1.31897 1.39376 0.00739678
39 1.47287 1.39578 0.00748472
40 1.42866 1.39661 0.00734136
41 1.36434 1.39582 0.00720318
42 1.45869 1.39732 0.00718721
43 1.39728 1.39732 0.00701807
44 1.42448 1.39793 0.00688446
45 1.41864 1.39839 0.00674545
46 1.39239 1.39826 0.00659847
47 1.37347 1.39774 0.00647806
48 1.39451 1.39767 0.00634203
49 1.4315 1.39836 0.00624951
50 1.36541 1.3977 0.0061586
51 1.43095 1.39835 0.00607174
52 1.3635 1.39768 0.00599144
53 1.40841 1.39788 0.00588079
54 1.40574 1.39803 0.00577269
55 1.4589 1.39914 0.00577383
56 1.44926 1.40003 0.00574001
57 1.35288 1.3992 0.00569877
58 1.31689 1.39778 0.00577672
59 1.41361 1.39805 0.00568429
60 1.445 1.39884 0.00564325
61 1.41445 1.39909 0.00555587
62 1.3742 1.39869 0.00548026
63 1.42017 1.39903 0.00540333
64 1.4447 1.39974 0.00536589
65 1.42438 1.40012 0.00529626
66 1.44847 1.40086 0.0052666
67 1.35275 1.40014 0.00523686
68 1.35504 1.39947 0.00520172
69 1.42762 1.39988 0.00514199
70 1.36586 1.3994 0.00509125
71 1.39236 1.3993 0.00502001
72 1.40263 1.39934 0.00495001
73 1.4594 1.40017 0.00495057
74 1.37154 1.39978 0.00489851
75 1.3792 1.3995 0.00484054
76 1.42608 1.39985 0.00478921
77 1.38951 1.39972 0.00472851
78 1.38938 1.39959 0.00466938
79 1.39915 1.39958 0.00460989
80 1.35321 1.399 0.00458867
81 1.47521 1.39994 0.00462828
82 1.35235 1.39936 0.0046082
83 1.46776 1.40019 0.00462632
84 1.46282 1.40093 0.00463133
85 1.33157 1.40012 0.0046487
86 1.33518 1.39936 0.00465596
87 1.34907 1.39878 0.00463829
88 1.36084 1.39835 0.00460551
89 1.475 1.39921 0.00463419
90 1.38841 1.39909 0.00458398
91 1.37093 1.39878 0.00454388
92 1.37907 1.39857 0.00449932
93 1.34347 1.39798 0.00448995
94 1.4452 1.39848 0.00447024
95 1.39889 1.39848 0.00442294
96 1.46657 1.39919 0.00443372
97 1.41323 1.39934 0.00439016
98 1.48503 1.40021 0.00443225
99 1.36848 1.39989 0.00439894
100 1.42304 1.40012 0.00436088
