0.0128248 0 0
0.0384745 0 0
0.0641241 0 0
0.0897737 0 0
0.115423 0 0
0.141073 0 0
0.166723 0 0
0.192372 0 0
0.218022 0 0
0.243672 0 0
0.269321 0 0
0.294971 0 0
0.32062 0 0
0.34627 0 0
0.37192 0 0
0.397569 0 0
0.423219 0 0
0.448869 0 0
0.474518 0 0
0.500168 0 0
0.525818 0 0
0.551467 0 0
0.577117 0 0
0.602767 0 0
0.628416 0 0
0.654066 0 0
0.679715 0 0
0.705365 0 0
0.731015 0 0
0.756664 0 0
0.782314 0 0
0.807964 0 0
0.833613 0 0
0.859263 1.42002e-05 2.79035e-06
0.884913 0.00128864 2.3805e-05
0.910562 0.02416 0.000105344
0.936212 0.165167 0.000399013
0.961861 0.563709 0.000828907
0.987511 1.20335 0.00117748
1.01316 1.86391 0.00131891
1.03881 2.3388 0.00120113
1.06446 2.55334 0.000964131
1.09011 2.54983 0.000927247
1.11576 2.40742 0.00109338
1.14141 2.19778 0.000984367
1.16706 1.97217 0.000996683
1.19271 1.75407 0.00103646
1.21836 1.55805 0.000860685
1.24401 1.38886 0.000831296
1.26966 1.24413 0.000798897
1.29531 1.12478 0.000778156
1.32096 1.02303 0.000669003
1.34661 0.94112 0.000558762
1.37226 0.872695 0.00047064
1.39791 0.817191 0.000470943
1.42355 0.772401 0.000479738
1.4492 0.737344 0.000507435
1.47485 0.710347 0.000485356
1.5005 0.691315 0.00052039
1.52615 0.678189 0.00054565
1.5518 0.672385 0.000568154
1.57745 0.671085 0.000558306
1.6031 0.675854 0.000533698
1.62875 0.686206 0.000501834
1.6544 0.701923 0.000498223
1.68005 0.723463 0.000462273
1.7057 0.749883 0.000441828
1.73135 0.780444 0.000475755
1.757 0.815955 0.000487146
1.78265 0.854062 0.0004658
1.8083 0.894397 0.000476458
1.83395 0.935646 0.000511538
1.8596 0.977929 0.000505971
1.88525 1.01845 0.000459218
1.9109 1.05857 0.000503579
1.93655 1.09588 0.00052284
1.9622 1.13066 0.000423244
1.98785 1.16217 0.000461678
2.0135 1.18587 0.000413809
2.03915 1.20426 0.000454766
2.0648 1.21355 0.000367606
2.09045 1.21504 0.000452329
2.1161 1.20842 0.000448688
2.14174 1.19426 0.000435716
2.16739 1.17422 0.000447315
2.19304 1.15006 0.000473503
2.21869 1.12304 0.000443609
2.24434 1.09537 0.0003954
2.26999 1.06641 0.000441669
2.29564 1.03866 0.00041828
2.32129 1.01204 0.000419355
2.34694 0.987924 0.000377208
2.37259 0.966118 0.000366348
2.39824 0.946991 0.000384936
2.42389 0.931335 0.000347933
2.44954 0.918411 0.000363327
2.47519 0.908706 0.00036947
2.50084 0.894942 0.000340038
2.52649 0.885905 0.000378294
2.55214 0.885727 0.000373159
