1 -5.45124 -5.45124 0
2 -5.46403 -5.45764 0.006396
3 -5.46757 -5.46095 0.00495869
4 -5.47013 -5.46324 0.00419108
5 -5.4606 -5.46271 0.00328922
6 -5.46003 -5.46227 0.00272271
7 -5.46434 -5.46256 0.0023201
8 -5.46862 -5.46332 0.0021474
9 -5.46092 -5.46305 0.00191251
10 -5.46131 -5.46288 0.00171948
11 -5.47209 -5.46372 0.0017664
12 -5.46989 -5.46423 0.0016927
13 -5.46715 -5.46446 0.00157312
14 -5.45847 -5.46403 0.00151788
15 -5.4767 -5.46487 0.00164645
16 -5.47933 -5.46578 0.00178546
17 -5.4687 -5.46595 0.00168591
18 -5.47083 -5.46622 0.00161242
19 -5.46127 -5.46596 0.00154729
20 -5.47327 -5.46632 0.00151276
21 -5.46226 -5.46613 0.00145191
22 -5.46247 -5.46596 0.0013943
23 -5.44474 -5.46504 0.00162064
24 -5.4739 -5.46541 0.00159492
25 -5.46166 -5.46526 0.00153714
26 -5.46227 -5.46515 0.00148131
27 -5.44088 -5.46425 0.00168497
28 -5.45378 -5.46387 0.00166614
29 -5.48213 -5.4645 0.00172653
30 -5.46481 -5.46451 0.00166802
31 -5.47166 -5.46474 0.00162971
32 -5.45772 -5.46452 0.00159316
33 -5.46506 -5.46454 0.00154421
34 -5.46408 -5.46453 0.00149817
35 -5.47895 -5.46494 0.00151198
36 -5.44752 -5.46446 0.00154699
37 -5.4679 -5.46455 0.00150749
38 -5.4777 -5.46489 0.00150752
39 -5.44417 -5.46436 0.00156156
40 -5.4594 -5.46424 0.00152707
41 -5.46957 -5.46437 0.00149501
42 -5.45437 -5.46413 0.00147826
43 -5.46468 -5.46414 0.00144353
44 -5.4612 -5.46408 0.00141193
45 -5.46066 -5.464 0.00138229
46 -5.46366 -5.46399 0.00135192
47 -5.46462 -5.46401 0.00132291
48 -5.46657 -5.46406 0.00129616
49 -5.45541 -5.46388 0.00128164
50 -5.47026 -5.46401 0.00126221
51 -5.45567 -5.46385 0.00124798
52 -5.47115 -5.46399 0.00123178
53 -5.45559 -5.46383 0.00121865
54 -5.46125 -5.46378 0.00119682
55 -5.45524 -5.46363 0.00118508
56 -5.45551 -5.46348 0.00117271
57 -5.4749 -5.46368 0.00116923
58 -5.47947 -5.46395 0.00118071
59 -5.45897 -5.46387 0.0011636
60 -5.45597 -5.46374 0.00115159
61 -5.46353 -5.46373 0.00113256
62 -5.46567 -5.46377 0.00111458
63 -5.45521 -5.46363 0.00110512
64 -5.45595 -5.46351 0.00109432
65 -5.459 -5.46344 0.00107959
66 -5.45418 -5.4633 0.00107233
67 -5.47156 -5.46342 0.00106337
68 -5.47124 -5.46354 0.00105391
69 -5.46336 -5.46354 0.00103852
70 -5.46697 -5.46358 0.00102475
71 -5.46803 -5.46365 0.00101216
72 -5.46481 -5.46366 0.00099813
73 -5.4503 -5.46348 0.00100123
74 -5.46958 -5.46356 0.000991046
75 -5.4674 -5.46361 0.000979078
76 -5.45925 -5.46356 0.000967816
77 -5.46691 -5.4636 0.000956157
78 -5.47132 -5.4637 0.000948995
79 -5.46678 -5.46374 0.000937719
80 -5.46933 -5.46381 0.000928557
81 -5.45001 -5.46364 0.000932707
82 -5.47421 -5.46377 0.000930248
83 -5.45006 -5.4636 0.000933684
84 -5.44981 -5.46344 0.000937004
85 -5.47611 -5.46359 0.000937842
86 -5.47538 -5.46372 0.00093697
87 -5.476 -5.46386 0.000936829
88 -5.47241 -5.46396 0.000931202
89 -5.44893 -5.46379 0.000936038
90 -5.46859 -5.46385 0.000927114
91 -5.46504 -5.46386 0.000916963
92 -5.46837 -5.46391 0.000908263
93 -5.4773 -5.46405 0.000909901
94 -5.45632 -5.46397 0.00090392
95 -5.46433 -5.46397 0.000894363
96 -5.44991 -5.46383 0.000897034
97 -5.46728 -5.46386 0.00088845
98 -5.44736 -5.46369 0.000895325
99 -5.47087 -5.46377 0.000889197
100 -5.45808 -5.46371 0.000882097
