0 -0.773006 0.0029894
1 -0.773063 0.00283476
2 -0.77286 0.00289432
3 -0.772795 0.00293404
4 -0.773614 0.00299065
5 -0.773888 0.00290642
6 -0.773725 0.00293202
7 -0.774444 0.00302804
8 -0.77446 0.00306845
9 -0.77471 0.00321788
10 -0.775087 0.00331433
11 -0.775166 0.0032504
12 -0.775687 0.00312314
13 -0.7765 0.00308734
14 -0.777266 0.00294457
15 -0.777533 0.00298406
16 -0.778117 0.00289641
17 -0.777741 0.00283665
18 -0.777022 0.00281573
19 -0.776472 0.00295175
20 -0.777005 0.00295855
21 -0.776167 0.00293923
22 -0.77651 0.0029819
23 -0.77673 0.00302596
24 -0.776079 0.0030277
25 -0.776032 0.00302469
26 -0.776192 0.00294969
27 -0.776367 0.00282459
28 -0.775824 0.0030763
29 -0.775951 0.00295794
30 -0.775899 0.00292368
31 -0.776104 0.00287748
32 -0.776579 0.00300933
33 -0.776557 0.00322205
34 -0.776483 0.00330962
35 -0.775549 0.00334344
36 -0.775453 0.00334736
37 -0.77509 0.00328643
38 -0.775312 0.0032457
39 -0.77514 0.00332761
40 -0.775471 0.00316333
41 -0.77563 0.00306433
42 -0.776597 0.00314866
43 -0.7766 0.00328138
44 -0.776526 0.00328867
45 -0.776078 0.00325355
46 -0.776324 0.00324121
47 -0.776654 0.00317737
48 -0.776523 0.00311802
49 -0.776973 0.0032393
50 -0.776465 0.00328555
51 -0.776861 0.00329788
52 -0.777131 0.0033919
53 -0.777514 0.00345349
54 -0.776977 0.00340239
55 -0.776691 0.00354068
56 -0.776997 0.00340877
57 -0.776935 0.00329606
58 -0.777355 0.00331438
59 -0.778457 0.00319877
60 -0.77833 0.00317774
61 -0.778706 0.00320711
62 -0.779015 0.0032788
63 -0.777832 0.00337467
64 -0.777809 0.00345608
65 -0.778155 0.00331232
66 -0.778451 0.00317685
67 -0.777872 0.00318301
68 -0.777237 0.00309026
69 -0.777524 0.00310483
70 -0.777488 0.00313452
71 -0.777444 0.00310716
72 -0.777428 0.00321594
73 -0.777711 0.00335012
74 -0.777204 0.00330973
75 -0.77737 0.00326138
76 -0.778003 0.00342143
77 -0.777498 0.00327776
78 -0.777555 0.00316362
79 -0.777787 0.00313998
80 -0.778616 0.00311818
81 -0.779001 0.00320517
82 -0.778806 0.00313978
83 -0.778588 0.00294548
84 -0.778767 0.0029858
85 -0.77898 0.00301213
86 -0.778598 0.00304026
87 -0.778529 0.00284096
88 -0.778683 0.00287543
89 -0.779118 0.00291487
90 -0.779138 0.00293127
91 -0.77921 0.00296971
92 -0.778871 0.00287775
93 -0.778834 0.00283884
94 -0.779442 0.00269441
95 -0.77979 0.0026053
96 -0.780418 0.0026053
97 -0.780237 0.00263142
98 -0.780641 0.0025939
99 -0.780021 0.0027414
100 -0.780722 0.00279757
101 -0.780983 0.00270884
102 -0.780252 0.0027661
103 -0.780722 0.00279559
104 -0.779844 0.00281238
105 -0.779833 0.00285597
106 -0.779974 0.00293183
107 -0.78023 0.00299412
108 -0.779389 0.00292363
109 -0.779739 0.00290233
110 -0.780129 0.0029835
111 -0.780347 0.00290301
112 -0.780474 0.00288303
113 -0.780367 0.00281233
114 -0.78047 0.00276612
115 -0.780536 0.00279858
116 -0.780998 0.00274639
117 -0.781735 0.00265315
118 -0.781237 0.00276819
119 -0.781245 0.00264949
120 -0.781684 0.00265346
121 -0.781769 0.00252713
122 -0.78096 0.00250431
123 -0.78126 0.00267777
124 -0.781207 0.0026627
125 -0.780898 0.00268355
126 -0.780413 0.00276968
127 -0.78049 0.00278377
128 -0.780283 0.00268367
129 -0.780535 0.00278812
130 -0.780927 0.00282589
131 -0.78147 0.00284222
132 -0.781998 0.00282877
133 -0.781838 0.00282896
134 -0.781318 0.00294075
135 -0.781381 0.00289354
136 -0.781198 0.0028518
137 -0.781007 0.00286902
138 -0.780922 0.00285957
139 -0.78161 0.00290354
140 -0.781999 0.00288678
141 -0.78284 0.0029103
142 -0.782649 0.0028409
143 -0.783 0.00279976
144 -0.783305 0.00275777
145 -0.783613 0.00281164
146 -0.78373 0.00285869
147 -0.783738 0.00272756
148 -0.783654 0.0027213
149 -0.783538 0.00262298
150 -0.783529 0.00263989
151 -0.783294 0.00263673
152 -0.783025 0.00272263
153 -0.783045 0.00277124
154 -0.783176 0.0028863
155 -0.78324 0.00275384
156 -0.783116 0.00272486
157 -0.78361 0.002739
158 -0.783275 0.00274539
159 -0.783277 0.00264318
160 -0.783036 0.00267112
161 -0.783134 0.002633
162 -0.783732 0.00256898
163 -0.783994 0.00262108
164 -0.7845 0.00256491
165 -0.784706 0.00264027
166 -0.784709 0.00260285
167 -0.785178 0.00252095
168 -0.785118 0.0025692
169 -0.785072 0.00263603
170 -0.785505 0.00272077
171 -0.785721 0.00271518
172 -0.786108 0.00285324
173 -0.785997 0.00275866
174 -0.78601 0.00273599
175 -0.785642 0.00268251
176 -0.785607 0.00275824
177 -0.785162 0.00293509
178 -0.78442 0.003145
179 -0.783746 0.00316342
180 -0.783934 0.00301109
181 -0.784358 0.00274204
182 -0.784097 0.00277945
183 -0.783536 0.00283698
184 -0.783978 0.00283942
185 -0.783006 0.0029446
186 -0.782804 0.00286717
187 -0.783207 0.00271256
188 -0.782642 0.00273858
189 -0.78307 0.00266841
190 -0.782717 0.0027606
191 -0.783107 0.00278286
192 -0.782898 0.00269063
193 -0.782632 0.00278118
194 -0.783039 0.00278058
195 -0.783124 0.00278795
196 -0.783662 0.00278639
197 -0.783726 0.00277694
198 -0.783227 0.00252832
199 -0.783142 0.00247615
200 -0.783653 0.00239798
201 -0.784367 0.00232234
202 -0.784537 0.00229843
203 -0.784617 0.00233933
204 -0.784088 0.00221459
205 -0.783826 0.00220127
206 -0.783347 0.00222413
207 -0.783647 0.00219541
208 -0.783067 0.00222776
209 -0.782648 0.00232124
210 -0.782358 0.00234294
211 -0.782694 0.00245045
212 -0.782317 0.00244402
213 -0.783005 0.0025007
214 -0.783383 0.00249966
215 -0.783801 0.00252982
216 -0.784617 0.00246473
217 -0.784268 0.00265247
218 -0.784616 0.00266054
219 -0.784257 0.00268807
220 -0.784077 0.00264136
221 -0.784055 0.00282672
222 -0.78467 0.00284669
223 -0.784682 0.0028667
224 -0.784872 0.00282797
225 -0.78443 0.00295018
226 -0.783921 0.00278877
227 -0.783455 0.00274857
228 -0.783252 0.00282858
229 -0.782972 0.00271125
230 -0.783257 0.00263155
231 -0.783198 0.00254302
232 -0.783195 0.00254176
233 -0.783166 0.00232459
234 -0.78299 0.0022867
235 -0.783117 0.00239797
236 -0.783577 0.00231489
237 -0.783303 0.00234494
238 -0.783997 0.00216474
239 -0.784055 0.00222382
240 -0.78396 0.00218715
241 -0.783774 0.00213103
242 -0.783639 0.00209236
243 -0.782975 0.00204475
244 -0.783161 0.00207617
245 -0.783532 0.00212614
246 -0.783081 0.00221774
247 -0.783062 0.00217632
248 -0.782925 0.00203707
249 -0.78372 0.00204107
250 -0.783535 0.00179324
251 -0.782931 0.00195854
252 -0.782177 0.00210838
253 -0.781858 0.00221575
254 -0.782188 0.00228727
255 -0.782209 0.0022251
256 -0.781934 0.00219873
257 -0.78212 0.00216035
258 -0.78236 0.00221122
259 -0.782538 0.00203547
260 -0.782344 0.00213245
261 -0.782195 0.0020469
262 -0.782464 0.00201739
263 -0.782397 0.00197
264 -0.782223 0.001991
265 -0.782638 0.00208376
266 -0.782655 0.0019489
267 -0.783122 0.0020296
268 -0.783163 0.00210335
269 -0.783223 0.00210112
270 -0.783485 0.00213769
271 -0.783736 0.00219344
272 -0.783394 0.00216432
273 -0.783295 0.00230464
274 -0.783169 0.00211922
275 -0.782164 0.00224836
276 -0.781797 0.00210127
277 -0.781746 0.00211735
278 -0.781767 0.0021927
279 -0.782011 0.00207713
280 -0.782334 0.00194865
281 -0.781951 0.00195377
282 -0.781287 0.002027
283 -0.781329 0.00201056
284 -0.781056 0.00199652
285 -0.78128 0.00214738
286 -0.780387 0.00216224
287 -0.780522 0.0022917
288 -0.779676 0.00231093
289 -0.779677 0.00230817
290 -0.779686 0.00234408
291 -0.77959 0.00234241
292 -0.780144 0.00229259
293 -0.780271 0.00240451
294 -0.780185 0.00246332
295 -0.780246 0.0024552
296 -0.779931 0.002786
297 -0.779559 0.00281241
298 -0.780079 0.00271561
299 -0.77938 0.00273344
