0.0323165 0 0
0.0969496 0 0
0.161583 0 0
0.226216 0 0
0.290849 0 0
0.355482 0 0
0.420115 0 0
0.484748 0 0
0.549381 0 0
0.614014 0 0
0.678647 0 0
0.74328 0 0
0.807913 0 0
0.872546 0.000947116 3.5499e-05
0.937179 0.147445 0.000449945
1.00181 1.06346 0.00138491
1.06645 2.04365 0.00247411
1.13108 2.27056 0.00284777
1.19571 2.08898 0.0020897
1.26034 1.82898 0.00186144
1.32498 1.61805 0.00146539
1.38961 1.45632 0.00131429
1.45424 1.33481 0.00123509
1.51888 1.24934 0.00113873
1.58351 1.18867 0.00101008
1.64814 1.14455 0.000900483
1.71278 1.11171 0.000927968
1.77741 1.09066 0.000919491
1.84204 1.07502 0.000927378
1.90667 1.06553 0.000792315
1.97131 1.06007 0.000745898
2.03594 1.05776 0.000651486
2.10057 1.05545 0.000676649
2.16521 1.05312 0.000620688
2.22984 1.04856 0.000649582
2.29447 1.04355 0.000628211
2.35911 1.03695 0.000554172
2.42374 1.03248 0.000566905
2.48837 1.0267 0.000547249
2.55301 1.02087 0.000590029
2.61764 1.01758 0.000511584
2.68227 1.0134 0.000529403
2.7469 1.00979 0.000474543
2.81154 1.00739 0.000422196
2.87617 1.00511 0.000407874
2.9408 1.00276 0.000445428
3.00544 1.00181 0.000458013
3.07007 1.00061 0.000404917
3.1347 0.998568 0.000399911
3.19934 0.997754 0.000370217
3.26397 0.997414 0.000421006
3.3286 0.995536 0.000322474
3.39323 0.995093 0.000355387
3.45787 0.993821 0.000402336
3.5225 0.993074 0.000360035
3.58713 0.992653 0.000355096
3.65177 0.991384 0.00038916
3.7164 0.991901 0.000355327
3.78103 0.990759 0.000347401
3.84567 0.990156 0.000337951
3.9103 0.99001 0.000296438
3.97493 0.988889 0.000333018
4.03957 0.988903 0.000348047
4.1042 0.989222 0.000324929
4.16883 0.989204 0.000314409
4.23346 0.988683 0.000281235
4.2981 0.988268 0.000281909
4.36273 0.987918 0.000329847
4.42736 0.988002 0.000353723
4.492 0.987738 0.000296304
4.55663 0.987136 0.000276056
4.62126 0.987658 0.000282416
4.6859 0.987262 0.000269204
4.75053 0.986884 0.000289437
4.81516 0.987197 0.000294601
4.87979 0.986687 0.000270574
4.94443 0.98691 0.000276922
5.00906 0.986608 0.000259815
5.07369 0.986625 0.000253719
5.13833 0.986602 0.000266299
5.20296 0.986445 0.000273884
5.26759 0.986427 0.000238036
5.33223 0.986265 0.000231418
5.39686 0.985783 0.000265867
5.46149 0.986119 0.00024073
5.52612 0.985608 0.000213526
5.59076 0.986118 0.000227437
5.65539 0.985781 0.000226473
5.72002 0.98585 0.00023179
5.78466 0.98611 0.000219912
5.84929 0.986147 0.000192298
5.91392 0.985827 0.000232344
5.97856 0.985903 0.00022068
6.04319 0.985554 0.000217231
6.10782 0.985988 0.000210328
6.17246 0.986008 0.000185437
6.23709 0.986122 0.000206401
6.30172 0.98583 0.000198098
6.36635 0.986163 0.00020883
6.43099 0.985702 0.000189064
