1 0.0489009 0.0489009 0
2 0.0488093 0.0488551 4.57945e-05
3 0.0491533 0.0489545 0.000102829
4 0.0488477 0.0489278 7.74602e-05
5 0.0491463 0.0489715 7.42214e-05
6 0.0490286 0.048981 6.13434e-05
7 0.0489648 0.0489787 5.18966e-05
8 0.0491018 0.0489941 4.75043e-05
9 0.0489365 0.0489877 4.23796e-05
10 0.0493038 0.0490193 4.93554e-05
11 0.0489837 0.0490161 4.47606e-05
12 0.0489551 0.049011 4.11752e-05
13 0.0489758 0.0490083 3.7972e-05
14 0.0490017 0.0490078 3.51585e-05
15 0.048903 0.0490008 3.34682e-05
16 0.0490616 0.0490046 3.15366e-05
17 0.0492226 0.0490174 3.22801e-05
18 0.0489784 0.0490153 3.05113e-05
19 0.049065 0.0490179 2.89791e-05
20 0.0489005 0.049012 2.81117e-05
21 0.0492394 0.0490228 2.8848e-05
22 0.0489634 0.0490201 2.7638e-05
23 0.0489592 0.0490175 2.65414e-05
24 0.0491213 0.0490218 2.57767e-05
25 0.048857 0.0490152 2.55875e-05
26 0.0492144 0.0490229 2.57493e-05
27 0.0493402 0.0490346 2.74235e-05
28 0.0489011 0.0490299 2.68527e-05
29 0.0487686 0.0490209 2.74319e-05
30 0.0487013 0.0490102 2.85617e-05
31 0.0490781 0.0490124 2.77117e-05
32 0.0489031 0.049009 2.70483e-05
33 0.0489781 0.049008 2.62325e-05
34 0.0490133 0.0490082 2.54497e-05
35 0.0490847 0.0490104 2.48083e-05
36 0.0488441 0.0490058 2.45479e-05
37 0.0489287 0.0490037 2.39658e-05
38 0.0491977 0.0490088 2.38786e-05
39 0.0490751 0.0490105 2.33203e-05
40 0.0488869 0.0490074 2.2939e-05
41 0.0486292 0.0489982 2.41999e-05
42 0.0490989 0.0490006 2.37382e-05
43 0.0488503 0.0489971 2.34414e-05
44 0.0492379 0.0490026 2.35471e-05
45 0.0488199 0.0489985 2.33731e-05
46 0.0491879 0.0490026 2.32271e-05
47 0.0490681 0.049004 2.27701e-05
48 0.0493376 0.049011 2.33488e-05
49 0.0487956 0.0490066 2.32859e-05
50 0.0491296 0.049009 2.29478e-05
51 0.0489079 0.049007 2.25806e-05
52 0.0490232 0.0490073 2.21443e-05
53 0.0490478 0.0490081 2.17359e-05
54 0.0488775 0.0490057 2.14662e-05
55 0.0489098 0.0490039 2.11442e-05
56 0.0489905 0.0490037 2.07646e-05
57 0.0487513 0.0489993 2.08724e-05
58 0.0490631 0.0490004 2.05388e-05
59 0.0489806 0.049 2.01904e-05
60 0.0493761 0.0490063 2.08168e-05
61 0.0488738 0.0490041 2.05876e-05
62 0.0490194 0.0490044 2.02544e-05
63 0.0491625 0.0490069 2.00876e-05
64 0.0489497 0.049006 1.97914e-05
65 0.0490134 0.0490061 1.94849e-05
66 0.0490148 0.0490062 1.91878e-05
67 0.0487108 0.0490018 1.94069e-05
68 0.049056 0.0490026 1.91359e-05
69 0.0490888 0.0490039 1.88979e-05
70 0.0488388 0.0490015 1.87746e-05
71 0.0489067 0.0490002 1.85564e-05
72 0.0489121 0.048999 1.83377e-05
73 0.049026 0.0489993 1.80886e-05
74 0.0489774 0.048999 1.78449e-05
75 0.0489446 0.0489983 1.76203e-05
76 0.0489916 0.0489982 1.73872e-05
77 0.0490859 0.0489994 1.71976e-05
78 0.0490154 0.0489996 1.69769e-05
79 0.0489744 0.0489993 1.67637e-05
80 0.0490502 0.0489999 1.6565e-05
81 0.0491265 0.0490015 1.64338e-05
82 0.0492089 0.049004 1.64281e-05
83 0.0489887 0.0490038 1.623e-05
84 0.0490059 0.0490038 1.60357e-05
85 0.0491368 0.0490054 1.59229e-05
86 0.0491959 0.0490076 1.58918e-05
87 0.049196 0.0490098 1.58566e-05
88 0.0489335 0.0490089 1.56993e-05
89 0.0490825 0.0490097 1.55439e-05
90 0.0490402 0.0490101 1.5374e-05
91 0.0492833 0.0490131 1.54977e-05
92 0.0487685 0.0490104 1.55572e-05
93 0.0486207 0.0490062 1.59493e-05
94 0.0488752 0.0490048 1.58401e-05
95 0.0494505 0.0490095 1.63597e-05
96 0.0489555 0.049009 1.61981e-05
97 0.0489456 0.0490083 1.60436e-05
98 0.048924 0.0490074 1.59023e-05
99 0.0489208 0.0490066 1.57652e-05
100 0.0489712 0.0490062 1.56108e-05
