1 -0.413511 -0.413511 0
2 -0.415064 -0.414287 0.000776167
3 -0.413959 -0.414178 0.000461303
4 -0.417947 -0.41512 0.000997031
5 -0.413633 -0.414823 0.000827596
6 -0.416178 -0.415048 0.00071247
7 -0.415558 -0.415121 0.000606531
8 -0.415512 -0.41517 0.000527538
9 -0.412299 -0.414851 0.00056411
10 -0.416141 -0.41498 0.000520785
11 -0.414402 -0.414928 0.000473986
12 -0.412959 -0.414764 0.000462739
13 -0.414141 -0.414716 0.000428346
14 -0.41555 -0.414775 0.000401026
15 -0.415548 -0.414827 0.000376872
16 -0.411088 -0.414593 0.000422928
17 -0.415259 -0.414632 0.000399201
18 -0.412108 -0.414492 0.000401654
19 -0.417939 -0.414673 0.000421012
20 -0.412851 -0.414582 0.000409665
21 -0.416279 -0.414663 0.000397952
22 -0.417469 -0.414791 0.0004003
23 -0.414666 -0.414785 0.000382538
24 -0.415089 -0.414798 0.000366471
25 -0.416034 -0.414847 0.000354967
26 -0.411339 -0.414712 0.000366771
27 -0.411952 -0.41461 0.000367432
28 -0.420221 -0.414811 0.000406835
29 -0.414806 -0.41481 0.000392556
30 -0.412921 -0.414747 0.000384436
31 -0.415189 -0.414762 0.000372102
32 -0.413856 -0.414733 0.000361397
33 -0.414486 -0.414726 0.000350354
34 -0.414669 -0.414724 0.000339898
35 -0.414009 -0.414704 0.000330676
36 -0.415959 -0.414739 0.000323244
37 -0.414179 -0.414724 0.00031475
38 -0.414955 -0.41473 0.000306416
39 -0.414674 -0.414728 0.000298459
40 -0.414811 -0.41473 0.000290909
41 -0.415808 -0.414757 0.00028494
42 -0.41279 -0.41471 0.000281989
43 -0.414036 -0.414694 0.000275798
44 -0.414258 -0.414684 0.00026964
45 -0.41301 -0.414647 0.000266193
46 -0.413605 -0.414624 0.000261325
47 -0.415257 -0.414638 0.000256058
48 -0.412445 -0.414592 0.000254794
49 -0.415625 -0.414613 0.00025043
50 -0.41305 -0.414582 0.000247354
51 -0.415339 -0.414597 0.000242909
52 -0.413448 -0.414575 0.000239214
53 -0.415047 -0.414584 0.000234827
54 -0.417291 -0.414634 0.000235827
55 -0.415425 -0.414648 0.000231947
56 -0.413078 -0.41462 0.000229487
57 -0.414703 -0.414621 0.000225429
58 -0.413047 -0.414594 0.000223166
59 -0.415982 -0.414618 0.000220608
60 -0.416356 -0.414647 0.000218827
61 -0.41556 -0.414662 0.000215729
62 -0.414996 -0.414667 0.00021229
63 -0.416085 -0.41469 0.000210102
64 -0.411611 -0.414642 0.000212313
65 -0.413366 -0.414622 0.00020994
66 -0.417392 -0.414664 0.000210952
67 -0.415612 -0.414678 0.000208261
68 -0.415702 -0.414693 0.000205727
69 -0.416356 -0.414717 0.00020415
70 -0.414168 -0.414709 0.000201366
71 -0.415129 -0.414715 0.000198597
72 -0.41375 -0.414702 0.000196278
73 -0.411991 -0.414665 0.0001971
74 -0.416927 -0.414695 0.000196807
75 -0.414147 -0.414688 0.000194303
76 -0.416655 -0.414714 0.000193469
77 -0.412502 -0.414685 0.000193088
78 -0.412635 -0.414659 0.0001924
79 -0.415888 -0.414674 0.000190585
80 -0.412463 -0.414647 0.000190207
81 -0.409531 -0.414584 0.000198177
82 -0.413653 -0.414572 0.000196074
83 -0.414531 -0.414572 0.000193698
84 -0.414885 -0.414576 0.000191414
85 -0.412604 -0.414552 0.000190566
86 -0.410457 -0.414505 0.000194263
87 -0.412597 -0.414483 0.000193265
88 -0.414372 -0.414482 0.00019106
89 -0.413143 -0.414466 0.000189499
90 -0.415737 -0.414481 0.000187912
91 -0.411787 -0.414451 0.000188179
92 -0.415154 -0.414459 0.000186279
93 -0.417839 -0.414495 0.000187816
94 -0.41438 -0.414494 0.000185812
95 -0.412682 -0.414475 0.000184832
96 -0.414016 -0.41447 0.000182958
97 -0.41359 -0.414461 0.00018129
98 -0.413925 -0.414455 0.000179514
99 -0.416344 -0.414474 0.000178712
100 -0.415687 -0.414487 0.000177331
